L -4415.23, -1944.03, 0.0000, -4324.70, -1890.48, 0.0000, 95, 78, 50
L -4324.70, -1890.48, 0.0000, -4234.18, -1944.03, 0.0000, 95, 78, 50
L -4234.18, -1944.03, 0.0000, -4143.65, -1900.40, 0.0000, 95, 78, 50
L -4143.65, -1900.40, 0.0000, -4053.13, -1944.03, 0.0000, 95, 78, 50
L -4053.13, -1944.03, 0.0000, -3962.60, -1918.00, 0.0000, 95, 78, 50
L -3962.60, -1918.00, 0.0000, -3872.08, -1944.03, 0.0000, 95, 78, 50
L -3872.08, -1944.03, 0.0000, -3781.55, -1919.47, 0.0000, 95, 78, 50
L -3781.55, -1919.47, 0.0000, -3691.03, -1944.03, 0.0000, 95, 78, 50
L -3691.03, -1944.03, 0.0000, -3600.50, -1909.85, 0.0000, 95, 78, 50
L -3600.50, -1909.85, 0.0000, -3509.98, -1944.03, 0.0000, 95, 78, 50
L -3509.98, -1944.03, 0.0000, -3419.45, -1908.47, 0.0000, 95, 78, 50
L -3419.45, -1908.47, 0.0000, -3328.93, -1944.03, 0.0000, 95, 78, 50
L -3328.93, -1944.03, 0.0000, -3238.40, -1895.56, 0.0000, 95, 78, 50
L -3238.40, -1895.56, 0.0000, -3147.88, -1944.03, 0.0000, 95, 78, 50
L -3147.88, -1944.03, 0.0000, -3057.35, -1918.51, 0.0000, 95, 78, 50
L -3057.35, -1918.51, 0.0000, -2966.83, -1944.03, 0.0000, 95, 78, 50
L -2966.83, -1944.03, 0.0000, -2876.30, -1917.26, 0.0000, 95, 78, 50
L -2876.30, -1917.26, 0.0000, -2785.78, -1944.03, 0.0000, 95, 78, 50
L -2785.78, -1944.03, 0.0000, -2695.25, -1892.80, 0.0000, 95, 78, 50
L -2695.25, -1892.80, 0.0000, -2604.73, -1944.03, 0.0000, 95, 78, 50
L -2604.73, -1944.03, 0.0000, -2514.20, -1923.15, 0.0000, 95, 78, 50
L -2514.20, -1923.15, 0.0000, -2423.68, -1944.03, 0.0000, 95, 78, 50
L -2423.68, -1944.03, 0.0000, -2333.15, -1889.35, 0.0000, 95, 78, 50
L -2333.15, -1889.35, 0.0000, -2242.63, -1944.03, 0.0000, 95, 78, 50
L -2242.63, -1944.03, 0.0000, -2152.10, -1903.65, 0.0000, 95, 78, 50
L -2152.10, -1903.65, 0.0000, -2061.58, -1944.03, 0.0000, 95, 78, 50
L -2061.58, -1944.03, 0.0000, -1971.05, -1902.09, 0.0000, 95, 78, 50
L -1971.05, -1902.09, 0.0000, -1880.53, -1944.03, 0.0000, 95, 78, 50
L -1880.53, -1944.03, 0.0000, -1790.00, -1900.92, 0.0000, 95, 78, 50
L -1790.00, -1900.92, 0.0000, -1699.48, -1944.03, 0.0000, 95, 78, 50
L -1699.48, -1944.03, 0.0000, -1608.95, -1902.52, 0.0000, 95, 78, 50
L -1608.95, -1902.52, 0.0000, -1518.43, -1944.03, 0.0000, 95, 78, 50
L -1518.43, -1944.03, 0.0000, -1427.90, -1905.14, 0.0000, 95, 78, 50
L -1427.90, -1905.14, 0.0000, -1337.38, -1944.03, 0.0000, 95, 78, 50
L -1337.38, -1944.03, 0.0000, -1246.85, -1925.05, 0.0000, 95, 78, 50
L -1246.85, -1925.05, 0.0000, -1156.33, -1944.03, 0.0000, 95, 78, 50
L -1156.33, -1944.03, 0.0000, -1065.80, -1908.72, 0.0000, 95, 78, 50
L -1065.80, -1908.72, 0.0000, -975.28, -1944.03, 0.0000, 95, 78, 50
L -975.28, -1944.03, 0.0000, -884.75, -1891.11, 0.0000, 95, 78, 50
L -884.75, -1891.11, 0.0000, -794.23, -1944.03, 0.0000, 95, 78, 50
L -794.23, -1944.03, 0.0000, -703.70, -1899.47, 0.0000, 95, 78, 50
L -703.70, -1899.47, 0.0000, -613.18, -1944.03, 0.0000, 95, 78, 50
L -613.18, -1944.03, 0.0000, -522.65, -1916.53, 0.0000, 95, 78, 50
L -522.65, -1916.53, 0.0000, -432.13, -1944.03, 0.0000, 95, 78, 50
L -432.13, -1944.03, 0.0000, -341.60, -1893.72, 0.0000, 95, 78, 50
L -341.60, -1893.72, 0.0000, -251.08, -1944.03, 0.0000, 95, 78, 50
L -251.08, -1944.03, 0.0000, -160.55, -1898.11, 0.0000, 95, 78, 50
L -160.55, -1898.11, 0.0000, -70.03, -1944.03, 0.0000, 95, 78, 50
L -70.03, -1944.03, 0.0000, 20.50, -1900.96, 0.0000, 95, 78, 50
L 20.50, -1900.96, 0.0000, 111.02, -1944.03, 0.0000, 95, 78, 50
L 111.02, -1944.03, 0.0000, 201.55, -1890.96, 0.0000, 95, 78, 50
L 201.55, -1890.96, 0.0000, 292.07, -1944.03, 0.0000, 95, 78, 50
L 292.07, -1944.03, 0.0000, 382.60, -1908.14, 0.0000, 95, 78, 50
L 382.60, -1908.14, 0.0000, 473.12, -1944.03, 0.0000, 95, 78, 50
L 473.12, -1944.03, 0.0000, 563.65, -1921.75, 0.0000, 95, 78, 50
L 563.65, -1921.75, 0.0000, 654.17, -1944.03, 0.0000, 95, 78, 50
L 654.17, -1944.03, 0.0000, 744.70, -1907.90, 0.0000, 95, 78, 50
L 744.70, -1907.90, 0.0000, 835.22, -1944.03, 0.0000, 95, 78, 50
L 835.22, -1944.03, 0.0000, 925.75, -1892.76, 0.0000, 95, 78, 50
L 925.75, -1892.76, 0.0000, 1016.27, -1944.03, 0.0000, 95, 78, 50
L 1016.27, -1944.03, 0.0000, 1106.80, -1900.53, 0.0000, 95, 78, 50
L 1106.80, -1900.53, 0.0000, 1197.32, -1944.03, 0.0000, 95, 78, 50
L 1197.32, -1944.03, 0.0000, 1287.85, -1918.14, 0.0000, 95, 78, 50
L 1287.85, -1918.14, 0.0000, 1378.37, -1944.03, 0.0000, 95, 78, 50
L 1378.37, -1944.03, 0.0000, 1468.90, -1914.32, 0.0000, 95, 78, 50
L 1468.90, -1914.32, 0.0000, 1559.42, -1944.03, 0.0000, 95, 78, 50
L 1559.42, -1944.03, 0.0000, 1649.95, -1911.23, 0.0000, 95, 78, 50
L 1649.95, -1911.23, 0.0000, 1740.47, -1944.03, 0.0000, 95, 78, 50
L 1740.47, -1944.03, 0.0000, 1831.00, -1895.41, 0.0000, 95, 78, 50
L 1831.00, -1944.03, 0.0000, 1780.18, -1852.09, 0.0000, 95, 78, 50
L 1780.18, -1852.09, 0.0000, 1831.00, -1760.14, 0.0000, 95, 78, 50
L 1831.00, -1760.14, 0.0000, 1799.24, -1668.20, 0.0000, 95, 78, 50
L 1799.24, -1668.20, 0.0000, 1831.00, -1576.26, 0.0000, 95, 78, 50
L 1831.00, -1576.26, 0.0000, 1788.97, -1484.31, 0.0000, 95, 78, 50
L 1788.97, -1484.31, 0.0000, 1831.00, -1392.37, 0.0000, 95, 78, 50
L 1831.00, -1392.37, 0.0000, 1806.73, -1300.43, 0.0000, 95, 78, 50
L 1806.73, -1300.43, 0.0000, 1831.00, -1208.48, 0.0000, 95, 78, 50
L 1831.00, -1208.48, 0.0000, 1802.95, -1116.54, 0.0000, 95, 78, 50
L 1802.95, -1116.54, 0.0000, 1831.00, -1024.59, 0.0000, 95, 78, 50
L 1831.00, -1024.59, 0.0000, 1785.07, -932.65, 0.0000, 95, 78, 50
L 1785.07, -932.65, 0.0000, 1831.00, -840.71, 0.0000, 95, 78, 50
L 1831.00, -840.71, 0.0000, 1807.95, -748.76, 0.0000, 95, 78, 50
L 1807.95, -748.76, 0.0000, 1831.00, -656.82, 0.0000, 95, 78, 50
L 1831.00, -656.82, 0.0000, 1805.58, -564.88, 0.0000, 95, 78, 50
L 1805.58, -564.88, 0.0000, 1831.00, -472.93, 0.0000, 95, 78, 50
L 1831.00, -472.93, 0.0000, 1797.33, -380.99, 0.0000, 95, 78, 50
L 1797.33, -380.99, 0.0000, 1831.00, -289.05, 0.0000, 95, 78, 50
L 1831.00, -289.05, 0.0000, 1791.84, -197.10, 0.0000, 95, 78, 50
L 1791.84, -197.10, 0.0000, 1831.00, -105.16, 0.0000, 95, 78, 50
L 1831.00, -105.16, 0.0000, 1810.84, -13.21, 0.0000, 95, 78, 50
L 1810.84, -13.21, 0.0000, 1831.00, 78.73, 0.0000, 95, 78, 50
L 1831.00, 78.73, 0.0000, 1810.40, 170.67, 0.0000, 95, 78, 50
L 1810.40, 170.67, 0.0000, 1831.00, 262.62, 0.0000, 95, 78, 50
L 1831.00, 262.62, 0.0000, 1800.63, 354.56, 0.0000, 95, 78, 50
L 1800.63, 354.56, 0.0000, 1831.00, 446.50, 0.0000, 95, 78, 50
L 1831.00, 446.50, 0.0000, 1795.06, 538.45, 0.0000, 95, 78, 50
L 1795.06, 538.45, 0.0000, 1831.00, 630.39, 0.0000, 95, 78, 50
L 1831.00, 630.39, 0.0000, 1776.77, 722.33, 0.0000, 95, 78, 50
L 1776.77, 722.33, 0.0000, 1831.00, 814.28, 0.0000, 95, 78, 50
L 1831.00, 814.28, 0.0000, 1813.85, 906.22, 0.0000, 95, 78, 50
L 1813.85, 906.22, 0.0000, 1831.00, 998.17, 0.0000, 95, 78, 50
L 1831.00, 998.17, 0.0000, 1799.63, 1090.11, 0.0000, 95, 78, 50
L 1799.63, 1090.11, 0.0000, 1831.00, 1182.05, 0.0000, 95, 78, 50
L 1831.00, 1182.05, 0.0000, 1785.87, 1274.00, 0.0000, 95, 78, 50
L 1785.87, 1274.00, 0.0000, 1831.00, 1365.94, 0.0000, 95, 78, 50
L 1831.00, 1365.94, 0.0000, 1740.47, 1349.33, 0.0000, 95, 78, 50
L 1740.47, 1349.33, 0.0000, 1649.95, 1365.94, 0.0000, 95, 78, 50
L 1649.95, 1365.94, 0.0000, 1559.42, 1341.35, 0.0000, 95, 78, 50
L 1559.42, 1341.35, 0.0000, 1468.90, 1365.94, 0.0000, 95, 78, 50
L 1468.90, 1365.94, 0.0000, 1378.37, 1348.16, 0.0000, 95, 78, 50
L 1378.37, 1348.16, 0.0000, 1287.85, 1365.94, 0.0000, 95, 78, 50
L 1287.85, 1365.94, 0.0000, 1197.32, 1320.20, 0.0000, 95, 78, 50
L 1197.32, 1320.20, 0.0000, 1106.80, 1365.94, 0.0000, 95, 78, 50
L 1106.80, 1365.94, 0.0000, 1016.27, 1327.11, 0.0000, 95, 78, 50
L 1016.27, 1327.11, 0.0000, 925.75, 1365.94, 0.0000, 95, 78, 50
L 925.75, 1365.94, 0.0000, 835.22, 1312.10, 0.0000, 95, 78, 50
L 835.22, 1312.10, 0.0000, 744.70, 1365.94, 0.0000, 95, 78, 50
L 744.70, 1365.94, 0.0000, 654.17, 1346.23, 0.0000, 95, 78, 50
L 654.17, 1346.23, 0.0000, 563.65, 1365.94, 0.0000, 95, 78, 50
L 563.65, 1365.94, 0.0000, 473.12, 1330.30, 0.0000, 95, 78, 50
L 473.12, 1330.30, 0.0000, 382.60, 1365.94, 0.0000, 95, 78, 50
L 382.60, 1365.94, 0.0000, 292.07, 1343.49, 0.0000, 95, 78, 50
L 292.07, 1343.49, 0.0000, 201.55, 1365.94, 0.0000, 95, 78, 50
L 201.55, 1365.94, 0.0000, 111.02, 1327.08, 0.0000, 95, 78, 50
L 111.02, 1327.08, 0.0000, 20.50, 1365.94, 0.0000, 95, 78, 50
L 20.50, 1365.94, 0.0000, -70.03, 1344.57, 0.0000, 95, 78, 50
L -70.03, 1344.57, 0.0000, -160.55, 1365.94, 0.0000, 95, 78, 50
L -160.55, 1365.94, 0.0000, -251.08, 1321.51, 0.0000, 95, 78, 50
L -251.08, 1321.51, 0.0000, -341.60, 1365.94, 0.0000, 95, 78, 50
L -341.60, 1365.94, 0.0000, -432.13, 1331.29, 0.0000, 95, 78, 50
L -432.13, 1331.29, 0.0000, -522.65, 1365.94, 0.0000, 95, 78, 50
L -522.65, 1365.94, 0.0000, -613.18, 1335.55, 0.0000, 95, 78, 50
L -613.18, 1335.55, 0.0000, -703.70, 1365.94, 0.0000, 95, 78, 50
L -703.70, 1365.94, 0.0000, -794.23, 1341.84, 0.0000, 95, 78, 50
L -794.23, 1341.84, 0.0000, -884.75, 1365.94, 0.0000, 95, 78, 50
L -884.75, 1365.94, 0.0000, -975.28, 1345.27, 0.0000, 95, 78, 50
L -975.28, 1345.27, 0.0000, -1065.80, 1365.94, 0.0000, 95, 78, 50
L -1065.80, 1365.94, 0.0000, -1156.33, 1322.17, 0.0000, 95, 78, 50
L -1156.33, 1322.17, 0.0000, -1246.85, 1365.94, 0.0000, 95, 78, 50
L -1246.85, 1365.94, 0.0000, -1337.38, 1348.57, 0.0000, 95, 78, 50
L -1337.38, 1348.57, 0.0000, -1427.90, 1365.94, 0.0000, 95, 78, 50
L -1427.90, 1365.94, 0.0000, -1518.43, 1332.79, 0.0000, 95, 78, 50
L -1518.43, 1332.79, 0.0000, -1608.95, 1365.94, 0.0000, 95, 78, 50
L -1608.95, 1365.94, 0.0000, -1699.48, 1312.18, 0.0000, 95, 78, 50
L -1699.48, 1312.18, 0.0000, -1790.00, 1365.94, 0.0000, 95, 78, 50
L -1790.00, 1365.94, 0.0000, -1880.53, 1330.09, 0.0000, 95, 78, 50
L -1880.53, 1330.09, 0.0000, -1971.05, 1365.94, 0.0000, 95, 78, 50
L -1971.05, 1365.94, 0.0000, -2061.58, 1341.71, 0.0000, 95, 78, 50
L -2061.58, 1341.71, 0.0000, -2152.10, 1365.94, 0.0000, 95, 78, 50
L -2152.10, 1365.94, 0.0000, -2242.63, 1329.20, 0.0000, 95, 78, 50
L -2242.63, 1329.20, 0.0000, -2333.15, 1365.94, 0.0000, 95, 78, 50
L -2333.15, 1365.94, 0.0000, -2423.68, 1324.52, 0.0000, 95, 78, 50
L -2423.68, 1324.52, 0.0000, -2514.20, 1365.94, 0.0000, 95, 78, 50
L -2514.20, 1365.94, 0.0000, -2604.73, 1325.83, 0.0000, 95, 78, 50
L -2604.73, 1325.83, 0.0000, -2695.25, 1365.94, 0.0000, 95, 78, 50
L -2695.25, 1365.94, 0.0000, -2785.78, 1320.82, 0.0000, 95, 78, 50
L -2785.78, 1320.82, 0.0000, -2876.30, 1365.94, 0.0000, 95, 78, 50
L -2876.30, 1365.94, 0.0000, -2966.83, 1311.64, 0.0000, 95, 78, 50
L -2966.83, 1311.64, 0.0000, -3057.35, 1365.94, 0.0000, 95, 78, 50
L -3057.35, 1365.94, 0.0000, -3147.88, 1338.03, 0.0000, 95, 78, 50
L -3147.88, 1338.03, 0.0000, -3238.40, 1365.94, 0.0000, 95, 78, 50
L -3238.40, 1365.94, 0.0000, -3328.93, 1311.83, 0.0000, 95, 78, 50
L -3328.93, 1311.83, 0.0000, -3419.45, 1365.94, 0.0000, 95, 78, 50
L -3419.45, 1365.94, 0.0000, -3509.98, 1313.19, 0.0000, 95, 78, 50
L -3509.98, 1313.19, 0.0000, -3600.50, 1365.94, 0.0000, 95, 78, 50
L -3600.50, 1365.94, 0.0000, -3691.03, 1329.56, 0.0000, 95, 78, 50
L -3691.03, 1329.56, 0.0000, -3781.55, 1365.94, 0.0000, 95, 78, 50
L -3781.55, 1365.94, 0.0000, -3872.08, 1312.59, 0.0000, 95, 78, 50
L -3872.08, 1312.59, 0.0000, -3962.60, 1365.94, 0.0000, 95, 78, 50
L -3962.60, 1365.94, 0.0000, -4053.13, 1338.05, 0.0000, 95, 78, 50
L -4053.13, 1338.05, 0.0000, -4143.65, 1365.94, 0.0000, 95, 78, 50
L -4143.65, 1365.94, 0.0000, -4234.18, 1341.90, 0.0000, 95, 78, 50
L -4234.18, 1341.90, 0.0000, -4324.70, 1365.94, 0.0000, 95, 78, 50
L -4324.70, 1365.94, 0.0000, -4415.23, 1312.53, 0.0000, 95, 78, 50
L -4415.23, 1365.94, 0.0000, -4366.12, 1274.00, 0.0000, 95, 78, 50
L -4366.12, 1274.00, 0.0000, -4415.23, 1182.05, 0.0000, 95, 78, 50
L -4415.23, 1182.05, 0.0000, -4387.54, 1090.11, 0.0000, 95, 78, 50
L -4387.54, 1090.11, 0.0000, -4415.23, 998.17, 0.0000, 95, 78, 50
L -4415.23, 998.17, 0.0000, -4366.29, 906.22, 0.0000, 95, 78, 50
L -4366.29, 906.22, 0.0000, -4415.23, 814.28, 0.0000, 95, 78, 50
L -4415.23, 814.28, 0.0000, -4362.69, 722.33, 0.0000, 95, 78, 50
L -4362.69, 722.33, 0.0000, -4415.23, 630.39, 0.0000, 95, 78, 50
L -4415.23, 630.39, 0.0000, -4367.12, 538.45, 0.0000, 95, 78, 50
L -4367.12, 538.45, 0.0000, -4415.23, 446.50, 0.0000, 95, 78, 50
L -4415.23, 446.50, 0.0000, -4384.78, 354.56, 0.0000, 95, 78, 50
L -4384.78, 354.56, 0.0000, -4415.23, 262.62, 0.0000, 95, 78, 50
L -4415.23, 262.62, 0.0000, -4379.87, 170.67, 0.0000, 95, 78, 50
L -4379.87, 170.67, 0.0000, -4415.23, 78.73, 0.0000, 95, 78, 50
L -4415.23, 78.73, 0.0000, -4366.46, -13.21, 0.0000, 95, 78, 50
L -4366.46, -13.21, 0.0000, -4415.23, -105.16, 0.0000, 95, 78, 50
L -4415.23, -105.16, 0.0000, -4396.09, -197.10, 0.0000, 95, 78, 50
L -4396.09, -197.10, 0.0000, -4415.23, -289.05, 0.0000, 95, 78, 50
L -4415.23, -289.05, 0.0000, -4388.30, -380.99, 0.0000, 95, 78, 50
L -4388.30, -380.99, 0.0000, -4415.23, -472.93, 0.0000, 95, 78, 50
L -4415.23, -472.93, 0.0000, -4394.22, -564.88, 0.0000, 95, 78, 50
L -4394.22, -564.88, 0.0000, -4415.23, -656.82, 0.0000, 95, 78, 50
L -4415.23, -656.82, 0.0000, -4388.18, -748.76, 0.0000, 95, 78, 50
L -4388.18, -748.76, 0.0000, -4415.23, -840.71, 0.0000, 95, 78, 50
L -4415.23, -840.71, 0.0000, -4367.77, -932.65, 0.0000, 95, 78, 50
L -4367.77, -932.65, 0.0000, -4415.23, -1024.59, 0.0000, 95, 78, 50
L -4415.23, -1024.59, 0.0000, -4388.05, -1116.54, 0.0000, 95, 78, 50
L -4388.05, -1116.54, 0.0000, -4415.23, -1208.48, 0.0000, 95, 78, 50
L -4415.23, -1208.48, 0.0000, -4382.87, -1300.43, 0.0000, 95, 78, 50
L -4382.87, -1300.43, 0.0000, -4415.23, -1392.37, 0.0000, 95, 78, 50
L -4415.23, -1392.37, 0.0000, -4361.56, -1484.31, 0.0000, 95, 78, 50
L -4361.56, -1484.31, 0.0000, -4415.23, -1576.26, 0.0000, 95, 78, 50
L -4415.23, -1576.26, 0.0000, -4369.95, -1668.20, 0.0000, 95, 78, 50
L -4369.95, -1668.20, 0.0000, -4415.23, -1760.14, 0.0000, 95, 78, 50
L -4415.23, -1760.14, 0.0000, -4367.42, -1852.09, 0.0000, 95, 78, 50
L -4367.42, -1852.09, 0.0000, -4415.23, -1944.03, 0.0000, 95, 78, 50
L -4370.23, -1899.03, 0.0000, -4249.52, -1882.30, 0.0000, 180, 160, 112
L -4249.52, -1882.30, 0.0000, -4128.81, -1899.03, 0.0000, 180, 160, 112
L -4128.81, -1899.03, 0.0000, -4008.10, -1873.37, 0.0000, 180, 160, 112
L -4008.10, -1873.37, 0.0000, -3887.39, -1899.03, 0.0000, 180, 160, 112
L -3887.39, -1899.03, 0.0000, -3766.68, -1876.28, 0.0000, 180, 160, 112
L -3766.68, -1876.28, 0.0000, -3645.97, -1899.03, 0.0000, 180, 160, 112
L -3645.97, -1899.03, 0.0000, -3525.26, -1869.18, 0.0000, 180, 160, 112
L -3525.26, -1869.18, 0.0000, -3404.55, -1899.03, 0.0000, 180, 160, 112
L -3404.55, -1899.03, 0.0000, -3283.84, -1873.52, 0.0000, 180, 160, 112
L -3283.84, -1873.52, 0.0000, -3163.13, -1899.03, 0.0000, 180, 160, 112
L -3163.13, -1899.03, 0.0000, -3042.41, -1877.21, 0.0000, 180, 160, 112
L -3042.41, -1877.21, 0.0000, -2921.70, -1899.03, 0.0000, 180, 160, 112
L -2921.70, -1899.03, 0.0000, -2800.99, -1888.20, 0.0000, 180, 160, 112
L -2800.99, -1888.20, 0.0000, -2680.28, -1899.03, 0.0000, 180, 160, 112
L -2680.28, -1899.03, 0.0000, -2559.57, -1871.79, 0.0000, 180, 160, 112
L -2559.57, -1871.79, 0.0000, -2438.86, -1899.03, 0.0000, 180, 160, 112
L -2438.86, -1899.03, 0.0000, -2318.15, -1870.60, 0.0000, 180, 160, 112
L -2318.15, -1870.60, 0.0000, -2197.44, -1899.03, 0.0000, 180, 160, 112
L -2197.44, -1899.03, 0.0000, -2076.73, -1877.28, 0.0000, 180, 160, 112
L -2076.73, -1877.28, 0.0000, -1956.02, -1899.03, 0.0000, 180, 160, 112
L -1956.02, -1899.03, 0.0000, -1835.31, -1876.32, 0.0000, 180, 160, 112
L -1835.31, -1876.32, 0.0000, -1714.60, -1899.03, 0.0000, 180, 160, 112
L -1714.60, -1899.03, 0.0000, -1593.89, -1889.22, 0.0000, 180, 160, 112
L -1593.89, -1889.22, 0.0000, -1473.18, -1899.03, 0.0000, 180, 160, 112
L -1473.18, -1899.03, 0.0000, -1352.47, -1871.99, 0.0000, 180, 160, 112
L -1352.47, -1871.99, 0.0000, -1231.76, -1899.03, 0.0000, 180, 160, 112
L -1231.76, -1899.03, 0.0000, -1111.05, -1882.34, 0.0000, 180, 160, 112
L -1111.05, -1882.34, 0.0000, -990.34, -1899.03, 0.0000, 180, 160, 112
L -990.34, -1899.03, 0.0000, -869.63, -1872.92, 0.0000, 180, 160, 112
L -869.63, -1872.92, 0.0000, -748.92, -1899.03, 0.0000, 180, 160, 112
L -748.92, -1899.03, 0.0000, -628.21, -1877.44, 0.0000, 180, 160, 112
L -628.21, -1877.44, 0.0000, -507.50, -1899.03, 0.0000, 180, 160, 112
L -507.50, -1899.03, 0.0000, -386.79, -1883.80, 0.0000, 180, 160, 112
L -386.79, -1883.80, 0.0000, -266.08, -1899.03, 0.0000, 180, 160, 112
L -266.08, -1899.03, 0.0000, -145.37, -1883.17, 0.0000, 180, 160, 112
L -145.37, -1883.17, 0.0000, -24.66, -1899.03, 0.0000, 180, 160, 112
L -24.66, -1899.03, 0.0000, 96.05, -1887.64, 0.0000, 180, 160, 112
L 96.05, -1887.64, 0.0000, 216.77, -1899.03, 0.0000, 180, 160, 112
L 216.77, -1899.03, 0.0000, 337.48, -1882.72, 0.0000, 180, 160, 112
L 337.48, -1882.72, 0.0000, 458.19, -1899.03, 0.0000, 180, 160, 112
L 458.19, -1899.03, 0.0000, 578.90, -1884.68, 0.0000, 180, 160, 112
L 578.90, -1884.68, 0.0000, 699.61, -1899.03, 0.0000, 180, 160, 112
L 699.61, -1899.03, 0.0000, 820.32, -1880.98, 0.0000, 180, 160, 112
L 820.32, -1880.98, 0.0000, 941.03, -1899.03, 0.0000, 180, 160, 112
L 941.03, -1899.03, 0.0000, 1061.74, -1887.94, 0.0000, 180, 160, 112
L 1061.74, -1887.94, 0.0000, 1182.45, -1899.03, 0.0000, 180, 160, 112
L 1182.45, -1899.03, 0.0000, 1303.16, -1883.87, 0.0000, 180, 160, 112
L 1303.16, -1883.87, 0.0000, 1423.87, -1899.03, 0.0000, 180, 160, 112
L 1423.87, -1899.03, 0.0000, 1544.58, -1874.29, 0.0000, 180, 160, 112
L 1544.58, -1874.29, 0.0000, 1665.29, -1899.03, 0.0000, 180, 160, 112
L 1665.29, -1899.03, 0.0000, 1786.00, -1888.96, 0.0000, 180, 160, 112
L 1786.00, -1899.03, 0.0000, 1765.33, -1775.19, 0.0000, 180, 160, 112
L 1765.33, -1775.19, 0.0000, 1786.00, -1651.34, 0.0000, 180, 160, 112
L 1786.00, -1651.34, 0.0000, 1759.67, -1527.50, 0.0000, 180, 160, 112
L 1759.67, -1527.50, 0.0000, 1786.00, -1403.65, 0.0000, 180, 160, 112
L 1786.00, -1403.65, 0.0000, 1770.14, -1279.81, 0.0000, 180, 160, 112
L 1770.14, -1279.81, 0.0000, 1786.00, -1155.96, 0.0000, 180, 160, 112
L 1786.00, -1155.96, 0.0000, 1761.54, -1032.12, 0.0000, 180, 160, 112
L 1761.54, -1032.12, 0.0000, 1786.00, -908.27, 0.0000, 180, 160, 112
L 1786.00, -908.27, 0.0000, 1765.18, -784.43, 0.0000, 180, 160, 112
L 1765.18, -784.43, 0.0000, 1786.00, -660.58, 0.0000, 180, 160, 112
L 1786.00, -660.58, 0.0000, 1756.06, -536.74, 0.0000, 180, 160, 112
L 1756.06, -536.74, 0.0000, 1786.00, -412.89, 0.0000, 180, 160, 112
L 1786.00, -412.89, 0.0000, 1774.21, -289.05, 0.0000, 180, 160, 112
L 1774.21, -289.05, 0.0000, 1786.00, -165.20, 0.0000, 180, 160, 112
L 1786.00, -165.20, 0.0000, 1768.44, -41.36, 0.0000, 180, 160, 112
L 1768.44, -41.36, 0.0000, 1786.00, 82.49, 0.0000, 180, 160, 112
L 1786.00, 82.49, 0.0000, 1761.00, 206.33, 0.0000, 180, 160, 112
L 1761.00, 206.33, 0.0000, 1786.00, 330.18, 0.0000, 180, 160, 112
L 1786.00, 330.18, 0.0000, 1758.36, 454.02, 0.0000, 180, 160, 112
L 1758.36, 454.02, 0.0000, 1786.00, 577.87, 0.0000, 180, 160, 112
L 1786.00, 577.87, 0.0000, 1764.11, 701.71, 0.0000, 180, 160, 112
L 1764.11, 701.71, 0.0000, 1786.00, 825.56, 0.0000, 180, 160, 112
L 1786.00, 825.56, 0.0000, 1757.33, 949.40, 0.0000, 180, 160, 112
L 1757.33, 949.40, 0.0000, 1786.00, 1073.25, 0.0000, 180, 160, 112
L 1786.00, 1073.25, 0.0000, 1758.17, 1197.09, 0.0000, 180, 160, 112
L 1758.17, 1197.09, 0.0000, 1786.00, 1320.94, 0.0000, 180, 160, 112
L 1786.00, 1320.94, 0.0000, 1665.29, 1291.29, 0.0000, 180, 160, 112
L 1665.29, 1291.29, 0.0000, 1544.58, 1320.94, 0.0000, 180, 160, 112
L 1544.58, 1320.94, 0.0000, 1423.87, 1304.24, 0.0000, 180, 160, 112
L 1423.87, 1304.24, 0.0000, 1303.16, 1320.94, 0.0000, 180, 160, 112
L 1303.16, 1320.94, 0.0000, 1182.45, 1300.85, 0.0000, 180, 160, 112
L 1182.45, 1300.85, 0.0000, 1061.74, 1320.94, 0.0000, 180, 160, 112
L 1061.74, 1320.94, 0.0000, 941.03, 1297.66, 0.0000, 180, 160, 112
L 941.03, 1297.66, 0.0000, 820.32, 1320.94, 0.0000, 180, 160, 112
L 820.32, 1320.94, 0.0000, 699.61, 1309.25, 0.0000, 180, 160, 112
L 699.61, 1309.25, 0.0000, 578.90, 1320.94, 0.0000, 180, 160, 112
L 578.90, 1320.94, 0.0000, 458.19, 1301.44, 0.0000, 180, 160, 112
L 458.19, 1301.44, 0.0000, 337.48, 1320.94, 0.0000, 180, 160, 112
L 337.48, 1320.94, 0.0000, 216.77, 1300.73, 0.0000, 180, 160, 112
L 216.77, 1300.73, 0.0000, 96.05, 1320.94, 0.0000, 180, 160, 112
L 96.05, 1320.94, 0.0000, -24.66, 1305.87, 0.0000, 180, 160, 112
L -24.66, 1305.87, 0.0000, -145.37, 1320.94, 0.0000, 180, 160, 112
L -145.37, 1320.94, 0.0000, -266.08, 1300.88, 0.0000, 180, 160, 112
L -266.08, 1300.88, 0.0000, -386.79, 1320.94, 0.0000, 180, 160, 112
L -386.79, 1320.94, 0.0000, -507.50, 1294.62, 0.0000, 180, 160, 112
L -507.50, 1294.62, 0.0000, -628.21, 1320.94, 0.0000, 180, 160, 112
L -628.21, 1320.94, 0.0000, -748.92, 1309.33, 0.0000, 180, 160, 112
L -748.92, 1309.33, 0.0000, -869.63, 1320.94, 0.0000, 180, 160, 112
L -869.63, 1320.94, 0.0000, -990.34, 1311.21, 0.0000, 180, 160, 112
L -990.34, 1311.21, 0.0000, -1111.05, 1320.94, 0.0000, 180, 160, 112
L -1111.05, 1320.94, 0.0000, -1231.76, 1292.10, 0.0000, 180, 160, 112
L -1231.76, 1292.10, 0.0000, -1352.47, 1320.94, 0.0000, 180, 160, 112
L -1352.47, 1320.94, 0.0000, -1473.18, 1297.26, 0.0000, 180, 160, 112
L -1473.18, 1297.26, 0.0000, -1593.89, 1320.94, 0.0000, 180, 160, 112
L -1593.89, 1320.94, 0.0000, -1714.60, 1308.93, 0.0000, 180, 160, 112
L -1714.60, 1308.93, 0.0000, -1835.31, 1320.94, 0.0000, 180, 160, 112
L -1835.31, 1320.94, 0.0000, -1956.02, 1310.27, 0.0000, 180, 160, 112
L -1956.02, 1310.27, 0.0000, -2076.73, 1320.94, 0.0000, 180, 160, 112
L -2076.73, 1320.94, 0.0000, -2197.44, 1299.76, 0.0000, 180, 160, 112
L -2197.44, 1299.76, 0.0000, -2318.15, 1320.94, 0.0000, 180, 160, 112
L -2318.15, 1320.94, 0.0000, -2438.86, 1291.69, 0.0000, 180, 160, 112
L -2438.86, 1291.69, 0.0000, -2559.57, 1320.94, 0.0000, 180, 160, 112
L -2559.57, 1320.94, 0.0000, -2680.28, 1298.70, 0.0000, 180, 160, 112
L -2680.28, 1298.70, 0.0000, -2800.99, 1320.94, 0.0000, 180, 160, 112
L -2800.99, 1320.94, 0.0000, -2921.70, 1309.67, 0.0000, 180, 160, 112
L -2921.70, 1309.67, 0.0000, -3042.41, 1320.94, 0.0000, 180, 160, 112
L -3042.41, 1320.94, 0.0000, -3163.13, 1311.11, 0.0000, 180, 160, 112
L -3163.13, 1311.11, 0.0000, -3283.84, 1320.94, 0.0000, 180, 160, 112
L -3283.84, 1320.94, 0.0000, -3404.55, 1298.17, 0.0000, 180, 160, 112
L -3404.55, 1298.17, 0.0000, -3525.26, 1320.94, 0.0000, 180, 160, 112
L -3525.26, 1320.94, 0.0000, -3645.97, 1304.42, 0.0000, 180, 160, 112
L -3645.97, 1304.42, 0.0000, -3766.68, 1320.94, 0.0000, 180, 160, 112
L -3766.68, 1320.94, 0.0000, -3887.39, 1298.29, 0.0000, 180, 160, 112
L -3887.39, 1298.29, 0.0000, -4008.10, 1320.94, 0.0000, 180, 160, 112
L -4008.10, 1320.94, 0.0000, -4128.81, 1308.37, 0.0000, 180, 160, 112
L -4128.81, 1308.37, 0.0000, -4249.52, 1320.94, 0.0000, 180, 160, 112
L -4249.52, 1320.94, 0.0000, -4370.23, 1304.27, 0.0000, 180, 160, 112
L -4370.23, 1320.94, 0.0000, -4353.96, 1197.09, 0.0000, 180, 160, 112
L -4353.96, 1197.09, 0.0000, -4370.23, 1073.25, 0.0000, 180, 160, 112
L -4370.23, 1073.25, 0.0000, -4344.26, 949.40, 0.0000, 180, 160, 112
L -4344.26, 949.40, 0.0000, -4370.23, 825.56, 0.0000, 180, 160, 112
L -4370.23, 825.56, 0.0000, -4348.03, 701.71, 0.0000, 180, 160, 112
L -4348.03, 701.71, 0.0000, -4370.23, 577.87, 0.0000, 180, 160, 112
L -4370.23, 577.87, 0.0000, -4358.27, 454.02, 0.0000, 180, 160, 112
L -4358.27, 454.02, 0.0000, -4370.23, 330.18, 0.0000, 180, 160, 112
L -4370.23, 330.18, 0.0000, -4342.53, 206.33, 0.0000, 180, 160, 112
L -4342.53, 206.33, 0.0000, -4370.23, 82.49, 0.0000, 180, 160, 112
L -4370.23, 82.49, 0.0000, -4360.55, -41.36, 0.0000, 180, 160, 112
L -4360.55, -41.36, 0.0000, -4370.23, -165.20, 0.0000, 180, 160, 112
L -4370.23, -165.20, 0.0000, -4353.66, -289.05, 0.0000, 180, 160, 112
L -4353.66, -289.05, 0.0000, -4370.23, -412.89, 0.0000, 180, 160, 112
L -4370.23, -412.89, 0.0000, -4349.44, -536.74, 0.0000, 180, 160, 112
L -4349.44, -536.74, 0.0000, -4370.23, -660.58, 0.0000, 180, 160, 112
L -4370.23, -660.58, 0.0000, -4347.64, -784.43, 0.0000, 180, 160, 112
L -4347.64, -784.43, 0.0000, -4370.23, -908.27, 0.0000, 180, 160, 112
L -4370.23, -908.27, 0.0000, -4344.78, -1032.12, 0.0000, 180, 160, 112
L -4344.78, -1032.12, 0.0000, -4370.23, -1155.96, 0.0000, 180, 160, 112
L -4370.23, -1155.96, 0.0000, -4348.96, -1279.81, 0.0000, 180, 160, 112
L -4348.96, -1279.81, 0.0000, -4370.23, -1403.65, 0.0000, 180, 160, 112
L -4370.23, -1403.65, 0.0000, -4343.56, -1527.50, 0.0000, 180, 160, 112
L -4343.56, -1527.50, 0.0000, -4370.23, -1651.34, 0.0000, 180, 160, 112
L -4370.23, -1651.34, 0.0000, -4343.17, -1775.19, 0.0000, 180, 160, 112
L -4343.17, -1775.19, 0.0000, -4370.23, -1899.03, 0.0000, 180, 160, 112
L -4230.48, -1899.03, 0.0000, -4238.28, -1925.03, 0.0000, 150, 145, 80
L -4220.08, -1899.03, 0.0000, -4220.08, -1925.03, 0.0000, 150, 145, 80
L -4209.68, -1899.03, 0.0000, -4201.88, -1925.03, 0.0000, 150, 145, 80
L -4080.33, -1899.03, 0.0000, -4088.13, -1925.03, 0.0000, 150, 145, 80
L -4069.93, -1899.03, 0.0000, -4069.93, -1925.03, 0.0000, 150, 145, 80
L -4059.53, -1899.03, 0.0000, -4051.73, -1925.03, 0.0000, 150, 145, 80
L -3930.17, -1899.03, 0.0000, -3937.97, -1925.03, 0.0000, 150, 145, 80
L -3919.77, -1899.03, 0.0000, -3919.77, -1925.03, 0.0000, 150, 145, 80
L -3909.37, -1899.03, 0.0000, -3901.57, -1925.03, 0.0000, 150, 145, 80
L -3780.02, -1899.03, 0.0000, -3787.82, -1925.03, 0.0000, 150, 145, 80
L -3769.62, -1899.03, 0.0000, -3769.62, -1925.03, 0.0000, 150, 145, 80
L -3759.22, -1899.03, 0.0000, -3751.42, -1925.03, 0.0000, 150, 145, 80
L -3629.87, -1899.03, 0.0000, -3637.67, -1925.03, 0.0000, 150, 145, 80
L -3619.47, -1899.03, 0.0000, -3619.47, -1925.03, 0.0000, 150, 145, 80
L -3609.07, -1899.03, 0.0000, -3601.27, -1925.03, 0.0000, 150, 145, 80
L -3479.72, -1899.03, 0.0000, -3487.52, -1925.03, 0.0000, 150, 145, 80
L -3469.32, -1899.03, 0.0000, -3469.32, -1925.03, 0.0000, 150, 145, 80
L -3458.92, -1899.03, 0.0000, -3451.12, -1925.03, 0.0000, 150, 145, 80
L -3329.57, -1899.03, 0.0000, -3337.37, -1925.03, 0.0000, 150, 145, 80
L -3319.17, -1899.03, 0.0000, -3319.17, -1925.03, 0.0000, 150, 145, 80
L -3308.77, -1899.03, 0.0000, -3300.97, -1925.03, 0.0000, 150, 145, 80
L -3179.41, -1899.03, 0.0000, -3187.21, -1925.03, 0.0000, 150, 145, 80
L -3169.01, -1899.03, 0.0000, -3169.01, -1925.03, 0.0000, 150, 145, 80
L -3158.61, -1899.03, 0.0000, -3150.81, -1925.03, 0.0000, 150, 145, 80
L -3029.26, -1899.03, 0.0000, -3037.06, -1925.03, 0.0000, 150, 145, 80
L -3018.86, -1899.03, 0.0000, -3018.86, -1925.03, 0.0000, 150, 145, 80
L -3008.46, -1899.03, 0.0000, -3000.66, -1925.03, 0.0000, 150, 145, 80
L -2879.11, -1899.03, 0.0000, -2886.91, -1925.03, 0.0000, 150, 145, 80
L -2868.71, -1899.03, 0.0000, -2868.71, -1925.03, 0.0000, 150, 145, 80
L -2858.31, -1899.03, 0.0000, -2850.51, -1925.03, 0.0000, 150, 145, 80
L -2728.96, -1899.03, 0.0000, -2736.76, -1925.03, 0.0000, 150, 145, 80
L -2718.56, -1899.03, 0.0000, -2718.56, -1925.03, 0.0000, 150, 145, 80
L -2708.16, -1899.03, 0.0000, -2700.36, -1925.03, 0.0000, 150, 145, 80
L -2578.81, -1899.03, 0.0000, -2586.61, -1925.03, 0.0000, 150, 145, 80
L -2568.41, -1899.03, 0.0000, -2568.41, -1925.03, 0.0000, 150, 145, 80
L -2558.01, -1899.03, 0.0000, -2550.21, -1925.03, 0.0000, 150, 145, 80
L -2428.65, -1899.03, 0.0000, -2436.45, -1925.03, 0.0000, 150, 145, 80
L -2418.25, -1899.03, 0.0000, -2418.25, -1925.03, 0.0000, 150, 145, 80
L -2407.85, -1899.03, 0.0000, -2400.05, -1925.03, 0.0000, 150, 145, 80
L -2278.50, -1899.03, 0.0000, -2286.30, -1925.03, 0.0000, 150, 145, 80
L -2268.10, -1899.03, 0.0000, -2268.10, -1925.03, 0.0000, 150, 145, 80
L -2257.70, -1899.03, 0.0000, -2249.90, -1925.03, 0.0000, 150, 145, 80
L -2128.35, -1899.03, 0.0000, -2136.15, -1925.03, 0.0000, 150, 145, 80
L -2117.95, -1899.03, 0.0000, -2117.95, -1925.03, 0.0000, 150, 145, 80
L -2107.55, -1899.03, 0.0000, -2099.75, -1925.03, 0.0000, 150, 145, 80
L -1978.20, -1899.03, 0.0000, -1986.00, -1925.03, 0.0000, 150, 145, 80
L -1967.80, -1899.03, 0.0000, -1967.80, -1925.03, 0.0000, 150, 145, 80
L -1957.40, -1899.03, 0.0000, -1949.60, -1925.03, 0.0000, 150, 145, 80
L -1828.05, -1899.03, 0.0000, -1835.85, -1925.03, 0.0000, 150, 145, 80
L -1817.65, -1899.03, 0.0000, -1817.65, -1925.03, 0.0000, 150, 145, 80
L -1807.25, -1899.03, 0.0000, -1799.45, -1925.03, 0.0000, 150, 145, 80
L -1677.89, -1899.03, 0.0000, -1685.69, -1925.03, 0.0000, 150, 145, 80
L -1667.49, -1899.03, 0.0000, -1667.49, -1925.03, 0.0000, 150, 145, 80
L -1657.09, -1899.03, 0.0000, -1649.29, -1925.03, 0.0000, 150, 145, 80
L -1527.74, -1899.03, 0.0000, -1535.54, -1925.03, 0.0000, 150, 145, 80
L -1517.34, -1899.03, 0.0000, -1517.34, -1925.03, 0.0000, 150, 145, 80
L -1506.94, -1899.03, 0.0000, -1499.14, -1925.03, 0.0000, 150, 145, 80
L -1377.59, -1899.03, 0.0000, -1385.39, -1925.03, 0.0000, 150, 145, 80
L -1367.19, -1899.03, 0.0000, -1367.19, -1925.03, 0.0000, 150, 145, 80
L -1356.79, -1899.03, 0.0000, -1348.99, -1925.03, 0.0000, 150, 145, 80
L -1227.44, -1899.03, 0.0000, -1235.24, -1925.03, 0.0000, 150, 145, 80
L -1217.04, -1899.03, 0.0000, -1217.04, -1925.03, 0.0000, 150, 145, 80
L -1206.64, -1899.03, 0.0000, -1198.84, -1925.03, 0.0000, 150, 145, 80
L -1077.29, -1899.03, 0.0000, -1085.09, -1925.03, 0.0000, 150, 145, 80
L -1066.89, -1899.03, 0.0000, -1066.89, -1925.03, 0.0000, 150, 145, 80
L -1056.49, -1899.03, 0.0000, -1048.69, -1925.03, 0.0000, 150, 145, 80
L -927.13, -1899.03, 0.0000, -934.93, -1925.03, 0.0000, 150, 145, 80
L -916.73, -1899.03, 0.0000, -916.73, -1925.03, 0.0000, 150, 145, 80
L -906.33, -1899.03, 0.0000, -898.53, -1925.03, 0.0000, 150, 145, 80
L -776.98, -1899.03, 0.0000, -784.78, -1925.03, 0.0000, 150, 145, 80
L -766.58, -1899.03, 0.0000, -766.58, -1925.03, 0.0000, 150, 145, 80
L -756.18, -1899.03, 0.0000, -748.38, -1925.03, 0.0000, 150, 145, 80
L -626.83, -1899.03, 0.0000, -634.63, -1925.03, 0.0000, 150, 145, 80
L -616.43, -1899.03, 0.0000, -616.43, -1925.03, 0.0000, 150, 145, 80
L -606.03, -1899.03, 0.0000, -598.23, -1925.03, 0.0000, 150, 145, 80
L -476.68, -1899.03, 0.0000, -484.48, -1925.03, 0.0000, 150, 145, 80
L -466.28, -1899.03, 0.0000, -466.28, -1925.03, 0.0000, 150, 145, 80
L -455.88, -1899.03, 0.0000, -448.08, -1925.03, 0.0000, 150, 145, 80
L -326.53, -1899.03, 0.0000, -334.33, -1925.03, 0.0000, 150, 145, 80
L -316.13, -1899.03, 0.0000, -316.13, -1925.03, 0.0000, 150, 145, 80
L -305.73, -1899.03, 0.0000, -297.93, -1925.03, 0.0000, 150, 145, 80
L -176.38, -1899.03, 0.0000, -184.18, -1925.03, 0.0000, 150, 145, 80
L -165.98, -1899.03, 0.0000, -165.98, -1925.03, 0.0000, 150, 145, 80
L -155.58, -1899.03, 0.0000, -147.78, -1925.03, 0.0000, 150, 145, 80
L -26.22, -1899.03, 0.0000, -34.02, -1925.03, 0.0000, 150, 145, 80
L -15.82, -1899.03, 0.0000, -15.82, -1925.03, 0.0000, 150, 145, 80
L -5.42, -1899.03, 0.0000, 2.38, -1925.03, 0.0000, 150, 145, 80
L 123.93, -1899.03, 0.0000, 116.13, -1925.03, 0.0000, 150, 145, 80
L 134.33, -1899.03, 0.0000, 134.33, -1925.03, 0.0000, 150, 145, 80
L 144.73, -1899.03, 0.0000, 152.53, -1925.03, 0.0000, 150, 145, 80
L 274.08, -1899.03, 0.0000, 266.28, -1925.03, 0.0000, 150, 145, 80
L 284.48, -1899.03, 0.0000, 284.48, -1925.03, 0.0000, 150, 145, 80
L 294.88, -1899.03, 0.0000, 302.68, -1925.03, 0.0000, 150, 145, 80
L 424.23, -1899.03, 0.0000, 416.43, -1925.03, 0.0000, 150, 145, 80
L 434.63, -1899.03, 0.0000, 434.63, -1925.03, 0.0000, 150, 145, 80
L 445.03, -1899.03, 0.0000, 452.83, -1925.03, 0.0000, 150, 145, 80
L 574.38, -1899.03, 0.0000, 566.58, -1925.03, 0.0000, 150, 145, 80
L 584.78, -1899.03, 0.0000, 584.78, -1925.03, 0.0000, 150, 145, 80
L 595.18, -1899.03, 0.0000, 602.98, -1925.03, 0.0000, 150, 145, 80
L 724.54, -1899.03, 0.0000, 716.74, -1925.03, 0.0000, 150, 145, 80
L 734.94, -1899.03, 0.0000, 734.94, -1925.03, 0.0000, 150, 145, 80
L 745.34, -1899.03, 0.0000, 753.14, -1925.03, 0.0000, 150, 145, 80
L 874.69, -1899.03, 0.0000, 866.89, -1925.03, 0.0000, 150, 145, 80
L 885.09, -1899.03, 0.0000, 885.09, -1925.03, 0.0000, 150, 145, 80
L 895.49, -1899.03, 0.0000, 903.29, -1925.03, 0.0000, 150, 145, 80
L 1024.84, -1899.03, 0.0000, 1017.04, -1925.03, 0.0000, 150, 145, 80
L 1035.24, -1899.03, 0.0000, 1035.24, -1925.03, 0.0000, 150, 145, 80
L 1045.64, -1899.03, 0.0000, 1053.44, -1925.03, 0.0000, 150, 145, 80
L 1174.99, -1899.03, 0.0000, 1167.19, -1925.03, 0.0000, 150, 145, 80
L 1185.39, -1899.03, 0.0000, 1185.39, -1925.03, 0.0000, 150, 145, 80
L 1195.79, -1899.03, 0.0000, 1203.59, -1925.03, 0.0000, 150, 145, 80
L 1325.14, -1899.03, 0.0000, 1317.34, -1925.03, 0.0000, 150, 145, 80
L 1335.54, -1899.03, 0.0000, 1335.54, -1925.03, 0.0000, 150, 145, 80
L 1345.94, -1899.03, 0.0000, 1353.74, -1925.03, 0.0000, 150, 145, 80
L 1475.30, -1899.03, 0.0000, 1467.50, -1925.03, 0.0000, 150, 145, 80
L 1485.70, -1899.03, 0.0000, 1485.70, -1925.03, 0.0000, 150, 145, 80
L 1496.10, -1899.03, 0.0000, 1503.90, -1925.03, 0.0000, 150, 145, 80
L 1625.45, -1899.03, 0.0000, 1617.65, -1925.03, 0.0000, 150, 145, 80
L 1635.85, -1899.03, 0.0000, 1635.85, -1925.03, 0.0000, 150, 145, 80
L 1646.25, -1899.03, 0.0000, 1654.05, -1925.03, 0.0000, 150, 145, 80
L -4230.48, 1320.94, 0.0000, -4238.28, 1346.94, 0.0000, 150, 145, 80
L -4220.08, 1320.94, 0.0000, -4220.08, 1346.94, 0.0000, 150, 145, 80
L -4209.68, 1320.94, 0.0000, -4201.88, 1346.94, 0.0000, 150, 145, 80
L -4080.33, 1320.94, 0.0000, -4088.13, 1346.94, 0.0000, 150, 145, 80
L -4069.93, 1320.94, 0.0000, -4069.93, 1346.94, 0.0000, 150, 145, 80
L -4059.53, 1320.94, 0.0000, -4051.73, 1346.94, 0.0000, 150, 145, 80
L -3930.17, 1320.94, 0.0000, -3937.97, 1346.94, 0.0000, 150, 145, 80
L -3919.77, 1320.94, 0.0000, -3919.77, 1346.94, 0.0000, 150, 145, 80
L -3909.37, 1320.94, 0.0000, -3901.57, 1346.94, 0.0000, 150, 145, 80
L -3780.02, 1320.94, 0.0000, -3787.82, 1346.94, 0.0000, 150, 145, 80
L -3769.62, 1320.94, 0.0000, -3769.62, 1346.94, 0.0000, 150, 145, 80
L -3759.22, 1320.94, 0.0000, -3751.42, 1346.94, 0.0000, 150, 145, 80
L -3629.87, 1320.94, 0.0000, -3637.67, 1346.94, 0.0000, 150, 145, 80
L -3619.47, 1320.94, 0.0000, -3619.47, 1346.94, 0.0000, 150, 145, 80
L -3609.07, 1320.94, 0.0000, -3601.27, 1346.94, 0.0000, 150, 145, 80
L -3479.72, 1320.94, 0.0000, -3487.52, 1346.94, 0.0000, 150, 145, 80
L -3469.32, 1320.94, 0.0000, -3469.32, 1346.94, 0.0000, 150, 145, 80
L -3458.92, 1320.94, 0.0000, -3451.12, 1346.94, 0.0000, 150, 145, 80
L -3329.57, 1320.94, 0.0000, -3337.37, 1346.94, 0.0000, 150, 145, 80
L -3319.17, 1320.94, 0.0000, -3319.17, 1346.94, 0.0000, 150, 145, 80
L -3308.77, 1320.94, 0.0000, -3300.97, 1346.94, 0.0000, 150, 145, 80
L -3179.41, 1320.94, 0.0000, -3187.21, 1346.94, 0.0000, 150, 145, 80
L -3169.01, 1320.94, 0.0000, -3169.01, 1346.94, 0.0000, 150, 145, 80
L -3158.61, 1320.94, 0.0000, -3150.81, 1346.94, 0.0000, 150, 145, 80
L -3029.26, 1320.94, 0.0000, -3037.06, 1346.94, 0.0000, 150, 145, 80
L -3018.86, 1320.94, 0.0000, -3018.86, 1346.94, 0.0000, 150, 145, 80
L -3008.46, 1320.94, 0.0000, -3000.66, 1346.94, 0.0000, 150, 145, 80
L -2879.11, 1320.94, 0.0000, -2886.91, 1346.94, 0.0000, 150, 145, 80
L -2868.71, 1320.94, 0.0000, -2868.71, 1346.94, 0.0000, 150, 145, 80
L -2858.31, 1320.94, 0.0000, -2850.51, 1346.94, 0.0000, 150, 145, 80
L -2728.96, 1320.94, 0.0000, -2736.76, 1346.94, 0.0000, 150, 145, 80
L -2718.56, 1320.94, 0.0000, -2718.56, 1346.94, 0.0000, 150, 145, 80
L -2708.16, 1320.94, 0.0000, -2700.36, 1346.94, 0.0000, 150, 145, 80
L -2578.81, 1320.94, 0.0000, -2586.61, 1346.94, 0.0000, 150, 145, 80
L -2568.41, 1320.94, 0.0000, -2568.41, 1346.94, 0.0000, 150, 145, 80
L -2558.01, 1320.94, 0.0000, -2550.21, 1346.94, 0.0000, 150, 145, 80
L -2428.65, 1320.94, 0.0000, -2436.45, 1346.94, 0.0000, 150, 145, 80
L -2418.25, 1320.94, 0.0000, -2418.25, 1346.94, 0.0000, 150, 145, 80
L -2407.85, 1320.94, 0.0000, -2400.05, 1346.94, 0.0000, 150, 145, 80
L -2278.50, 1320.94, 0.0000, -2286.30, 1346.94, 0.0000, 150, 145, 80
L -2268.10, 1320.94, 0.0000, -2268.10, 1346.94, 0.0000, 150, 145, 80
L -2257.70, 1320.94, 0.0000, -2249.90, 1346.94, 0.0000, 150, 145, 80
L -2128.35, 1320.94, 0.0000, -2136.15, 1346.94, 0.0000, 150, 145, 80
L -2117.95, 1320.94, 0.0000, -2117.95, 1346.94, 0.0000, 150, 145, 80
L -2107.55, 1320.94, 0.0000, -2099.75, 1346.94, 0.0000, 150, 145, 80
L -1978.20, 1320.94, 0.0000, -1986.00, 1346.94, 0.0000, 150, 145, 80
L -1967.80, 1320.94, 0.0000, -1967.80, 1346.94, 0.0000, 150, 145, 80
L -1957.40, 1320.94, 0.0000, -1949.60, 1346.94, 0.0000, 150, 145, 80
L -1828.05, 1320.94, 0.0000, -1835.85, 1346.94, 0.0000, 150, 145, 80
L -1817.65, 1320.94, 0.0000, -1817.65, 1346.94, 0.0000, 150, 145, 80
L -1807.25, 1320.94, 0.0000, -1799.45, 1346.94, 0.0000, 150, 145, 80
L -1677.89, 1320.94, 0.0000, -1685.69, 1346.94, 0.0000, 150, 145, 80
L -1667.49, 1320.94, 0.0000, -1667.49, 1346.94, 0.0000, 150, 145, 80
L -1657.09, 1320.94, 0.0000, -1649.29, 1346.94, 0.0000, 150, 145, 80
L -1527.74, 1320.94, 0.0000, -1535.54, 1346.94, 0.0000, 150, 145, 80
L -1517.34, 1320.94, 0.0000, -1517.34, 1346.94, 0.0000, 150, 145, 80
L -1506.94, 1320.94, 0.0000, -1499.14, 1346.94, 0.0000, 150, 145, 80
L -1377.59, 1320.94, 0.0000, -1385.39, 1346.94, 0.0000, 150, 145, 80
L -1367.19, 1320.94, 0.0000, -1367.19, 1346.94, 0.0000, 150, 145, 80
L -1356.79, 1320.94, 0.0000, -1348.99, 1346.94, 0.0000, 150, 145, 80
L -1227.44, 1320.94, 0.0000, -1235.24, 1346.94, 0.0000, 150, 145, 80
L -1217.04, 1320.94, 0.0000, -1217.04, 1346.94, 0.0000, 150, 145, 80
L -1206.64, 1320.94, 0.0000, -1198.84, 1346.94, 0.0000, 150, 145, 80
L -1077.29, 1320.94, 0.0000, -1085.09, 1346.94, 0.0000, 150, 145, 80
L -1066.89, 1320.94, 0.0000, -1066.89, 1346.94, 0.0000, 150, 145, 80
L -1056.49, 1320.94, 0.0000, -1048.69, 1346.94, 0.0000, 150, 145, 80
L -927.13, 1320.94, 0.0000, -934.93, 1346.94, 0.0000, 150, 145, 80
L -916.73, 1320.94, 0.0000, -916.73, 1346.94, 0.0000, 150, 145, 80
L -906.33, 1320.94, 0.0000, -898.53, 1346.94, 0.0000, 150, 145, 80
L -776.98, 1320.94, 0.0000, -784.78, 1346.94, 0.0000, 150, 145, 80
L -766.58, 1320.94, 0.0000, -766.58, 1346.94, 0.0000, 150, 145, 80
L -756.18, 1320.94, 0.0000, -748.38, 1346.94, 0.0000, 150, 145, 80
L -626.83, 1320.94, 0.0000, -634.63, 1346.94, 0.0000, 150, 145, 80
L -616.43, 1320.94, 0.0000, -616.43, 1346.94, 0.0000, 150, 145, 80
L -606.03, 1320.94, 0.0000, -598.23, 1346.94, 0.0000, 150, 145, 80
L -476.68, 1320.94, 0.0000, -484.48, 1346.94, 0.0000, 150, 145, 80
L -466.28, 1320.94, 0.0000, -466.28, 1346.94, 0.0000, 150, 145, 80
L -455.88, 1320.94, 0.0000, -448.08, 1346.94, 0.0000, 150, 145, 80
L -326.53, 1320.94, 0.0000, -334.33, 1346.94, 0.0000, 150, 145, 80
L -316.13, 1320.94, 0.0000, -316.13, 1346.94, 0.0000, 150, 145, 80
L -305.73, 1320.94, 0.0000, -297.93, 1346.94, 0.0000, 150, 145, 80
L -176.38, 1320.94, 0.0000, -184.18, 1346.94, 0.0000, 150, 145, 80
L -165.98, 1320.94, 0.0000, -165.98, 1346.94, 0.0000, 150, 145, 80
L -155.58, 1320.94, 0.0000, -147.78, 1346.94, 0.0000, 150, 145, 80
L -26.22, 1320.94, 0.0000, -34.02, 1346.94, 0.0000, 150, 145, 80
L -15.82, 1320.94, 0.0000, -15.82, 1346.94, 0.0000, 150, 145, 80
L -5.42, 1320.94, 0.0000, 2.38, 1346.94, 0.0000, 150, 145, 80
L 123.93, 1320.94, 0.0000, 116.13, 1346.94, 0.0000, 150, 145, 80
L 134.33, 1320.94, 0.0000, 134.33, 1346.94, 0.0000, 150, 145, 80
L 144.73, 1320.94, 0.0000, 152.53, 1346.94, 0.0000, 150, 145, 80
L 274.08, 1320.94, 0.0000, 266.28, 1346.94, 0.0000, 150, 145, 80
L 284.48, 1320.94, 0.0000, 284.48, 1346.94, 0.0000, 150, 145, 80
L 294.88, 1320.94, 0.0000, 302.68, 1346.94, 0.0000, 150, 145, 80
L 424.23, 1320.94, 0.0000, 416.43, 1346.94, 0.0000, 150, 145, 80
L 434.63, 1320.94, 0.0000, 434.63, 1346.94, 0.0000, 150, 145, 80
L 445.03, 1320.94, 0.0000, 452.83, 1346.94, 0.0000, 150, 145, 80
L 574.38, 1320.94, 0.0000, 566.58, 1346.94, 0.0000, 150, 145, 80
L 584.78, 1320.94, 0.0000, 584.78, 1346.94, 0.0000, 150, 145, 80
L 595.18, 1320.94, 0.0000, 602.98, 1346.94, 0.0000, 150, 145, 80
L 724.54, 1320.94, 0.0000, 716.74, 1346.94, 0.0000, 150, 145, 80
L 734.94, 1320.94, 0.0000, 734.94, 1346.94, 0.0000, 150, 145, 80
L 745.34, 1320.94, 0.0000, 753.14, 1346.94, 0.0000, 150, 145, 80
L 874.69, 1320.94, 0.0000, 866.89, 1346.94, 0.0000, 150, 145, 80
L 885.09, 1320.94, 0.0000, 885.09, 1346.94, 0.0000, 150, 145, 80
L 895.49, 1320.94, 0.0000, 903.29, 1346.94, 0.0000, 150, 145, 80
L 1024.84, 1320.94, 0.0000, 1017.04, 1346.94, 0.0000, 150, 145, 80
L 1035.24, 1320.94, 0.0000, 1035.24, 1346.94, 0.0000, 150, 145, 80
L 1045.64, 1320.94, 0.0000, 1053.44, 1346.94, 0.0000, 150, 145, 80
L 1174.99, 1320.94, 0.0000, 1167.19, 1346.94, 0.0000, 150, 145, 80
L 1185.39, 1320.94, 0.0000, 1185.39, 1346.94, 0.0000, 150, 145, 80
L 1195.79, 1320.94, 0.0000, 1203.59, 1346.94, 0.0000, 150, 145, 80
L 1325.14, 1320.94, 0.0000, 1317.34, 1346.94, 0.0000, 150, 145, 80
L 1335.54, 1320.94, 0.0000, 1335.54, 1346.94, 0.0000, 150, 145, 80
L 1345.94, 1320.94, 0.0000, 1353.74, 1346.94, 0.0000, 150, 145, 80
L 1475.30, 1320.94, 0.0000, 1467.50, 1346.94, 0.0000, 150, 145, 80
L 1485.70, 1320.94, 0.0000, 1485.70, 1346.94, 0.0000, 150, 145, 80
L 1496.10, 1320.94, 0.0000, 1503.90, 1346.94, 0.0000, 150, 145, 80
L 1625.45, 1320.94, 0.0000, 1617.65, 1346.94, 0.0000, 150, 145, 80
L 1635.85, 1320.94, 0.0000, 1635.85, 1346.94, 0.0000, 150, 145, 80
L 1646.25, 1320.94, 0.0000, 1654.05, 1346.94, 0.0000, 150, 145, 80
L -4082.50, -998.64, 0.0000, -4082.50, -1109.10, 0.0000, 120, 88, 52
L -4088.50, -998.64, 0.0000, -4088.50, -1109.10, 0.0000, 120, 88, 52
L -4085.50, -998.64, 0.0000, -4085.50, -1109.10, 0.0000, 120, 88, 52
L -4140.73, -1109.10, 0.0000, -4030.27, -1109.10, 0.0000, 120, 120, 62
L -4140.73, -1115.10, 0.0000, -4030.27, -1115.10, 0.0000, 150, 145, 80
L -4130.24, -1109.10, 0.0000, -4120.30, -1128.99, 0.0000, 120, 120, 62
L -4112.34, -1109.10, 0.0000, -4106.38, -1128.99, 0.0000, 120, 120, 62
L -4094.45, -1109.10, 0.0000, -4092.46, -1128.99, 0.0000, 120, 120, 62
L -4076.55, -1109.10, 0.0000, -4078.54, -1128.99, 0.0000, 120, 120, 62
L -4058.66, -1109.10, 0.0000, -4064.62, -1128.99, 0.0000, 120, 120, 62
L -4040.76, -1109.10, 0.0000, -4050.71, -1128.99, 0.0000, 120, 120, 62
L -4084.25, -1060.23, 0.0000, -4117.39, -1109.93, 0.0000, 120, 88, 52
L -4086.75, -1058.56, 0.0000, -4119.89, -1108.27, 0.0000, 120, 88, 52
L -4085.50, -1059.39, 0.0000, -4118.64, -1109.10, 0.0000, 120, 88, 52
L -4084.25, -1058.56, 0.0000, -4051.12, -1108.27, 0.0000, 120, 88, 52
L -4086.75, -1060.23, 0.0000, -4053.61, -1109.93, 0.0000, 120, 88, 52
L -4085.50, -1059.39, 0.0000, -4052.36, -1109.10, 0.0000, 120, 88, 52
L -3997.07, -583.94, 0.0000, -3997.07, -709.97, 0.0000, 120, 88, 52
L -4003.07, -583.94, 0.0000, -4003.07, -709.97, 0.0000, 120, 88, 52
L -4000.07, -583.94, 0.0000, -4000.07, -709.97, 0.0000, 120, 88, 52
L -4063.08, -709.97, 0.0000, -3937.05, -709.97, 0.0000, 120, 120, 62
L -4063.08, -715.97, 0.0000, -3937.05, -715.97, 0.0000, 150, 145, 80
L -4051.11, -709.97, 0.0000, -4039.77, -732.65, 0.0000, 120, 120, 62
L -4030.69, -709.97, 0.0000, -4023.89, -732.65, 0.0000, 120, 120, 62
L -4010.28, -709.97, 0.0000, -4008.01, -732.65, 0.0000, 120, 120, 62
L -3989.86, -709.97, 0.0000, -3992.13, -732.65, 0.0000, 120, 120, 62
L -3969.44, -709.97, 0.0000, -3976.25, -732.65, 0.0000, 120, 120, 62
L -3949.03, -709.97, 0.0000, -3960.37, -732.65, 0.0000, 120, 120, 62
L -3998.82, -654.08, 0.0000, -4036.63, -710.80, 0.0000, 120, 88, 52
L -4001.32, -652.42, 0.0000, -4039.12, -709.13, 0.0000, 120, 88, 52
L -4000.07, -653.25, 0.0000, -4037.88, -709.97, 0.0000, 120, 88, 52
L -3998.82, -652.42, 0.0000, -3961.01, -709.13, 0.0000, 120, 88, 52
L -4001.32, -654.08, 0.0000, -3963.51, -710.80, 0.0000, 120, 88, 52
L -4000.07, -653.25, 0.0000, -3962.26, -709.97, 0.0000, 120, 88, 52
L -4107.08, -55.93, 0.0000, -4115.38, -83.58, 0.0000, 150, 145, 80
L -4096.02, -55.93, 0.0000, -4096.02, -83.58, 0.0000, 150, 145, 80
L -4084.96, -55.93, 0.0000, -4076.66, -83.58, 0.0000, 150, 145, 80
L -3436.48, -643.00, 0.0000, -3442.97, -664.62, 0.0000, 150, 145, 80
L -3427.83, -643.00, 0.0000, -3427.83, -664.62, 0.0000, 150, 145, 80
L -3419.18, -643.00, 0.0000, -3412.70, -664.62, 0.0000, 150, 145, 80
L -3496.32, -117.77, 0.0000, -3503.64, -142.17, 0.0000, 150, 145, 80
L -3486.56, -117.77, 0.0000, -3486.56, -142.17, 0.0000, 150, 145, 80
L -3476.80, -117.77, 0.0000, -3469.48, -142.17, 0.0000, 150, 145, 80
L -3511.61, 849.95, 0.0000, -3511.61, 711.19, 0.0000, 120, 88, 52
L -3517.61, 849.95, 0.0000, -3517.61, 711.19, 0.0000, 120, 88, 52
L -3514.61, 849.95, 0.0000, -3514.61, 711.19, 0.0000, 120, 88, 52
L -3583.99, 711.19, 0.0000, -3445.24, 711.19, 0.0000, 120, 120, 62
L -3583.99, 705.19, 0.0000, -3445.24, 705.19, 0.0000, 150, 145, 80
L -3570.81, 711.19, 0.0000, -3558.32, 686.22, 0.0000, 120, 120, 62
L -3548.33, 711.19, 0.0000, -3540.84, 686.22, 0.0000, 120, 120, 62
L -3525.85, 711.19, 0.0000, -3523.36, 686.22, 0.0000, 120, 120, 62
L -3503.38, 711.19, 0.0000, -3505.87, 686.22, 0.0000, 120, 120, 62
L -3480.90, 711.19, 0.0000, -3488.39, 686.22, 0.0000, 120, 120, 62
L -3458.42, 711.19, 0.0000, -3470.91, 686.22, 0.0000, 120, 120, 62
L -3513.37, 772.80, 0.0000, -3554.99, 710.36, 0.0000, 120, 88, 52
L -3515.86, 774.46, 0.0000, -3557.49, 712.02, 0.0000, 120, 88, 52
L -3514.61, 773.63, 0.0000, -3556.24, 711.19, 0.0000, 120, 88, 52
L -3513.37, 774.46, 0.0000, -3471.74, 712.02, 0.0000, 120, 88, 52
L -3515.86, 772.80, 0.0000, -3474.24, 710.36, 0.0000, 120, 88, 52
L -3514.61, 773.63, 0.0000, -3472.99, 711.19, 0.0000, 120, 88, 52
L -2930.66, -1084.81, 0.0000, -2940.49, -1117.57, 0.0000, 150, 145, 80
L -2917.56, -1084.81, 0.0000, -2917.56, -1117.57, 0.0000, 150, 145, 80
L -2904.45, -1084.81, 0.0000, -2894.62, -1117.57, 0.0000, 150, 145, 80
L -2883.15, -679.53, 0.0000, -2891.29, -706.68, 0.0000, 150, 145, 80
L -2872.29, -679.53, 0.0000, -2872.29, -706.68, 0.0000, 150, 145, 80
L -2861.42, -679.53, 0.0000, -2853.28, -706.68, 0.0000, 150, 145, 80
L -2883.66, 64.03, 0.0000, -2893.78, 30.29, 0.0000, 150, 145, 80
L -2870.16, 64.03, 0.0000, -2870.16, 30.29, 0.0000, 150, 145, 80
L -2856.66, 64.03, 0.0000, -2846.53, 30.29, 0.0000, 150, 145, 80
L -2981.56, 1188.42, 0.0000, -2990.35, 1159.11, 0.0000, 150, 145, 80
L -2969.83, 1188.42, 0.0000, -2969.83, 1159.11, 0.0000, 150, 145, 80
L -2958.11, 1188.42, 0.0000, -2949.31, 1159.11, 0.0000, 150, 145, 80
L -2499.64, -997.57, 0.0000, -2506.70, -1021.11, 0.0000, 150, 145, 80
L -2490.22, -997.57, 0.0000, -2490.22, -1021.11, 0.0000, 150, 145, 80
L -2480.80, -997.57, 0.0000, -2473.74, -1021.11, 0.0000, 150, 145, 80
L -2538.72, 56.54, 0.0000, -2545.67, 33.38, 0.0000, 150, 145, 80
L -2529.46, 56.54, 0.0000, -2529.46, 33.38, 0.0000, 150, 145, 80
L -2520.19, 56.54, 0.0000, -2513.25, 33.38, 0.0000, 150, 145, 80
L -2466.64, 420.69, 0.0000, -2474.84, 393.38, 0.0000, 150, 145, 80
L -2455.72, 420.69, 0.0000, -2455.72, 393.38, 0.0000, 150, 145, 80
L -2444.79, 420.69, 0.0000, -2436.60, 393.38, 0.0000, 150, 145, 80
L -2556.05, 921.01, 0.0000, -2556.05, 789.45, 0.0000, 120, 88, 52
L -2562.05, 921.01, 0.0000, -2562.05, 789.45, 0.0000, 120, 88, 52
L -2559.05, 921.01, 0.0000, -2559.05, 789.45, 0.0000, 120, 88, 52
L -2624.83, 789.45, 0.0000, -2493.27, 789.45, 0.0000, 120, 120, 62
L -2624.83, 783.45, 0.0000, -2493.27, 783.45, 0.0000, 150, 145, 80
L -2612.33, 789.45, 0.0000, -2600.49, 765.77, 0.0000, 120, 120, 62
L -2591.02, 789.45, 0.0000, -2583.92, 765.77, 0.0000, 120, 120, 62
L -2569.71, 789.45, 0.0000, -2567.34, 765.77, 0.0000, 120, 120, 62
L -2548.39, 789.45, 0.0000, -2550.76, 765.77, 0.0000, 120, 120, 62
L -2527.08, 789.45, 0.0000, -2534.19, 765.77, 0.0000, 120, 120, 62
L -2505.77, 789.45, 0.0000, -2517.61, 765.77, 0.0000, 120, 120, 62
L -2557.80, 847.82, 0.0000, -2597.27, 788.62, 0.0000, 120, 88, 52
L -2560.30, 849.48, 0.0000, -2599.77, 790.28, 0.0000, 120, 88, 52
L -2559.05, 848.65, 0.0000, -2598.52, 789.45, 0.0000, 120, 88, 52
L -2557.80, 849.48, 0.0000, -2518.33, 790.28, 0.0000, 120, 88, 52
L -2560.30, 847.82, 0.0000, -2520.83, 788.62, 0.0000, 120, 88, 52
L -2559.05, 848.65, 0.0000, -2519.58, 789.45, 0.0000, 120, 88, 52
L -1870.30, -433.16, 0.0000, -1870.30, -552.82, 0.0000, 120, 88, 52
L -1876.30, -433.16, 0.0000, -1876.30, -552.82, 0.0000, 120, 88, 52
L -1873.30, -433.16, 0.0000, -1873.30, -552.82, 0.0000, 120, 88, 52
L -1933.13, -552.82, 0.0000, -1813.47, -552.82, 0.0000, 120, 120, 62
L -1933.13, -558.82, 0.0000, -1813.47, -558.82, 0.0000, 150, 145, 80
L -1921.76, -552.82, 0.0000, -1910.99, -574.36, 0.0000, 120, 120, 62
L -1902.38, -552.82, 0.0000, -1895.91, -574.36, 0.0000, 120, 120, 62
L -1882.99, -552.82, 0.0000, -1880.84, -574.36, 0.0000, 120, 120, 62
L -1863.61, -552.82, 0.0000, -1865.76, -574.36, 0.0000, 120, 120, 62
L -1844.22, -552.82, 0.0000, -1850.68, -574.36, 0.0000, 120, 120, 62
L -1824.84, -552.82, 0.0000, -1835.61, -574.36, 0.0000, 120, 120, 62
L -1872.05, -499.81, 0.0000, -1907.95, -553.66, 0.0000, 120, 88, 52
L -1874.55, -498.14, 0.0000, -1910.45, -551.99, 0.0000, 120, 88, 52
L -1873.30, -498.98, 0.0000, -1909.20, -552.82, 0.0000, 120, 88, 52
L -1872.05, -498.14, 0.0000, -1836.15, -551.99, 0.0000, 120, 88, 52
L -1874.55, -499.81, 0.0000, -1838.65, -553.66, 0.0000, 120, 88, 52
L -1873.30, -498.98, 0.0000, -1837.40, -552.82, 0.0000, 120, 88, 52
L -2073.67, 508.15, 0.0000, -2083.38, 475.75, 0.0000, 150, 145, 80
L -2060.71, 508.15, 0.0000, -2060.71, 475.75, 0.0000, 150, 145, 80
L -2047.75, 508.15, 0.0000, -2038.03, 475.75, 0.0000, 150, 145, 80
L -1597.02, -427.26, 0.0000, -1605.58, -455.81, 0.0000, 150, 145, 80
L -1585.60, -427.26, 0.0000, -1585.60, -455.81, 0.0000, 150, 145, 80
L -1574.18, -427.26, 0.0000, -1565.62, -455.81, 0.0000, 150, 145, 80
L -1590.90, -114.52, 0.0000, -1599.93, -144.64, 0.0000, 150, 145, 80
L -1578.85, -114.52, 0.0000, -1578.85, -144.64, 0.0000, 150, 145, 80
L -1566.80, -114.52, 0.0000, -1557.77, -144.64, 0.0000, 150, 145, 80
L -1589.88, 573.51, 0.0000, -1589.88, 449.71, 0.0000, 120, 88, 52
L -1595.88, 573.51, 0.0000, -1595.88, 449.71, 0.0000, 120, 88, 52
L -1592.88, 573.51, 0.0000, -1592.88, 449.71, 0.0000, 120, 88, 52
L -1654.78, 449.71, 0.0000, -1530.98, 449.71, 0.0000, 120, 120, 62
L -1654.78, 443.71, 0.0000, -1530.98, 443.71, 0.0000, 150, 145, 80
L -1643.02, 449.71, 0.0000, -1631.88, 427.42, 0.0000, 120, 120, 62
L -1622.96, 449.71, 0.0000, -1616.28, 427.42, 0.0000, 120, 120, 62
L -1602.91, 449.71, 0.0000, -1600.68, 427.42, 0.0000, 120, 120, 62
L -1582.85, 449.71, 0.0000, -1585.08, 427.42, 0.0000, 120, 120, 62
L -1562.80, 449.71, 0.0000, -1569.48, 427.42, 0.0000, 120, 120, 62
L -1542.74, 449.71, 0.0000, -1553.88, 427.42, 0.0000, 120, 120, 62
L -1591.63, 504.59, 0.0000, -1628.77, 448.88, 0.0000, 120, 88, 52
L -1594.13, 506.25, 0.0000, -1631.27, 450.54, 0.0000, 120, 88, 52
L -1592.88, 505.42, 0.0000, -1630.02, 449.71, 0.0000, 120, 88, 52
L -1591.63, 506.25, 0.0000, -1554.49, 450.54, 0.0000, 120, 88, 52
L -1594.13, 504.59, 0.0000, -1556.99, 448.88, 0.0000, 120, 88, 52
L -1592.88, 505.42, 0.0000, -1555.74, 449.71, 0.0000, 120, 88, 52
L -1513.99, 1203.33, 0.0000, -1520.58, 1181.36, 0.0000, 150, 145, 80
L -1505.20, 1203.33, 0.0000, -1505.20, 1181.36, 0.0000, 150, 145, 80
L -1496.41, 1203.33, 0.0000, -1489.82, 1181.36, 0.0000, 150, 145, 80
L -944.62, -931.66, 0.0000, -954.49, -964.56, 0.0000, 150, 145, 80
L -931.46, -931.66, 0.0000, -931.46, -964.56, 0.0000, 150, 145, 80
L -918.30, -931.66, 0.0000, -908.42, -964.56, 0.0000, 150, 145, 80
L -878.60, -671.37, 0.0000, -886.22, -696.78, 0.0000, 150, 145, 80
L -868.44, -671.37, 0.0000, -868.44, -696.78, 0.0000, 150, 145, 80
L -858.28, -671.37, 0.0000, -850.65, -696.78, 0.0000, 150, 145, 80
L -966.75, 523.23, 0.0000, -966.75, 380.19, 0.0000, 120, 88, 52
L -972.75, 523.23, 0.0000, -972.75, 380.19, 0.0000, 120, 88, 52
L -969.75, 523.23, 0.0000, -969.75, 380.19, 0.0000, 120, 88, 52
L -1041.27, 380.19, 0.0000, -898.23, 380.19, 0.0000, 120, 120, 62
L -1041.27, 374.19, 0.0000, -898.23, 374.19, 0.0000, 150, 145, 80
L -1027.68, 380.19, 0.0000, -1014.81, 354.44, 0.0000, 120, 120, 62
L -1004.51, 380.19, 0.0000, -996.78, 354.44, 0.0000, 120, 120, 62
L -981.34, 380.19, 0.0000, -978.76, 354.44, 0.0000, 120, 120, 62
L -958.16, 380.19, 0.0000, -960.74, 354.44, 0.0000, 120, 120, 62
L -934.99, 380.19, 0.0000, -942.71, 354.44, 0.0000, 120, 120, 62
L -911.82, 380.19, 0.0000, -924.69, 354.44, 0.0000, 120, 120, 62
L -968.50, 443.72, 0.0000, -1011.41, 379.35, 0.0000, 120, 88, 52
L -971.00, 445.39, 0.0000, -1013.91, 381.02, 0.0000, 120, 88, 52
L -969.75, 444.55, 0.0000, -1012.66, 380.19, 0.0000, 120, 88, 52
L -968.50, 445.39, 0.0000, -925.59, 381.02, 0.0000, 120, 88, 52
L -971.00, 443.72, 0.0000, -928.08, 379.35, 0.0000, 120, 88, 52
L -969.75, 444.55, 0.0000, -926.84, 380.19, 0.0000, 120, 88, 52
L -462.40, -504.99, 0.0000, -470.97, -533.55, 0.0000, 150, 145, 80
L -450.98, -504.99, 0.0000, -450.98, -533.55, 0.0000, 150, 145, 80
L -439.55, -504.99, 0.0000, -430.98, -533.55, 0.0000, 150, 145, 80
L -276.72, -94.68, 0.0000, -285.02, -122.35, 0.0000, 150, 145, 80
L -265.66, -94.68, 0.0000, -265.66, -122.35, 0.0000, 150, 145, 80
L -254.59, -94.68, 0.0000, -246.29, -122.35, 0.0000, 150, 145, 80
L -407.82, 352.83, 0.0000, -415.22, 328.14, 0.0000, 150, 145, 80
L -397.94, 352.83, 0.0000, -397.94, 328.14, 0.0000, 150, 145, 80
L -388.06, 352.83, 0.0000, -380.65, 328.14, 0.0000, 150, 145, 80
L -521.44, 1021.37, 0.0000, -528.11, 999.16, 0.0000, 150, 145, 80
L -512.56, 1021.37, 0.0000, -512.56, 999.16, 0.0000, 150, 145, 80
L -503.67, 1021.37, 0.0000, -497.01, 999.16, 0.0000, 150, 145, 80
L 167.75, -1007.71, 0.0000, 157.67, -1041.29, 0.0000, 150, 145, 80
L 181.18, -1007.71, 0.0000, 181.18, -1041.29, 0.0000, 150, 145, 80
L 194.61, -1007.71, 0.0000, 204.69, -1041.29, 0.0000, 150, 145, 80
L 28.48, 1007.53, 0.0000, 20.49, 980.89, 0.0000, 150, 145, 80
L 39.14, 1007.53, 0.0000, 39.14, 980.89, 0.0000, 150, 145, 80
L 49.79, 1007.53, 0.0000, 57.79, 980.89, 0.0000, 150, 145, 80
L 459.09, 1131.22, 0.0000, 449.33, 1098.67, 0.0000, 150, 145, 80
L 472.11, 1131.22, 0.0000, 472.11, 1098.67, 0.0000, 150, 145, 80
L 485.13, 1131.22, 0.0000, 494.90, 1098.67, 0.0000, 150, 145, 80
L 1113.82, -989.76, 0.0000, 1105.27, -1018.26, 0.0000, 150, 145, 80
L 1125.22, -989.76, 0.0000, 1125.22, -1018.26, 0.0000, 150, 145, 80
L 1136.62, -989.76, 0.0000, 1145.16, -1018.26, 0.0000, 150, 145, 80
L 1250.86, -515.34, 0.0000, 1241.86, -545.34, 0.0000, 150, 145, 80
L 1262.86, -515.34, 0.0000, 1262.86, -545.34, 0.0000, 150, 145, 80
L 1274.86, -515.34, 0.0000, 1283.86, -545.34, 0.0000, 150, 145, 80
L 1120.49, 560.51, 0.0000, 1111.84, 531.70, 0.0000, 150, 145, 80
L 1132.01, 560.51, 0.0000, 1132.01, 531.70, 0.0000, 150, 145, 80
L 1143.54, 560.51, 0.0000, 1152.18, 531.70, 0.0000, 150, 145, 80
L 991.40, 882.44, 0.0000, 984.88, 860.70, 0.0000, 150, 145, 80
L 1000.09, 882.44, 0.0000, 1000.09, 860.70, 0.0000, 150, 145, 80
L 1008.79, 882.44, 0.0000, 1015.31, 860.70, 0.0000, 150, 145, 80
L -3750.00, -1204.03, 0.0000, -3750.00, 1185.94, 0.0000, 160, 148, 116
L -3000.00, -1204.03, 0.0000, -3000.00, 1185.94, 0.0000, 160, 148, 116
L -2250.00, -1204.03, 0.0000, -2250.00, 1185.94, 0.0000, 160, 148, 116
L -1500.00, -1204.03, 0.0000, -1500.00, 1185.94, 0.0000, 160, 148, 116
L -750.00, -1204.03, 0.0000, -750.00, 1185.94, 0.0000, 160, 148, 116
L 0.00, -1204.03, 0.0000, 0.00, 1185.94, 0.0000, 160, 148, 116
L 750.00, -1204.03, 0.0000, 750.00, 1185.94, 0.0000, 160, 148, 116
L 1500.00, -1204.03, 0.0000, 1500.00, 1185.94, 0.0000, 160, 148, 116
L -4235.23, -750.00, 0.0000, 1651.00, -750.00, 0.0000, 160, 148, 116
L -4235.23, 0.00, 0.0000, 1651.00, 0.00, 0.0000, 160, 148, 116
L -4235.23, 750.00, 0.0000, 1651.00, 750.00, 0.0000, 160, 148, 116
L -2206.36, -1734.03, 0.0000, -2254.66, -1794.03, 0.0000, 160, 140, 95
L -2198.36, -1724.03, 0.0000, -2246.66, -1784.03, 0.0000, 95, 78, 50
L -2254.66, -1794.03, 0.0000, -2353.36, -1794.03, 0.0000, 160, 140, 95
L -2246.66, -1784.03, 0.0000, -2345.36, -1784.03, 0.0000, 95, 78, 50
L -2353.36, -1794.03, 0.0000, -2405.86, -1710.03, 0.0000, 160, 140, 95
L -2345.36, -1784.03, 0.0000, -2397.86, -1700.03, 0.0000, 95, 78, 50
L -2405.86, -1710.03, 0.0000, -2405.86, -1578.03, 0.0000, 160, 140, 95
L -2397.86, -1700.03, 0.0000, -2397.86, -1568.03, 0.0000, 95, 78, 50
L -2405.86, -1578.03, 0.0000, -2353.36, -1494.03, 0.0000, 160, 140, 95
L -2397.86, -1568.03, 0.0000, -2345.36, -1484.03, 0.0000, 95, 78, 50
L -2353.36, -1494.03, 0.0000, -2254.66, -1494.03, 0.0000, 160, 140, 95
L -2345.36, -1484.03, 0.0000, -2246.66, -1484.03, 0.0000, 95, 78, 50
L -2254.66, -1494.03, 0.0000, -2206.36, -1554.03, 0.0000, 160, 140, 95
L -2246.66, -1484.03, 0.0000, -2198.36, -1544.03, 0.0000, 95, 78, 50
L -2099.66, -1494.03, 0.0000, -1982.06, -1494.03, 0.0000, 160, 140, 95
L -2091.66, -1484.03, 0.0000, -1974.06, -1484.03, 0.0000, 95, 78, 50
L -1982.06, -1494.03, 0.0000, -1935.86, -1584.03, 0.0000, 160, 140, 95
L -1974.06, -1484.03, 0.0000, -1927.86, -1574.03, 0.0000, 95, 78, 50
L -1935.86, -1584.03, 0.0000, -1935.86, -1704.03, 0.0000, 160, 140, 95
L -1927.86, -1574.03, 0.0000, -1927.86, -1694.03, 0.0000, 95, 78, 50
L -1935.86, -1704.03, 0.0000, -1982.06, -1794.03, 0.0000, 160, 140, 95
L -1927.86, -1694.03, 0.0000, -1974.06, -1784.03, 0.0000, 95, 78, 50
L -1982.06, -1794.03, 0.0000, -2099.66, -1794.03, 0.0000, 160, 140, 95
L -1974.06, -1784.03, 0.0000, -2091.66, -1784.03, 0.0000, 95, 78, 50
L -2099.66, -1794.03, 0.0000, -2145.86, -1704.03, 0.0000, 160, 140, 95
L -2091.66, -1784.03, 0.0000, -2137.86, -1694.03, 0.0000, 95, 78, 50
L -2145.86, -1704.03, 0.0000, -2145.86, -1584.03, 0.0000, 160, 140, 95
L -2137.86, -1694.03, 0.0000, -2137.86, -1574.03, 0.0000, 95, 78, 50
L -2145.86, -1584.03, 0.0000, -2099.66, -1494.03, 0.0000, 160, 140, 95
L -2137.86, -1574.03, 0.0000, -2091.66, -1484.03, 0.0000, 95, 78, 50
L -1885.86, -1494.03, 0.0000, -1885.86, -1794.03, 0.0000, 160, 140, 95
L -1877.86, -1484.03, 0.0000, -1877.86, -1784.03, 0.0000, 95, 78, 50
L -1885.86, -1794.03, 0.0000, -1780.86, -1620.03, 0.0000, 160, 140, 95
L -1877.86, -1784.03, 0.0000, -1772.86, -1610.03, 0.0000, 95, 78, 50
L -1780.86, -1620.03, 0.0000, -1675.86, -1794.03, 0.0000, 160, 140, 95
L -1772.86, -1610.03, 0.0000, -1667.86, -1784.03, 0.0000, 95, 78, 50
L -1675.86, -1794.03, 0.0000, -1675.86, -1494.03, 0.0000, 160, 140, 95
L -1667.86, -1784.03, 0.0000, -1667.86, -1484.03, 0.0000, 95, 78, 50
L -1625.86, -1494.03, 0.0000, -1625.86, -1794.03, 0.0000, 160, 140, 95
L -1617.86, -1484.03, 0.0000, -1617.86, -1784.03, 0.0000, 95, 78, 50
L -1625.86, -1794.03, 0.0000, -1520.86, -1620.03, 0.0000, 160, 140, 95
L -1617.86, -1784.03, 0.0000, -1512.86, -1610.03, 0.0000, 95, 78, 50
L -1520.86, -1620.03, 0.0000, -1415.86, -1794.03, 0.0000, 160, 140, 95
L -1512.86, -1610.03, 0.0000, -1407.86, -1784.03, 0.0000, 95, 78, 50
L -1415.86, -1794.03, 0.0000, -1415.86, -1494.03, 0.0000, 160, 140, 95
L -1407.86, -1784.03, 0.0000, -1407.86, -1484.03, 0.0000, 95, 78, 50
L -1319.66, -1494.03, 0.0000, -1202.06, -1494.03, 0.0000, 160, 140, 95
L -1311.66, -1484.03, 0.0000, -1194.06, -1484.03, 0.0000, 95, 78, 50
L -1202.06, -1494.03, 0.0000, -1155.86, -1584.03, 0.0000, 160, 140, 95
L -1194.06, -1484.03, 0.0000, -1147.86, -1574.03, 0.0000, 95, 78, 50
L -1155.86, -1584.03, 0.0000, -1155.86, -1704.03, 0.0000, 160, 140, 95
L -1147.86, -1574.03, 0.0000, -1147.86, -1694.03, 0.0000, 95, 78, 50
L -1155.86, -1704.03, 0.0000, -1202.06, -1794.03, 0.0000, 160, 140, 95
L -1147.86, -1694.03, 0.0000, -1194.06, -1784.03, 0.0000, 95, 78, 50
L -1202.06, -1794.03, 0.0000, -1319.66, -1794.03, 0.0000, 160, 140, 95
L -1194.06, -1784.03, 0.0000, -1311.66, -1784.03, 0.0000, 95, 78, 50
L -1319.66, -1794.03, 0.0000, -1365.86, -1704.03, 0.0000, 160, 140, 95
L -1311.66, -1784.03, 0.0000, -1357.86, -1694.03, 0.0000, 95, 78, 50
L -1365.86, -1704.03, 0.0000, -1365.86, -1584.03, 0.0000, 160, 140, 95
L -1357.86, -1694.03, 0.0000, -1357.86, -1574.03, 0.0000, 95, 78, 50
L -1365.86, -1584.03, 0.0000, -1319.66, -1494.03, 0.0000, 160, 140, 95
L -1357.86, -1574.03, 0.0000, -1311.66, -1484.03, 0.0000, 95, 78, 50
L -1105.86, -1494.03, 0.0000, -1105.86, -1794.03, 0.0000, 160, 140, 95
L -1097.86, -1484.03, 0.0000, -1097.86, -1784.03, 0.0000, 95, 78, 50
L -1105.86, -1794.03, 0.0000, -895.86, -1494.03, 0.0000, 160, 140, 95
L -1097.86, -1784.03, 0.0000, -887.86, -1484.03, 0.0000, 95, 78, 50
L -895.86, -1494.03, 0.0000, -895.86, -1794.03, 0.0000, 160, 140, 95
L -887.86, -1484.03, 0.0000, -887.86, -1784.03, 0.0000, 95, 78, 50
L -845.86, -1794.03, 0.0000, -845.86, -1494.03, 0.0000, 160, 140, 95
L -837.86, -1784.03, 0.0000, -837.86, -1484.03, 0.0000, 95, 78, 50
L -845.86, -1494.03, 0.0000, -673.66, -1494.03, 0.0000, 160, 140, 95
L -837.86, -1484.03, 0.0000, -665.66, -1484.03, 0.0000, 95, 78, 50
L -585.86, -1494.03, 0.0000, -480.86, -1794.03, 0.0000, 160, 140, 95
L -577.86, -1484.03, 0.0000, -472.86, -1784.03, 0.0000, 95, 78, 50
L -480.86, -1794.03, 0.0000, -375.86, -1494.03, 0.0000, 160, 140, 95
L -472.86, -1784.03, 0.0000, -367.86, -1484.03, 0.0000, 95, 78, 50
L -539.66, -1614.03, 0.0000, -422.06, -1614.03, 0.0000, 160, 140, 95
L -531.66, -1604.03, 0.0000, -414.06, -1604.03, 0.0000, 95, 78, 50
L -325.86, -1494.03, 0.0000, -325.86, -1794.03, 0.0000, 160, 140, 95
L -317.86, -1484.03, 0.0000, -317.86, -1784.03, 0.0000, 95, 78, 50
L -325.86, -1794.03, 0.0000, -115.86, -1494.03, 0.0000, 160, 140, 95
L -317.86, -1784.03, 0.0000, -107.86, -1484.03, 0.0000, 95, 78, 50
L -115.86, -1494.03, 0.0000, -115.86, -1794.03, 0.0000, 160, 140, 95
L -107.86, -1484.03, 0.0000, -107.86, -1784.03, 0.0000, 95, 78, 50
L -65.86, -1494.03, 0.0000, -65.86, -1794.03, 0.0000, 160, 140, 95
L -57.86, -1484.03, 0.0000, -57.86, -1784.03, 0.0000, 95, 78, 50
L -65.86, -1794.03, 0.0000, 60.14, -1794.03, 0.0000, 160, 140, 95
L -57.86, -1784.03, 0.0000, 68.14, -1784.03, 0.0000, 95, 78, 50
L 60.14, -1794.03, 0.0000, 133.64, -1698.03, 0.0000, 160, 140, 95
L 68.14, -1784.03, 0.0000, 141.64, -1688.03, 0.0000, 95, 78, 50
L 133.64, -1698.03, 0.0000, 133.64, -1590.03, 0.0000, 160, 140, 95
L 141.64, -1688.03, 0.0000, 141.64, -1580.03, 0.0000, 95, 78, 50
L 133.64, -1590.03, 0.0000, 60.14, -1494.03, 0.0000, 160, 140, 95
L 141.64, -1580.03, 0.0000, 68.14, -1484.03, 0.0000, 95, 78, 50
L 60.14, -1494.03, 0.0000, -65.86, -1494.03, 0.0000, 160, 140, 95
L 68.14, -1484.03, 0.0000, -57.86, -1484.03, 0.0000, 95, 78, 50
L 404.14, -1749.03, 0.0000, 362.14, -1794.03, 0.0000, 160, 140, 95
L 412.14, -1739.03, 0.0000, 370.14, -1784.03, 0.0000, 95, 78, 50
L 362.14, -1794.03, 0.0000, 236.14, -1794.03, 0.0000, 160, 140, 95
L 370.14, -1784.03, 0.0000, 244.14, -1784.03, 0.0000, 95, 78, 50
L 236.14, -1794.03, 0.0000, 194.14, -1740.03, 0.0000, 160, 140, 95
L 244.14, -1784.03, 0.0000, 202.14, -1730.03, 0.0000, 95, 78, 50
L 194.14, -1740.03, 0.0000, 194.14, -1674.03, 0.0000, 160, 140, 95
L 202.14, -1730.03, 0.0000, 202.14, -1664.03, 0.0000, 95, 78, 50
L 194.14, -1674.03, 0.0000, 236.14, -1644.03, 0.0000, 160, 140, 95
L 202.14, -1664.03, 0.0000, 244.14, -1634.03, 0.0000, 95, 78, 50
L 236.14, -1644.03, 0.0000, 362.14, -1644.03, 0.0000, 160, 140, 95
L 244.14, -1634.03, 0.0000, 370.14, -1634.03, 0.0000, 95, 78, 50
L 362.14, -1644.03, 0.0000, 404.14, -1608.03, 0.0000, 160, 140, 95
L 370.14, -1634.03, 0.0000, 412.14, -1598.03, 0.0000, 95, 78, 50
L 404.14, -1608.03, 0.0000, 404.14, -1542.03, 0.0000, 160, 140, 95
L 412.14, -1598.03, 0.0000, 412.14, -1532.03, 0.0000, 95, 78, 50
L 404.14, -1542.03, 0.0000, 362.14, -1494.03, 0.0000, 160, 140, 95
L 412.14, -1532.03, 0.0000, 370.14, -1484.03, 0.0000, 95, 78, 50
L 362.14, -1494.03, 0.0000, 236.14, -1494.03, 0.0000, 160, 140, 95
L 370.14, -1484.03, 0.0000, 244.14, -1484.03, 0.0000, 95, 78, 50
L 236.14, -1494.03, 0.0000, 194.14, -1542.03, 0.0000, 160, 140, 95
L 244.14, -1484.03, 0.0000, 202.14, -1532.03, 0.0000, 95, 78, 50
L -2988.36, -1719.03, 0.0000, -2969.46, -1569.03, 0.0000, 125, 88, 46
L -2969.46, -1569.03, 0.0000, -2935.86, -1659.03, 0.0000, 125, 88, 46
L -2935.86, -1659.03, 0.0000, -2902.26, -1569.03, 0.0000, 125, 88, 46
L -2902.26, -1569.03, 0.0000, -2883.36, -1719.03, 0.0000, 125, 88, 46
L -2750.86, -1719.03, 0.0000, -2855.86, -1719.03, 0.0000, 125, 88, 46
L -2855.86, -1719.03, 0.0000, -2855.86, -1569.03, 0.0000, 125, 88, 46
L -2855.86, -1569.03, 0.0000, -2750.86, -1569.03, 0.0000, 125, 88, 46
L -2855.86, -1644.03, 0.0000, -2782.36, -1644.03, 0.0000, 125, 88, 46
L -2618.36, -1696.53, 0.0000, -2639.36, -1719.03, 0.0000, 125, 88, 46
L -2639.36, -1719.03, 0.0000, -2702.36, -1719.03, 0.0000, 125, 88, 46
L -2702.36, -1719.03, 0.0000, -2723.36, -1692.03, 0.0000, 125, 88, 46
L -2723.36, -1692.03, 0.0000, -2723.36, -1659.03, 0.0000, 125, 88, 46
L -2723.36, -1659.03, 0.0000, -2702.36, -1644.03, 0.0000, 125, 88, 46
L -2702.36, -1644.03, 0.0000, -2639.36, -1644.03, 0.0000, 125, 88, 46
L -2639.36, -1644.03, 0.0000, -2618.36, -1626.03, 0.0000, 125, 88, 46
L -2618.36, -1626.03, 0.0000, -2618.36, -1593.03, 0.0000, 125, 88, 46
L -2618.36, -1593.03, 0.0000, -2639.36, -1569.03, 0.0000, 125, 88, 46
L -2639.36, -1569.03, 0.0000, -2702.36, -1569.03, 0.0000, 125, 88, 46
L -2702.36, -1569.03, 0.0000, -2723.36, -1593.03, 0.0000, 125, 88, 46
L -2590.86, -1719.03, 0.0000, -2485.86, -1719.03, 0.0000, 125, 88, 46
L -2538.36, -1719.03, 0.0000, -2538.36, -1569.03, 0.0000, 125, 88, 46
L -3018.36, -1444.03, 0.0000, 434.14, -1444.03, 0.0000, 125, 88, 46
L -3018.36, -1838.03, 0.0000, 434.14, -1838.03, 0.0000, 125, 88, 46
L 1426.00, -1539.03, 0.0000, 1726.00, -1539.03, 0.0000, 205, 160, 80
L 1426.00, -1539.03, 0.0000, 1550.72, -1487.37, 0.0000, 125, 88, 46
L 1426.00, -1539.03, 0.0000, 1574.49, -1390.54, 0.0000, 125, 88, 46
L 1426.00, -1539.03, 0.0000, 1477.66, -1414.31, 0.0000, 125, 88, 46
L 1426.00, -1539.03, 0.0000, 1426.00, -1239.03, 0.0000, 205, 160, 80
L 1426.00, -1539.03, 0.0000, 1374.34, -1414.31, 0.0000, 125, 88, 46
L 1426.00, -1539.03, 0.0000, 1277.51, -1390.54, 0.0000, 125, 88, 46
L 1426.00, -1539.03, 0.0000, 1301.28, -1487.37, 0.0000, 125, 88, 46
L 1426.00, -1539.03, 0.0000, 1126.00, -1539.03, 0.0000, 205, 160, 80
L 1426.00, -1539.03, 0.0000, 1301.28, -1590.69, 0.0000, 125, 88, 46
L 1426.00, -1539.03, 0.0000, 1277.51, -1687.52, 0.0000, 125, 88, 46
L 1426.00, -1539.03, 0.0000, 1374.34, -1663.75, 0.0000, 125, 88, 46
L 1426.00, -1539.03, 0.0000, 1426.00, -1839.03, 0.0000, 205, 160, 80
L 1426.00, -1539.03, 0.0000, 1477.66, -1663.75, 0.0000, 125, 88, 46
L 1426.00, -1539.03, 0.0000, 1574.49, -1687.52, 0.0000, 125, 88, 46
L 1426.00, -1539.03, 0.0000, 1550.72, -1590.69, 0.0000, 125, 88, 46
L 1522.00, -1539.03, 0.0000, 1509.14, -1491.03, 0.0000, 205, 160, 80
L 1509.14, -1491.03, 0.0000, 1474.00, -1455.89, 0.0000, 205, 160, 80
L 1474.00, -1455.89, 0.0000, 1426.00, -1443.03, 0.0000, 205, 160, 80
L 1426.00, -1443.03, 0.0000, 1378.00, -1455.89, 0.0000, 205, 160, 80
L 1378.00, -1455.89, 0.0000, 1342.86, -1491.03, 0.0000, 205, 160, 80
L 1342.86, -1491.03, 0.0000, 1330.00, -1539.03, 0.0000, 205, 160, 80
L 1330.00, -1539.03, 0.0000, 1342.86, -1587.03, 0.0000, 205, 160, 80
L 1342.86, -1587.03, 0.0000, 1378.00, -1622.17, 0.0000, 205, 160, 80
L 1378.00, -1622.17, 0.0000, 1426.00, -1635.03, 0.0000, 205, 160, 80
L 1426.00, -1635.03, 0.0000, 1474.00, -1622.17, 0.0000, 205, 160, 80
L 1474.00, -1622.17, 0.0000, 1509.14, -1587.03, 0.0000, 205, 160, 80
L 1509.14, -1587.03, 0.0000, 1522.00, -1539.03, 0.0000, 205, 160, 80
L 1426.00, -1749.03, 0.0000, 1426.00, -1863.03, 0.0000, 95, 78, 50
L 1412.00, -1827.03, 0.0000, 1426.00, -1875.03, 0.0000, 95, 78, 50
L 1440.00, -1827.03, 0.0000, 1426.00, -1875.03, 0.0000, 95, 78, 50
P 1426.00, -1879.03, 0.0000, 205, 160, 80, 3, N
P 1426.00, -1239.03, 0.0000, 125, 88, 46, 1, S
P 1726.00, -1539.03, 0.0000, 125, 88, 46, 1, E
P 1126.00, -1539.03, 0.0000, 125, 88, 46, 1, W
