L -961.7401, -516.1528, 0.0000, -880.4699, -516.1528, 0.0000, 210, 200, 175
L -961.7401, -523.4672, 0.0000, -880.4699, -523.4672, 0.0000, 210, 200, 175
L -961.7401, -516.1528, 0.0000, -961.7401, -508.1071, 0.0000, 210, 200, 175
L -961.7401, -508.1071, 0.0000, -967.5916, -519.8100, 0.0000, 210, 200, 175
L -967.5916, -519.8100, 0.0000, -961.7401, -531.5129, 0.0000, 210, 200, 175
L -961.7401, -531.5129, 0.0000, -961.7401, -523.4672, 0.0000, 210, 200, 175
L -880.4699, -516.1528, 0.0000, -880.4699, -508.1071, 0.0000, 210, 200, 175
L -880.4699, -508.1071, 0.0000, -874.6184, -519.8100, 0.0000, 210, 200, 175
L -874.6184, -519.8100, 0.0000, -880.4699, -531.5129, 0.0000, 210, 200, 175
L -880.4699, -531.5129, 0.0000, -880.4699, -523.4672, 0.0000, 210, 200, 175
L -862.6301, -516.1528, 0.0000, -781.3599, -516.1528, 0.0000, 170, 160, 135
L -862.6301, -523.4672, 0.0000, -781.3599, -523.4672, 0.0000, 170, 160, 135
L -862.6301, -516.1528, 0.0000, -862.6301, -508.1071, 0.0000, 170, 160, 135
L -862.6301, -508.1071, 0.0000, -868.4816, -519.8100, 0.0000, 170, 160, 135
L -868.4816, -519.8100, 0.0000, -862.6301, -531.5129, 0.0000, 170, 160, 135
L -862.6301, -531.5129, 0.0000, -862.6301, -523.4672, 0.0000, 170, 160, 135
L -781.3599, -516.1528, 0.0000, -781.3599, -508.1071, 0.0000, 170, 160, 135
L -781.3599, -508.1071, 0.0000, -775.5084, -519.8100, 0.0000, 170, 160, 135
L -775.5084, -519.8100, 0.0000, -781.3599, -531.5129, 0.0000, 170, 160, 135
L -781.3599, -531.5129, 0.0000, -781.3599, -523.4672, 0.0000, 170, 160, 135
L -763.5201, -516.1528, 0.0000, -682.2499, -516.1528, 0.0000, 210, 200, 175
L -763.5201, -523.4672, 0.0000, -682.2499, -523.4672, 0.0000, 210, 200, 175
L -763.5201, -516.1528, 0.0000, -763.5201, -508.1071, 0.0000, 210, 200, 175
L -763.5201, -508.1071, 0.0000, -769.3716, -519.8100, 0.0000, 210, 200, 175
L -769.3716, -519.8100, 0.0000, -763.5201, -531.5129, 0.0000, 210, 200, 175
L -763.5201, -531.5129, 0.0000, -763.5201, -523.4672, 0.0000, 210, 200, 175
L -682.2499, -516.1528, 0.0000, -682.2499, -508.1071, 0.0000, 210, 200, 175
L -682.2499, -508.1071, 0.0000, -676.3984, -519.8100, 0.0000, 210, 200, 175
L -676.3984, -519.8100, 0.0000, -682.2499, -531.5129, 0.0000, 210, 200, 175
L -682.2499, -531.5129, 0.0000, -682.2499, -523.4672, 0.0000, 210, 200, 175
L -664.4101, -516.1528, 0.0000, -583.1399, -516.1528, 0.0000, 170, 160, 135
L -664.4101, -523.4672, 0.0000, -583.1399, -523.4672, 0.0000, 170, 160, 135
L -664.4101, -516.1528, 0.0000, -664.4101, -508.1071, 0.0000, 170, 160, 135
L -664.4101, -508.1071, 0.0000, -670.2616, -519.8100, 0.0000, 170, 160, 135
L -670.2616, -519.8100, 0.0000, -664.4101, -531.5129, 0.0000, 170, 160, 135
L -664.4101, -531.5129, 0.0000, -664.4101, -523.4672, 0.0000, 170, 160, 135
L -583.1399, -516.1528, 0.0000, -583.1399, -508.1071, 0.0000, 170, 160, 135
L -583.1399, -508.1071, 0.0000, -577.2884, -519.8100, 0.0000, 170, 160, 135
L -577.2884, -519.8100, 0.0000, -583.1399, -531.5129, 0.0000, 170, 160, 135
L -583.1399, -531.5129, 0.0000, -583.1399, -523.4672, 0.0000, 170, 160, 135
L -565.3001, -516.1528, 0.0000, -484.0299, -516.1528, 0.0000, 210, 200, 175
L -565.3001, -523.4672, 0.0000, -484.0299, -523.4672, 0.0000, 210, 200, 175
L -565.3001, -516.1528, 0.0000, -565.3001, -508.1071, 0.0000, 210, 200, 175
L -565.3001, -508.1071, 0.0000, -571.1516, -519.8100, 0.0000, 210, 200, 175
L -571.1516, -519.8100, 0.0000, -565.3001, -531.5129, 0.0000, 210, 200, 175
L -565.3001, -531.5129, 0.0000, -565.3001, -523.4672, 0.0000, 210, 200, 175
L -484.0299, -516.1528, 0.0000, -484.0299, -508.1071, 0.0000, 210, 200, 175
L -484.0299, -508.1071, 0.0000, -478.1784, -519.8100, 0.0000, 210, 200, 175
L -478.1784, -519.8100, 0.0000, -484.0299, -531.5129, 0.0000, 210, 200, 175
L -484.0299, -531.5129, 0.0000, -484.0299, -523.4672, 0.0000, 210, 200, 175
L -466.1901, -516.1528, 0.0000, -384.9199, -516.1528, 0.0000, 170, 160, 135
L -466.1901, -523.4672, 0.0000, -384.9199, -523.4672, 0.0000, 170, 160, 135
L -466.1901, -516.1528, 0.0000, -466.1901, -508.1071, 0.0000, 170, 160, 135
L -466.1901, -508.1071, 0.0000, -472.0416, -519.8100, 0.0000, 170, 160, 135
L -472.0416, -519.8100, 0.0000, -466.1901, -531.5129, 0.0000, 170, 160, 135
L -466.1901, -531.5129, 0.0000, -466.1901, -523.4672, 0.0000, 170, 160, 135
L -384.9199, -516.1528, 0.0000, -384.9199, -508.1071, 0.0000, 170, 160, 135
L -384.9199, -508.1071, 0.0000, -379.0684, -519.8100, 0.0000, 170, 160, 135
L -379.0684, -519.8100, 0.0000, -384.9199, -531.5129, 0.0000, 170, 160, 135
L -384.9199, -531.5129, 0.0000, -384.9199, -523.4672, 0.0000, 170, 160, 135
L -367.0801, -516.1528, 0.0000, -285.8099, -516.1528, 0.0000, 210, 200, 175
L -367.0801, -523.4672, 0.0000, -285.8099, -523.4672, 0.0000, 210, 200, 175
L -367.0801, -516.1528, 0.0000, -367.0801, -508.1071, 0.0000, 210, 200, 175
L -367.0801, -508.1071, 0.0000, -372.9316, -519.8100, 0.0000, 210, 200, 175
L -372.9316, -519.8100, 0.0000, -367.0801, -531.5129, 0.0000, 210, 200, 175
L -367.0801, -531.5129, 0.0000, -367.0801, -523.4672, 0.0000, 210, 200, 175
L -285.8099, -516.1528, 0.0000, -285.8099, -508.1071, 0.0000, 210, 200, 175
L -285.8099, -508.1071, 0.0000, -279.9584, -519.8100, 0.0000, 210, 200, 175
L -279.9584, -519.8100, 0.0000, -285.8099, -531.5129, 0.0000, 210, 200, 175
L -285.8099, -531.5129, 0.0000, -285.8099, -523.4672, 0.0000, 210, 200, 175
L -267.9701, -516.1528, 0.0000, -186.6999, -516.1528, 0.0000, 170, 160, 135
L -267.9701, -523.4672, 0.0000, -186.6999, -523.4672, 0.0000, 170, 160, 135
L -267.9701, -516.1528, 0.0000, -267.9701, -508.1071, 0.0000, 170, 160, 135
L -267.9701, -508.1071, 0.0000, -273.8216, -519.8100, 0.0000, 170, 160, 135
L -273.8216, -519.8100, 0.0000, -267.9701, -531.5129, 0.0000, 170, 160, 135
L -267.9701, -531.5129, 0.0000, -267.9701, -523.4672, 0.0000, 170, 160, 135
L -186.6999, -516.1528, 0.0000, -186.6999, -508.1071, 0.0000, 170, 160, 135
L -186.6999, -508.1071, 0.0000, -180.8484, -519.8100, 0.0000, 170, 160, 135
L -180.8484, -519.8100, 0.0000, -186.6999, -531.5129, 0.0000, 170, 160, 135
L -186.6999, -531.5129, 0.0000, -186.6999, -523.4672, 0.0000, 170, 160, 135
L -168.8601, -516.1528, 0.0000, -87.5899, -516.1528, 0.0000, 210, 200, 175
L -168.8601, -523.4672, 0.0000, -87.5899, -523.4672, 0.0000, 210, 200, 175
L -168.8601, -516.1528, 0.0000, -168.8601, -508.1071, 0.0000, 210, 200, 175
L -168.8601, -508.1071, 0.0000, -174.7116, -519.8100, 0.0000, 210, 200, 175
L -174.7116, -519.8100, 0.0000, -168.8601, -531.5129, 0.0000, 210, 200, 175
L -168.8601, -531.5129, 0.0000, -168.8601, -523.4672, 0.0000, 210, 200, 175
L -87.5899, -516.1528, 0.0000, -87.5899, -508.1071, 0.0000, 210, 200, 175
L -87.5899, -508.1071, 0.0000, -81.7384, -519.8100, 0.0000, 210, 200, 175
L -81.7384, -519.8100, 0.0000, -87.5899, -531.5129, 0.0000, 210, 200, 175
L -87.5899, -531.5129, 0.0000, -87.5899, -523.4672, 0.0000, 210, 200, 175
L -69.7501, -516.1528, 0.0000, 11.5201, -516.1528, 0.0000, 170, 160, 135
L -69.7501, -523.4672, 0.0000, 11.5201, -523.4672, 0.0000, 170, 160, 135
L -69.7501, -516.1528, 0.0000, -69.7501, -508.1071, 0.0000, 170, 160, 135
L -69.7501, -508.1071, 0.0000, -75.6016, -519.8100, 0.0000, 170, 160, 135
L -75.6016, -519.8100, 0.0000, -69.7501, -531.5129, 0.0000, 170, 160, 135
L -69.7501, -531.5129, 0.0000, -69.7501, -523.4672, 0.0000, 170, 160, 135
L 11.5201, -516.1528, 0.0000, 11.5201, -508.1071, 0.0000, 170, 160, 135
L 11.5201, -508.1071, 0.0000, 17.3716, -519.8100, 0.0000, 170, 160, 135
L 17.3716, -519.8100, 0.0000, 11.5201, -531.5129, 0.0000, 170, 160, 135
L 11.5201, -531.5129, 0.0000, 11.5201, -523.4672, 0.0000, 170, 160, 135
L 29.3599, -516.1528, 0.0000, 110.6301, -516.1528, 0.0000, 210, 200, 175
L 29.3599, -523.4672, 0.0000, 110.6301, -523.4672, 0.0000, 210, 200, 175
L 29.3599, -516.1528, 0.0000, 29.3599, -508.1071, 0.0000, 210, 200, 175
L 29.3599, -508.1071, 0.0000, 23.5084, -519.8100, 0.0000, 210, 200, 175
L 23.5084, -519.8100, 0.0000, 29.3599, -531.5129, 0.0000, 210, 200, 175
L 29.3599, -531.5129, 0.0000, 29.3599, -523.4672, 0.0000, 210, 200, 175
L 110.6301, -516.1528, 0.0000, 110.6301, -508.1071, 0.0000, 210, 200, 175
L 110.6301, -508.1071, 0.0000, 116.4816, -519.8100, 0.0000, 210, 200, 175
L 116.4816, -519.8100, 0.0000, 110.6301, -531.5129, 0.0000, 210, 200, 175
L 110.6301, -531.5129, 0.0000, 110.6301, -523.4672, 0.0000, 210, 200, 175
L 128.4699, -516.1528, 0.0000, 209.7401, -516.1528, 0.0000, 170, 160, 135
L 128.4699, -523.4672, 0.0000, 209.7401, -523.4672, 0.0000, 170, 160, 135
L 128.4699, -516.1528, 0.0000, 128.4699, -508.1071, 0.0000, 170, 160, 135
L 128.4699, -508.1071, 0.0000, 122.6184, -519.8100, 0.0000, 170, 160, 135
L 122.6184, -519.8100, 0.0000, 128.4699, -531.5129, 0.0000, 170, 160, 135
L 128.4699, -531.5129, 0.0000, 128.4699, -523.4672, 0.0000, 170, 160, 135
L 209.7401, -516.1528, 0.0000, 209.7401, -508.1071, 0.0000, 170, 160, 135
L 209.7401, -508.1071, 0.0000, 215.5916, -519.8100, 0.0000, 170, 160, 135
L 215.5916, -519.8100, 0.0000, 209.7401, -531.5129, 0.0000, 170, 160, 135
L 209.7401, -531.5129, 0.0000, 209.7401, -523.4672, 0.0000, 170, 160, 135
L 227.5799, -516.1528, 0.0000, 308.8501, -516.1528, 0.0000, 210, 200, 175
L 227.5799, -523.4672, 0.0000, 308.8501, -523.4672, 0.0000, 210, 200, 175
L 227.5799, -516.1528, 0.0000, 227.5799, -508.1071, 0.0000, 210, 200, 175
L 227.5799, -508.1071, 0.0000, 221.7284, -519.8100, 0.0000, 210, 200, 175
L 221.7284, -519.8100, 0.0000, 227.5799, -531.5129, 0.0000, 210, 200, 175
L 227.5799, -531.5129, 0.0000, 227.5799, -523.4672, 0.0000, 210, 200, 175
L 308.8501, -516.1528, 0.0000, 308.8501, -508.1071, 0.0000, 210, 200, 175
L 308.8501, -508.1071, 0.0000, 314.7016, -519.8100, 0.0000, 210, 200, 175
L 314.7016, -519.8100, 0.0000, 308.8501, -531.5129, 0.0000, 210, 200, 175
L 308.8501, -531.5129, 0.0000, 308.8501, -523.4672, 0.0000, 210, 200, 175
L 326.6899, -516.1528, 0.0000, 407.9601, -516.1528, 0.0000, 170, 160, 135
L 326.6899, -523.4672, 0.0000, 407.9601, -523.4672, 0.0000, 170, 160, 135
L 326.6899, -516.1528, 0.0000, 326.6899, -508.1071, 0.0000, 170, 160, 135
L 326.6899, -508.1071, 0.0000, 320.8384, -519.8100, 0.0000, 170, 160, 135
L 320.8384, -519.8100, 0.0000, 326.6899, -531.5129, 0.0000, 170, 160, 135
L 326.6899, -531.5129, 0.0000, 326.6899, -523.4672, 0.0000, 170, 160, 135
L 407.9601, -516.1528, 0.0000, 407.9601, -508.1071, 0.0000, 170, 160, 135
L 407.9601, -508.1071, 0.0000, 413.8116, -519.8100, 0.0000, 170, 160, 135
L 413.8116, -519.8100, 0.0000, 407.9601, -531.5129, 0.0000, 170, 160, 135
L 407.9601, -531.5129, 0.0000, 407.9601, -523.4672, 0.0000, 170, 160, 135
L 413.2922, -511.0592, 0.0000, 413.2922, -431.3295, 0.0000, 210, 200, 175
L 420.4678, -511.0592, 0.0000, 420.4678, -431.3295, 0.0000, 210, 200, 175
L 413.2922, -511.0592, 0.0000, 405.3989, -511.0592, 0.0000, 210, 200, 175
L 405.3989, -511.0592, 0.0000, 416.8800, -516.7997, 0.0000, 210, 200, 175
L 416.8800, -516.7997, 0.0000, 428.3611, -511.0592, 0.0000, 210, 200, 175
L 428.3611, -511.0592, 0.0000, 420.4678, -511.0592, 0.0000, 210, 200, 175
L 413.2922, -431.3295, 0.0000, 405.3989, -431.3295, 0.0000, 210, 200, 175
L 405.3989, -431.3295, 0.0000, 416.8800, -425.5889, 0.0000, 210, 200, 175
L 416.8800, -425.5889, 0.0000, 428.3611, -431.3295, 0.0000, 210, 200, 175
L 428.3611, -431.3295, 0.0000, 420.4678, -431.3295, 0.0000, 210, 200, 175
L 413.2922, -413.8278, 0.0000, 413.2922, -334.0982, 0.0000, 170, 160, 135
L 420.4678, -413.8278, 0.0000, 420.4678, -334.0982, 0.0000, 170, 160, 135
L 413.2922, -413.8278, 0.0000, 405.3989, -413.8278, 0.0000, 170, 160, 135
L 405.3989, -413.8278, 0.0000, 416.8800, -419.5684, 0.0000, 170, 160, 135
L 416.8800, -419.5684, 0.0000, 428.3611, -413.8278, 0.0000, 170, 160, 135
L 428.3611, -413.8278, 0.0000, 420.4678, -413.8278, 0.0000, 170, 160, 135
L 413.2922, -334.0982, 0.0000, 405.3989, -334.0982, 0.0000, 170, 160, 135
L 405.3989, -334.0982, 0.0000, 416.8800, -328.3576, 0.0000, 170, 160, 135
L 416.8800, -328.3576, 0.0000, 428.3611, -334.0982, 0.0000, 170, 160, 135
L 428.3611, -334.0982, 0.0000, 420.4678, -334.0982, 0.0000, 170, 160, 135
L 413.2922, -316.5965, 0.0000, 413.2922, -236.8668, 0.0000, 210, 200, 175
L 420.4678, -316.5965, 0.0000, 420.4678, -236.8668, 0.0000, 210, 200, 175
L 413.2922, -316.5965, 0.0000, 405.3989, -316.5965, 0.0000, 210, 200, 175
L 405.3989, -316.5965, 0.0000, 416.8800, -322.3371, 0.0000, 210, 200, 175
L 416.8800, -322.3371, 0.0000, 428.3611, -316.5965, 0.0000, 210, 200, 175
L 428.3611, -316.5965, 0.0000, 420.4678, -316.5965, 0.0000, 210, 200, 175
L 413.2922, -236.8668, 0.0000, 405.3989, -236.8668, 0.0000, 210, 200, 175
L 405.3989, -236.8668, 0.0000, 416.8800, -231.1263, 0.0000, 210, 200, 175
L 416.8800, -231.1263, 0.0000, 428.3611, -236.8668, 0.0000, 210, 200, 175
L 428.3611, -236.8668, 0.0000, 420.4678, -236.8668, 0.0000, 210, 200, 175
L 413.2922, -219.3652, 0.0000, 413.2922, -139.6355, 0.0000, 170, 160, 135
L 420.4678, -219.3652, 0.0000, 420.4678, -139.6355, 0.0000, 170, 160, 135
L 413.2922, -219.3652, 0.0000, 405.3989, -219.3652, 0.0000, 170, 160, 135
L 405.3989, -219.3652, 0.0000, 416.8800, -225.1057, 0.0000, 170, 160, 135
L 416.8800, -225.1057, 0.0000, 428.3611, -219.3652, 0.0000, 170, 160, 135
L 428.3611, -219.3652, 0.0000, 420.4678, -219.3652, 0.0000, 170, 160, 135
L 413.2922, -139.6355, 0.0000, 405.3989, -139.6355, 0.0000, 170, 160, 135
L 405.3989, -139.6355, 0.0000, 416.8800, -133.8949, 0.0000, 170, 160, 135
L 416.8800, -133.8949, 0.0000, 428.3611, -139.6355, 0.0000, 170, 160, 135
L 428.3611, -139.6355, 0.0000, 420.4678, -139.6355, 0.0000, 170, 160, 135
L 413.2922, -122.1338, 0.0000, 413.2922, -42.4042, 0.0000, 210, 200, 175
L 420.4678, -122.1338, 0.0000, 420.4678, -42.4042, 0.0000, 210, 200, 175
L 413.2922, -122.1338, 0.0000, 405.3989, -122.1338, 0.0000, 210, 200, 175
L 405.3989, -122.1338, 0.0000, 416.8800, -127.8744, 0.0000, 210, 200, 175
L 416.8800, -127.8744, 0.0000, 428.3611, -122.1338, 0.0000, 210, 200, 175
L 428.3611, -122.1338, 0.0000, 420.4678, -122.1338, 0.0000, 210, 200, 175
L 413.2922, -42.4042, 0.0000, 405.3989, -42.4042, 0.0000, 210, 200, 175
L 405.3989, -42.4042, 0.0000, 416.8800, -36.6636, 0.0000, 210, 200, 175
L 416.8800, -36.6636, 0.0000, 428.3611, -42.4042, 0.0000, 210, 200, 175
L 428.3611, -42.4042, 0.0000, 420.4678, -42.4042, 0.0000, 210, 200, 175
L 413.2922, -24.9025, 0.0000, 413.2922, 54.8272, 0.0000, 170, 160, 135
L 420.4678, -24.9025, 0.0000, 420.4678, 54.8272, 0.0000, 170, 160, 135
L 413.2922, -24.9025, 0.0000, 405.3989, -24.9025, 0.0000, 170, 160, 135
L 405.3989, -24.9025, 0.0000, 416.8800, -30.6431, 0.0000, 170, 160, 135
L 416.8800, -30.6431, 0.0000, 428.3611, -24.9025, 0.0000, 170, 160, 135
L 428.3611, -24.9025, 0.0000, 420.4678, -24.9025, 0.0000, 170, 160, 135
L 413.2922, 54.8272, 0.0000, 405.3989, 54.8272, 0.0000, 170, 160, 135
L 405.3989, 54.8272, 0.0000, 416.8800, 60.5677, 0.0000, 170, 160, 135
L 416.8800, 60.5677, 0.0000, 428.3611, 54.8272, 0.0000, 170, 160, 135
L 428.3611, 54.8272, 0.0000, 420.4678, 54.8272, 0.0000, 170, 160, 135
L 413.2922, 72.3288, 0.0000, 413.2922, 152.0585, 0.0000, 210, 200, 175
L 420.4678, 72.3288, 0.0000, 420.4678, 152.0585, 0.0000, 210, 200, 175
L 413.2922, 72.3288, 0.0000, 405.3989, 72.3288, 0.0000, 210, 200, 175
L 405.3989, 72.3288, 0.0000, 416.8800, 66.5883, 0.0000, 210, 200, 175
L 416.8800, 66.5883, 0.0000, 428.3611, 72.3288, 0.0000, 210, 200, 175
L 428.3611, 72.3288, 0.0000, 420.4678, 72.3288, 0.0000, 210, 200, 175
L 413.2922, 152.0585, 0.0000, 405.3989, 152.0585, 0.0000, 210, 200, 175
L 405.3989, 152.0585, 0.0000, 416.8800, 157.7991, 0.0000, 210, 200, 175
L 416.8800, 157.7991, 0.0000, 428.3611, 152.0585, 0.0000, 210, 200, 175
L 428.3611, 152.0585, 0.0000, 420.4678, 152.0585, 0.0000, 210, 200, 175
L 413.2922, 169.5602, 0.0000, 413.2922, 249.2898, 0.0000, 170, 160, 135
L 420.4678, 169.5602, 0.0000, 420.4678, 249.2898, 0.0000, 170, 160, 135
L 413.2922, 169.5602, 0.0000, 405.3989, 169.5602, 0.0000, 170, 160, 135
L 405.3989, 169.5602, 0.0000, 416.8800, 163.8196, 0.0000, 170, 160, 135
L 416.8800, 163.8196, 0.0000, 428.3611, 169.5602, 0.0000, 170, 160, 135
L 428.3611, 169.5602, 0.0000, 420.4678, 169.5602, 0.0000, 170, 160, 135
L 413.2922, 249.2898, 0.0000, 405.3989, 249.2898, 0.0000, 170, 160, 135
L 405.3989, 249.2898, 0.0000, 416.8800, 255.0304, 0.0000, 170, 160, 135
L 416.8800, 255.0304, 0.0000, 428.3611, 249.2898, 0.0000, 170, 160, 135
L 428.3611, 249.2898, 0.0000, 420.4678, 249.2898, 0.0000, 170, 160, 135
L 413.2922, 266.7915, 0.0000, 413.2922, 346.5212, 0.0000, 210, 200, 175
L 420.4678, 266.7915, 0.0000, 420.4678, 346.5212, 0.0000, 210, 200, 175
L 413.2922, 266.7915, 0.0000, 405.3989, 266.7915, 0.0000, 210, 200, 175
L 405.3989, 266.7915, 0.0000, 416.8800, 261.0509, 0.0000, 210, 200, 175
L 416.8800, 261.0509, 0.0000, 428.3611, 266.7915, 0.0000, 210, 200, 175
L 428.3611, 266.7915, 0.0000, 420.4678, 266.7915, 0.0000, 210, 200, 175
L 413.2922, 346.5212, 0.0000, 405.3989, 346.5212, 0.0000, 210, 200, 175
L 405.3989, 346.5212, 0.0000, 416.8800, 352.2617, 0.0000, 210, 200, 175
L 416.8800, 352.2617, 0.0000, 428.3611, 346.5212, 0.0000, 210, 200, 175
L 428.3611, 346.5212, 0.0000, 420.4678, 346.5212, 0.0000, 210, 200, 175
L 413.2922, 364.0228, 0.0000, 413.2922, 443.7525, 0.0000, 170, 160, 135
L 420.4678, 364.0228, 0.0000, 420.4678, 443.7525, 0.0000, 170, 160, 135
L 413.2922, 364.0228, 0.0000, 405.3989, 364.0228, 0.0000, 170, 160, 135
L 405.3989, 364.0228, 0.0000, 416.8800, 358.2823, 0.0000, 170, 160, 135
L 416.8800, 358.2823, 0.0000, 428.3611, 364.0228, 0.0000, 170, 160, 135
L 428.3611, 364.0228, 0.0000, 420.4678, 364.0228, 0.0000, 170, 160, 135
L 413.2922, 443.7525, 0.0000, 405.3989, 443.7525, 0.0000, 170, 160, 135
L 405.3989, 443.7525, 0.0000, 416.8800, 449.4931, 0.0000, 170, 160, 135
L 416.8800, 449.4931, 0.0000, 428.3611, 443.7525, 0.0000, 170, 160, 135
L 428.3611, 443.7525, 0.0000, 420.4678, 443.7525, 0.0000, 170, 160, 135
L 413.2922, 461.2542, 0.0000, 413.2922, 540.9838, 0.0000, 210, 200, 175
L 420.4678, 461.2542, 0.0000, 420.4678, 540.9838, 0.0000, 210, 200, 175
L 413.2922, 461.2542, 0.0000, 405.3989, 461.2542, 0.0000, 210, 200, 175
L 405.3989, 461.2542, 0.0000, 416.8800, 455.5136, 0.0000, 210, 200, 175
L 416.8800, 455.5136, 0.0000, 428.3611, 461.2542, 0.0000, 210, 200, 175
L 428.3611, 461.2542, 0.0000, 420.4678, 461.2542, 0.0000, 210, 200, 175
L 413.2922, 540.9838, 0.0000, 405.3989, 540.9838, 0.0000, 210, 200, 175
L 405.3989, 540.9838, 0.0000, 416.8800, 546.7244, 0.0000, 210, 200, 175
L 416.8800, 546.7244, 0.0000, 428.3611, 540.9838, 0.0000, 210, 200, 175
L 428.3611, 540.9838, 0.0000, 420.4678, 540.9838, 0.0000, 210, 200, 175
L 413.2922, 558.4855, 0.0000, 413.2922, 638.2152, 0.0000, 170, 160, 135
L 420.4678, 558.4855, 0.0000, 420.4678, 638.2152, 0.0000, 170, 160, 135
L 413.2922, 558.4855, 0.0000, 405.3989, 558.4855, 0.0000, 170, 160, 135
L 405.3989, 558.4855, 0.0000, 416.8800, 552.7449, 0.0000, 170, 160, 135
L 416.8800, 552.7449, 0.0000, 428.3611, 558.4855, 0.0000, 170, 160, 135
L 428.3611, 558.4855, 0.0000, 420.4678, 558.4855, 0.0000, 170, 160, 135
L 413.2922, 638.2152, 0.0000, 405.3989, 638.2152, 0.0000, 170, 160, 135
L 405.3989, 638.2152, 0.0000, 416.8800, 643.9557, 0.0000, 170, 160, 135
L 416.8800, 643.9557, 0.0000, 428.3611, 638.2152, 0.0000, 170, 160, 135
L 428.3611, 638.2152, 0.0000, 420.4678, 638.2152, 0.0000, 170, 160, 135
L 413.2922, 655.7168, 0.0000, 413.2922, 735.4465, 0.0000, 210, 200, 175
L 420.4678, 655.7168, 0.0000, 420.4678, 735.4465, 0.0000, 210, 200, 175
L 413.2922, 655.7168, 0.0000, 405.3989, 655.7168, 0.0000, 210, 200, 175
L 405.3989, 655.7168, 0.0000, 416.8800, 649.9763, 0.0000, 210, 200, 175
L 416.8800, 649.9763, 0.0000, 428.3611, 655.7168, 0.0000, 210, 200, 175
L 428.3611, 655.7168, 0.0000, 420.4678, 655.7168, 0.0000, 210, 200, 175
L 413.2922, 735.4465, 0.0000, 405.3989, 735.4465, 0.0000, 210, 200, 175
L 405.3989, 735.4465, 0.0000, 416.8800, 741.1871, 0.0000, 210, 200, 175
L 416.8800, 741.1871, 0.0000, 428.3611, 735.4465, 0.0000, 210, 200, 175
L 428.3611, 735.4465, 0.0000, 420.4678, 735.4465, 0.0000, 210, 200, 175
L 413.2922, 752.9482, 0.0000, 413.2922, 832.6778, 0.0000, 170, 160, 135
L 420.4678, 752.9482, 0.0000, 420.4678, 832.6778, 0.0000, 170, 160, 135
L 413.2922, 752.9482, 0.0000, 405.3989, 752.9482, 0.0000, 170, 160, 135
L 405.3989, 752.9482, 0.0000, 416.8800, 747.2076, 0.0000, 170, 160, 135
L 416.8800, 747.2076, 0.0000, 428.3611, 752.9482, 0.0000, 170, 160, 135
L 428.3611, 752.9482, 0.0000, 420.4678, 752.9482, 0.0000, 170, 160, 135
L 413.2922, 832.6778, 0.0000, 405.3989, 832.6778, 0.0000, 170, 160, 135
L 405.3989, 832.6778, 0.0000, 416.8800, 838.4184, 0.0000, 170, 160, 135
L 416.8800, 838.4184, 0.0000, 428.3611, 832.6778, 0.0000, 170, 160, 135
L 428.3611, 832.6778, 0.0000, 420.4678, 832.6778, 0.0000, 170, 160, 135
L 413.2922, 850.1795, 0.0000, 413.2922, 929.9092, 0.0000, 210, 200, 175
L 420.4678, 850.1795, 0.0000, 420.4678, 929.9092, 0.0000, 210, 200, 175
L 413.2922, 850.1795, 0.0000, 405.3989, 850.1795, 0.0000, 210, 200, 175
L 405.3989, 850.1795, 0.0000, 416.8800, 844.4389, 0.0000, 210, 200, 175
L 416.8800, 844.4389, 0.0000, 428.3611, 850.1795, 0.0000, 210, 200, 175
L 428.3611, 850.1795, 0.0000, 420.4678, 850.1795, 0.0000, 210, 200, 175
L 413.2922, 929.9092, 0.0000, 405.3989, 929.9092, 0.0000, 210, 200, 175
L 405.3989, 929.9092, 0.0000, 416.8800, 935.6497, 0.0000, 210, 200, 175
L 416.8800, 935.6497, 0.0000, 428.3611, 929.9092, 0.0000, 210, 200, 175
L 428.3611, 929.9092, 0.0000, 420.4678, 929.9092, 0.0000, 210, 200, 175
L 407.9601, 935.0028, 0.0000, 326.6899, 935.0028, 0.0000, 210, 200, 175
L 407.9601, 942.3172, 0.0000, 326.6899, 942.3172, 0.0000, 210, 200, 175
L 407.9601, 935.0028, 0.0000, 407.9601, 926.9571, 0.0000, 210, 200, 175
L 407.9601, 926.9571, 0.0000, 413.8116, 938.6600, 0.0000, 210, 200, 175
L 413.8116, 938.6600, 0.0000, 407.9601, 950.3629, 0.0000, 210, 200, 175
L 407.9601, 950.3629, 0.0000, 407.9601, 942.3172, 0.0000, 210, 200, 175
L 326.6899, 935.0028, 0.0000, 326.6899, 926.9571, 0.0000, 210, 200, 175
L 326.6899, 926.9571, 0.0000, 320.8384, 938.6600, 0.0000, 210, 200, 175
L 320.8384, 938.6600, 0.0000, 326.6899, 950.3629, 0.0000, 210, 200, 175
L 326.6899, 950.3629, 0.0000, 326.6899, 942.3172, 0.0000, 210, 200, 175
L 308.8501, 935.0028, 0.0000, 227.5799, 935.0028, 0.0000, 170, 160, 135
L 308.8501, 942.3172, 0.0000, 227.5799, 942.3172, 0.0000, 170, 160, 135
L 308.8501, 935.0028, 0.0000, 308.8501, 926.9571, 0.0000, 170, 160, 135
L 308.8501, 926.9571, 0.0000, 314.7016, 938.6600, 0.0000, 170, 160, 135
L 314.7016, 938.6600, 0.0000, 308.8501, 950.3629, 0.0000, 170, 160, 135
L 308.8501, 950.3629, 0.0000, 308.8501, 942.3172, 0.0000, 170, 160, 135
L 227.5799, 935.0028, 0.0000, 227.5799, 926.9571, 0.0000, 170, 160, 135
L 227.5799, 926.9571, 0.0000, 221.7284, 938.6600, 0.0000, 170, 160, 135
L 221.7284, 938.6600, 0.0000, 227.5799, 950.3629, 0.0000, 170, 160, 135
L 227.5799, 950.3629, 0.0000, 227.5799, 942.3172, 0.0000, 170, 160, 135
L 209.7401, 935.0028, 0.0000, 128.4699, 935.0028, 0.0000, 210, 200, 175
L 209.7401, 942.3172, 0.0000, 128.4699, 942.3172, 0.0000, 210, 200, 175
L 209.7401, 935.0028, 0.0000, 209.7401, 926.9571, 0.0000, 210, 200, 175
L 209.7401, 926.9571, 0.0000, 215.5916, 938.6600, 0.0000, 210, 200, 175
L 215.5916, 938.6600, 0.0000, 209.7401, 950.3629, 0.0000, 210, 200, 175
L 209.7401, 950.3629, 0.0000, 209.7401, 942.3172, 0.0000, 210, 200, 175
L 128.4699, 935.0028, 0.0000, 128.4699, 926.9571, 0.0000, 210, 200, 175
L 128.4699, 926.9571, 0.0000, 122.6184, 938.6600, 0.0000, 210, 200, 175
L 122.6184, 938.6600, 0.0000, 128.4699, 950.3629, 0.0000, 210, 200, 175
L 128.4699, 950.3629, 0.0000, 128.4699, 942.3172, 0.0000, 210, 200, 175
L 110.6301, 935.0028, 0.0000, 29.3599, 935.0028, 0.0000, 170, 160, 135
L 110.6301, 942.3172, 0.0000, 29.3599, 942.3172, 0.0000, 170, 160, 135
L 110.6301, 935.0028, 0.0000, 110.6301, 926.9571, 0.0000, 170, 160, 135
L 110.6301, 926.9571, 0.0000, 116.4816, 938.6600, 0.0000, 170, 160, 135
L 116.4816, 938.6600, 0.0000, 110.6301, 950.3629, 0.0000, 170, 160, 135
L 110.6301, 950.3629, 0.0000, 110.6301, 942.3172, 0.0000, 170, 160, 135
L 29.3599, 935.0028, 0.0000, 29.3599, 926.9571, 0.0000, 170, 160, 135
L 29.3599, 926.9571, 0.0000, 23.5084, 938.6600, 0.0000, 170, 160, 135
L 23.5084, 938.6600, 0.0000, 29.3599, 950.3629, 0.0000, 170, 160, 135
L 29.3599, 950.3629, 0.0000, 29.3599, 942.3172, 0.0000, 170, 160, 135
L 11.5201, 935.0028, 0.0000, -69.7501, 935.0028, 0.0000, 210, 200, 175
L 11.5201, 942.3172, 0.0000, -69.7501, 942.3172, 0.0000, 210, 200, 175
L 11.5201, 935.0028, 0.0000, 11.5201, 926.9571, 0.0000, 210, 200, 175
L 11.5201, 926.9571, 0.0000, 17.3716, 938.6600, 0.0000, 210, 200, 175
L 17.3716, 938.6600, 0.0000, 11.5201, 950.3629, 0.0000, 210, 200, 175
L 11.5201, 950.3629, 0.0000, 11.5201, 942.3172, 0.0000, 210, 200, 175
L -69.7501, 935.0028, 0.0000, -69.7501, 926.9571, 0.0000, 210, 200, 175
L -69.7501, 926.9571, 0.0000, -75.6016, 938.6600, 0.0000, 210, 200, 175
L -75.6016, 938.6600, 0.0000, -69.7501, 950.3629, 0.0000, 210, 200, 175
L -69.7501, 950.3629, 0.0000, -69.7501, 942.3172, 0.0000, 210, 200, 175
L -87.5899, 935.0028, 0.0000, -168.8601, 935.0028, 0.0000, 170, 160, 135
L -87.5899, 942.3172, 0.0000, -168.8601, 942.3172, 0.0000, 170, 160, 135
L -87.5899, 935.0028, 0.0000, -87.5899, 926.9571, 0.0000, 170, 160, 135
L -87.5899, 926.9571, 0.0000, -81.7384, 938.6600, 0.0000, 170, 160, 135
L -81.7384, 938.6600, 0.0000, -87.5899, 950.3629, 0.0000, 170, 160, 135
L -87.5899, 950.3629, 0.0000, -87.5899, 942.3172, 0.0000, 170, 160, 135
L -168.8601, 935.0028, 0.0000, -168.8601, 926.9571, 0.0000, 170, 160, 135
L -168.8601, 926.9571, 0.0000, -174.7116, 938.6600, 0.0000, 170, 160, 135
L -174.7116, 938.6600, 0.0000, -168.8601, 950.3629, 0.0000, 170, 160, 135
L -168.8601, 950.3629, 0.0000, -168.8601, 942.3172, 0.0000, 170, 160, 135
L -186.6999, 935.0028, 0.0000, -267.9701, 935.0028, 0.0000, 210, 200, 175
L -186.6999, 942.3172, 0.0000, -267.9701, 942.3172, 0.0000, 210, 200, 175
L -186.6999, 935.0028, 0.0000, -186.6999, 926.9571, 0.0000, 210, 200, 175
L -186.6999, 926.9571, 0.0000, -180.8484, 938.6600, 0.0000, 210, 200, 175
L -180.8484, 938.6600, 0.0000, -186.6999, 950.3629, 0.0000, 210, 200, 175
L -186.6999, 950.3629, 0.0000, -186.6999, 942.3172, 0.0000, 210, 200, 175
L -267.9701, 935.0028, 0.0000, -267.9701, 926.9571, 0.0000, 210, 200, 175
L -267.9701, 926.9571, 0.0000, -273.8216, 938.6600, 0.0000, 210, 200, 175
L -273.8216, 938.6600, 0.0000, -267.9701, 950.3629, 0.0000, 210, 200, 175
L -267.9701, 950.3629, 0.0000, -267.9701, 942.3172, 0.0000, 210, 200, 175
L -285.8099, 935.0028, 0.0000, -367.0801, 935.0028, 0.0000, 170, 160, 135
L -285.8099, 942.3172, 0.0000, -367.0801, 942.3172, 0.0000, 170, 160, 135
L -285.8099, 935.0028, 0.0000, -285.8099, 926.9571, 0.0000, 170, 160, 135
L -285.8099, 926.9571, 0.0000, -279.9584, 938.6600, 0.0000, 170, 160, 135
L -279.9584, 938.6600, 0.0000, -285.8099, 950.3629, 0.0000, 170, 160, 135
L -285.8099, 950.3629, 0.0000, -285.8099, 942.3172, 0.0000, 170, 160, 135
L -367.0801, 935.0028, 0.0000, -367.0801, 926.9571, 0.0000, 170, 160, 135
L -367.0801, 926.9571, 0.0000, -372.9316, 938.6600, 0.0000, 170, 160, 135
L -372.9316, 938.6600, 0.0000, -367.0801, 950.3629, 0.0000, 170, 160, 135
L -367.0801, 950.3629, 0.0000, -367.0801, 942.3172, 0.0000, 170, 160, 135
L -384.9199, 935.0028, 0.0000, -466.1901, 935.0028, 0.0000, 210, 200, 175
L -384.9199, 942.3172, 0.0000, -466.1901, 942.3172, 0.0000, 210, 200, 175
L -384.9199, 935.0028, 0.0000, -384.9199, 926.9571, 0.0000, 210, 200, 175
L -384.9199, 926.9571, 0.0000, -379.0684, 938.6600, 0.0000, 210, 200, 175
L -379.0684, 938.6600, 0.0000, -384.9199, 950.3629, 0.0000, 210, 200, 175
L -384.9199, 950.3629, 0.0000, -384.9199, 942.3172, 0.0000, 210, 200, 175
L -466.1901, 935.0028, 0.0000, -466.1901, 926.9571, 0.0000, 210, 200, 175
L -466.1901, 926.9571, 0.0000, -472.0416, 938.6600, 0.0000, 210, 200, 175
L -472.0416, 938.6600, 0.0000, -466.1901, 950.3629, 0.0000, 210, 200, 175
L -466.1901, 950.3629, 0.0000, -466.1901, 942.3172, 0.0000, 210, 200, 175
L -484.0299, 935.0028, 0.0000, -565.3001, 935.0028, 0.0000, 170, 160, 135
L -484.0299, 942.3172, 0.0000, -565.3001, 942.3172, 0.0000, 170, 160, 135
L -484.0299, 935.0028, 0.0000, -484.0299, 926.9571, 0.0000, 170, 160, 135
L -484.0299, 926.9571, 0.0000, -478.1784, 938.6600, 0.0000, 170, 160, 135
L -478.1784, 938.6600, 0.0000, -484.0299, 950.3629, 0.0000, 170, 160, 135
L -484.0299, 950.3629, 0.0000, -484.0299, 942.3172, 0.0000, 170, 160, 135
L -565.3001, 935.0028, 0.0000, -565.3001, 926.9571, 0.0000, 170, 160, 135
L -565.3001, 926.9571, 0.0000, -571.1516, 938.6600, 0.0000, 170, 160, 135
L -571.1516, 938.6600, 0.0000, -565.3001, 950.3629, 0.0000, 170, 160, 135
L -565.3001, 950.3629, 0.0000, -565.3001, 942.3172, 0.0000, 170, 160, 135
L -583.1399, 935.0028, 0.0000, -664.4101, 935.0028, 0.0000, 210, 200, 175
L -583.1399, 942.3172, 0.0000, -664.4101, 942.3172, 0.0000, 210, 200, 175
L -583.1399, 935.0028, 0.0000, -583.1399, 926.9571, 0.0000, 210, 200, 175
L -583.1399, 926.9571, 0.0000, -577.2884, 938.6600, 0.0000, 210, 200, 175
L -577.2884, 938.6600, 0.0000, -583.1399, 950.3629, 0.0000, 210, 200, 175
L -583.1399, 950.3629, 0.0000, -583.1399, 942.3172, 0.0000, 210, 200, 175
L -664.4101, 935.0028, 0.0000, -664.4101, 926.9571, 0.0000, 210, 200, 175
L -664.4101, 926.9571, 0.0000, -670.2616, 938.6600, 0.0000, 210, 200, 175
L -670.2616, 938.6600, 0.0000, -664.4101, 950.3629, 0.0000, 210, 200, 175
L -664.4101, 950.3629, 0.0000, -664.4101, 942.3172, 0.0000, 210, 200, 175
L -682.2499, 935.0028, 0.0000, -763.5201, 935.0028, 0.0000, 170, 160, 135
L -682.2499, 942.3172, 0.0000, -763.5201, 942.3172, 0.0000, 170, 160, 135
L -682.2499, 935.0028, 0.0000, -682.2499, 926.9571, 0.0000, 170, 160, 135
L -682.2499, 926.9571, 0.0000, -676.3984, 938.6600, 0.0000, 170, 160, 135
L -676.3984, 938.6600, 0.0000, -682.2499, 950.3629, 0.0000, 170, 160, 135
L -682.2499, 950.3629, 0.0000, -682.2499, 942.3172, 0.0000, 170, 160, 135
L -763.5201, 935.0028, 0.0000, -763.5201, 926.9571, 0.0000, 170, 160, 135
L -763.5201, 926.9571, 0.0000, -769.3716, 938.6600, 0.0000, 170, 160, 135
L -769.3716, 938.6600, 0.0000, -763.5201, 950.3629, 0.0000, 170, 160, 135
L -763.5201, 950.3629, 0.0000, -763.5201, 942.3172, 0.0000, 170, 160, 135
L -781.3599, 935.0028, 0.0000, -862.6301, 935.0028, 0.0000, 210, 200, 175
L -781.3599, 942.3172, 0.0000, -862.6301, 942.3172, 0.0000, 210, 200, 175
L -781.3599, 935.0028, 0.0000, -781.3599, 926.9571, 0.0000, 210, 200, 175
L -781.3599, 926.9571, 0.0000, -775.5084, 938.6600, 0.0000, 210, 200, 175
L -775.5084, 938.6600, 0.0000, -781.3599, 950.3629, 0.0000, 210, 200, 175
L -781.3599, 950.3629, 0.0000, -781.3599, 942.3172, 0.0000, 210, 200, 175
L -862.6301, 935.0028, 0.0000, -862.6301, 926.9571, 0.0000, 210, 200, 175
L -862.6301, 926.9571, 0.0000, -868.4816, 938.6600, 0.0000, 210, 200, 175
L -868.4816, 938.6600, 0.0000, -862.6301, 950.3629, 0.0000, 210, 200, 175
L -862.6301, 950.3629, 0.0000, -862.6301, 942.3172, 0.0000, 210, 200, 175
L -880.4699, 935.0028, 0.0000, -961.7401, 935.0028, 0.0000, 170, 160, 135
L -880.4699, 942.3172, 0.0000, -961.7401, 942.3172, 0.0000, 170, 160, 135
L -880.4699, 935.0028, 0.0000, -880.4699, 926.9571, 0.0000, 170, 160, 135
L -880.4699, 926.9571, 0.0000, -874.6184, 938.6600, 0.0000, 170, 160, 135
L -874.6184, 938.6600, 0.0000, -880.4699, 950.3629, 0.0000, 170, 160, 135
L -880.4699, 950.3629, 0.0000, -880.4699, 942.3172, 0.0000, 170, 160, 135
L -961.7401, 935.0028, 0.0000, -961.7401, 926.9571, 0.0000, 170, 160, 135
L -961.7401, 926.9571, 0.0000, -967.5916, 938.6600, 0.0000, 170, 160, 135
L -967.5916, 938.6600, 0.0000, -961.7401, 950.3629, 0.0000, 170, 160, 135
L -961.7401, 950.3629, 0.0000, -961.7401, 942.3172, 0.0000, 170, 160, 135
L -967.0722, 929.9092, 0.0000, -967.0722, 850.1795, 0.0000, 210, 200, 175
L -974.2478, 929.9092, 0.0000, -974.2478, 850.1795, 0.0000, 210, 200, 175
L -967.0722, 929.9092, 0.0000, -959.1789, 929.9092, 0.0000, 210, 200, 175
L -959.1789, 929.9092, 0.0000, -970.6600, 935.6497, 0.0000, 210, 200, 175
L -970.6600, 935.6497, 0.0000, -982.1411, 929.9092, 0.0000, 210, 200, 175
L -982.1411, 929.9092, 0.0000, -974.2478, 929.9092, 0.0000, 210, 200, 175
L -967.0722, 850.1795, 0.0000, -959.1789, 850.1795, 0.0000, 210, 200, 175
L -959.1789, 850.1795, 0.0000, -970.6600, 844.4389, 0.0000, 210, 200, 175
L -970.6600, 844.4389, 0.0000, -982.1411, 850.1795, 0.0000, 210, 200, 175
L -982.1411, 850.1795, 0.0000, -974.2478, 850.1795, 0.0000, 210, 200, 175
L -967.0722, 832.6778, 0.0000, -967.0722, 752.9482, 0.0000, 170, 160, 135
L -974.2478, 832.6778, 0.0000, -974.2478, 752.9482, 0.0000, 170, 160, 135
L -967.0722, 832.6778, 0.0000, -959.1789, 832.6778, 0.0000, 170, 160, 135
L -959.1789, 832.6778, 0.0000, -970.6600, 838.4184, 0.0000, 170, 160, 135
L -970.6600, 838.4184, 0.0000, -982.1411, 832.6778, 0.0000, 170, 160, 135
L -982.1411, 832.6778, 0.0000, -974.2478, 832.6778, 0.0000, 170, 160, 135
L -967.0722, 752.9482, 0.0000, -959.1789, 752.9482, 0.0000, 170, 160, 135
L -959.1789, 752.9482, 0.0000, -970.6600, 747.2076, 0.0000, 170, 160, 135
L -970.6600, 747.2076, 0.0000, -982.1411, 752.9482, 0.0000, 170, 160, 135
L -982.1411, 752.9482, 0.0000, -974.2478, 752.9482, 0.0000, 170, 160, 135
L -967.0722, 735.4465, 0.0000, -967.0722, 655.7168, 0.0000, 210, 200, 175
L -974.2478, 735.4465, 0.0000, -974.2478, 655.7168, 0.0000, 210, 200, 175
L -967.0722, 735.4465, 0.0000, -959.1789, 735.4465, 0.0000, 210, 200, 175
L -959.1789, 735.4465, 0.0000, -970.6600, 741.1871, 0.0000, 210, 200, 175
L -970.6600, 741.1871, 0.0000, -982.1411, 735.4465, 0.0000, 210, 200, 175
L -982.1411, 735.4465, 0.0000, -974.2478, 735.4465, 0.0000, 210, 200, 175
L -967.0722, 655.7168, 0.0000, -959.1789, 655.7168, 0.0000, 210, 200, 175
L -959.1789, 655.7168, 0.0000, -970.6600, 649.9763, 0.0000, 210, 200, 175
L -970.6600, 649.9763, 0.0000, -982.1411, 655.7168, 0.0000, 210, 200, 175
L -982.1411, 655.7168, 0.0000, -974.2478, 655.7168, 0.0000, 210, 200, 175
L -967.0722, 638.2152, 0.0000, -967.0722, 558.4855, 0.0000, 170, 160, 135
L -974.2478, 638.2152, 0.0000, -974.2478, 558.4855, 0.0000, 170, 160, 135
L -967.0722, 638.2152, 0.0000, -959.1789, 638.2152, 0.0000, 170, 160, 135
L -959.1789, 638.2152, 0.0000, -970.6600, 643.9557, 0.0000, 170, 160, 135
L -970.6600, 643.9557, 0.0000, -982.1411, 638.2152, 0.0000, 170, 160, 135
L -982.1411, 638.2152, 0.0000, -974.2478, 638.2152, 0.0000, 170, 160, 135
L -967.0722, 558.4855, 0.0000, -959.1789, 558.4855, 0.0000, 170, 160, 135
L -959.1789, 558.4855, 0.0000, -970.6600, 552.7449, 0.0000, 170, 160, 135
L -970.6600, 552.7449, 0.0000, -982.1411, 558.4855, 0.0000, 170, 160, 135
L -982.1411, 558.4855, 0.0000, -974.2478, 558.4855, 0.0000, 170, 160, 135
L -967.0722, 540.9838, 0.0000, -967.0722, 461.2542, 0.0000, 210, 200, 175
L -974.2478, 540.9838, 0.0000, -974.2478, 461.2542, 0.0000, 210, 200, 175
L -967.0722, 540.9838, 0.0000, -959.1789, 540.9838, 0.0000, 210, 200, 175
L -959.1789, 540.9838, 0.0000, -970.6600, 546.7244, 0.0000, 210, 200, 175
L -970.6600, 546.7244, 0.0000, -982.1411, 540.9838, 0.0000, 210, 200, 175
L -982.1411, 540.9838, 0.0000, -974.2478, 540.9838, 0.0000, 210, 200, 175
L -967.0722, 461.2542, 0.0000, -959.1789, 461.2542, 0.0000, 210, 200, 175
L -959.1789, 461.2542, 0.0000, -970.6600, 455.5136, 0.0000, 210, 200, 175
L -970.6600, 455.5136, 0.0000, -982.1411, 461.2542, 0.0000, 210, 200, 175
L -982.1411, 461.2542, 0.0000, -974.2478, 461.2542, 0.0000, 210, 200, 175
L -967.0722, 443.7525, 0.0000, -967.0722, 364.0228, 0.0000, 170, 160, 135
L -974.2478, 443.7525, 0.0000, -974.2478, 364.0228, 0.0000, 170, 160, 135
L -967.0722, 443.7525, 0.0000, -959.1789, 443.7525, 0.0000, 170, 160, 135
L -959.1789, 443.7525, 0.0000, -970.6600, 449.4931, 0.0000, 170, 160, 135
L -970.6600, 449.4931, 0.0000, -982.1411, 443.7525, 0.0000, 170, 160, 135
L -982.1411, 443.7525, 0.0000, -974.2478, 443.7525, 0.0000, 170, 160, 135
L -967.0722, 364.0228, 0.0000, -959.1789, 364.0228, 0.0000, 170, 160, 135
L -959.1789, 364.0228, 0.0000, -970.6600, 358.2823, 0.0000, 170, 160, 135
L -970.6600, 358.2823, 0.0000, -982.1411, 364.0228, 0.0000, 170, 160, 135
L -982.1411, 364.0228, 0.0000, -974.2478, 364.0228, 0.0000, 170, 160, 135
L -967.0722, 346.5212, 0.0000, -967.0722, 266.7915, 0.0000, 210, 200, 175
L -974.2478, 346.5212, 0.0000, -974.2478, 266.7915, 0.0000, 210, 200, 175
L -967.0722, 346.5212, 0.0000, -959.1789, 346.5212, 0.0000, 210, 200, 175
L -959.1789, 346.5212, 0.0000, -970.6600, 352.2617, 0.0000, 210, 200, 175
L -970.6600, 352.2617, 0.0000, -982.1411, 346.5212, 0.0000, 210, 200, 175
L -982.1411, 346.5212, 0.0000, -974.2478, 346.5212, 0.0000, 210, 200, 175
L -967.0722, 266.7915, 0.0000, -959.1789, 266.7915, 0.0000, 210, 200, 175
L -959.1789, 266.7915, 0.0000, -970.6600, 261.0509, 0.0000, 210, 200, 175
L -970.6600, 261.0509, 0.0000, -982.1411, 266.7915, 0.0000, 210, 200, 175
L -982.1411, 266.7915, 0.0000, -974.2478, 266.7915, 0.0000, 210, 200, 175
L -967.0722, 249.2898, 0.0000, -967.0722, 169.5602, 0.0000, 170, 160, 135
L -974.2478, 249.2898, 0.0000, -974.2478, 169.5602, 0.0000, 170, 160, 135
L -967.0722, 249.2898, 0.0000, -959.1789, 249.2898, 0.0000, 170, 160, 135
L -959.1789, 249.2898, 0.0000, -970.6600, 255.0304, 0.0000, 170, 160, 135
L -970.6600, 255.0304, 0.0000, -982.1411, 249.2898, 0.0000, 170, 160, 135
L -982.1411, 249.2898, 0.0000, -974.2478, 249.2898, 0.0000, 170, 160, 135
L -967.0722, 169.5602, 0.0000, -959.1789, 169.5602, 0.0000, 170, 160, 135
L -959.1789, 169.5602, 0.0000, -970.6600, 163.8196, 0.0000, 170, 160, 135
L -970.6600, 163.8196, 0.0000, -982.1411, 169.5602, 0.0000, 170, 160, 135
L -982.1411, 169.5602, 0.0000, -974.2478, 169.5602, 0.0000, 170, 160, 135
L -967.0722, 152.0585, 0.0000, -967.0722, 72.3288, 0.0000, 210, 200, 175
L -974.2478, 152.0585, 0.0000, -974.2478, 72.3288, 0.0000, 210, 200, 175
L -967.0722, 152.0585, 0.0000, -959.1789, 152.0585, 0.0000, 210, 200, 175
L -959.1789, 152.0585, 0.0000, -970.6600, 157.7991, 0.0000, 210, 200, 175
L -970.6600, 157.7991, 0.0000, -982.1411, 152.0585, 0.0000, 210, 200, 175
L -982.1411, 152.0585, 0.0000, -974.2478, 152.0585, 0.0000, 210, 200, 175
L -967.0722, 72.3288, 0.0000, -959.1789, 72.3288, 0.0000, 210, 200, 175
L -959.1789, 72.3288, 0.0000, -970.6600, 66.5883, 0.0000, 210, 200, 175
L -970.6600, 66.5883, 0.0000, -982.1411, 72.3288, 0.0000, 210, 200, 175
L -982.1411, 72.3288, 0.0000, -974.2478, 72.3288, 0.0000, 210, 200, 175
L -967.0722, 54.8272, 0.0000, -967.0722, -24.9025, 0.0000, 170, 160, 135
L -974.2478, 54.8272, 0.0000, -974.2478, -24.9025, 0.0000, 170, 160, 135
L -967.0722, 54.8272, 0.0000, -959.1789, 54.8272, 0.0000, 170, 160, 135
L -959.1789, 54.8272, 0.0000, -970.6600, 60.5677, 0.0000, 170, 160, 135
L -970.6600, 60.5677, 0.0000, -982.1411, 54.8272, 0.0000, 170, 160, 135
L -982.1411, 54.8272, 0.0000, -974.2478, 54.8272, 0.0000, 170, 160, 135
L -967.0722, -24.9025, 0.0000, -959.1789, -24.9025, 0.0000, 170, 160, 135
L -959.1789, -24.9025, 0.0000, -970.6600, -30.6431, 0.0000, 170, 160, 135
L -970.6600, -30.6431, 0.0000, -982.1411, -24.9025, 0.0000, 170, 160, 135
L -982.1411, -24.9025, 0.0000, -974.2478, -24.9025, 0.0000, 170, 160, 135
L -967.0722, -42.4042, 0.0000, -967.0722, -122.1338, 0.0000, 210, 200, 175
L -974.2478, -42.4042, 0.0000, -974.2478, -122.1338, 0.0000, 210, 200, 175
L -967.0722, -42.4042, 0.0000, -959.1789, -42.4042, 0.0000, 210, 200, 175
L -959.1789, -42.4042, 0.0000, -970.6600, -36.6636, 0.0000, 210, 200, 175
L -970.6600, -36.6636, 0.0000, -982.1411, -42.4042, 0.0000, 210, 200, 175
L -982.1411, -42.4042, 0.0000, -974.2478, -42.4042, 0.0000, 210, 200, 175
L -967.0722, -122.1338, 0.0000, -959.1789, -122.1338, 0.0000, 210, 200, 175
L -959.1789, -122.1338, 0.0000, -970.6600, -127.8744, 0.0000, 210, 200, 175
L -970.6600, -127.8744, 0.0000, -982.1411, -122.1338, 0.0000, 210, 200, 175
L -982.1411, -122.1338, 0.0000, -974.2478, -122.1338, 0.0000, 210, 200, 175
L -967.0722, -139.6355, 0.0000, -967.0722, -219.3652, 0.0000, 170, 160, 135
L -974.2478, -139.6355, 0.0000, -974.2478, -219.3652, 0.0000, 170, 160, 135
L -967.0722, -139.6355, 0.0000, -959.1789, -139.6355, 0.0000, 170, 160, 135
L -959.1789, -139.6355, 0.0000, -970.6600, -133.8949, 0.0000, 170, 160, 135
L -970.6600, -133.8949, 0.0000, -982.1411, -139.6355, 0.0000, 170, 160, 135
L -982.1411, -139.6355, 0.0000, -974.2478, -139.6355, 0.0000, 170, 160, 135
L -967.0722, -219.3652, 0.0000, -959.1789, -219.3652, 0.0000, 170, 160, 135
L -959.1789, -219.3652, 0.0000, -970.6600, -225.1057, 0.0000, 170, 160, 135
L -970.6600, -225.1057, 0.0000, -982.1411, -219.3652, 0.0000, 170, 160, 135
L -982.1411, -219.3652, 0.0000, -974.2478, -219.3652, 0.0000, 170, 160, 135
L -967.0722, -236.8668, 0.0000, -967.0722, -316.5965, 0.0000, 210, 200, 175
L -974.2478, -236.8668, 0.0000, -974.2478, -316.5965, 0.0000, 210, 200, 175
L -967.0722, -236.8668, 0.0000, -959.1789, -236.8668, 0.0000, 210, 200, 175
L -959.1789, -236.8668, 0.0000, -970.6600, -231.1263, 0.0000, 210, 200, 175
L -970.6600, -231.1263, 0.0000, -982.1411, -236.8668, 0.0000, 210, 200, 175
L -982.1411, -236.8668, 0.0000, -974.2478, -236.8668, 0.0000, 210, 200, 175
L -967.0722, -316.5965, 0.0000, -959.1789, -316.5965, 0.0000, 210, 200, 175
L -959.1789, -316.5965, 0.0000, -970.6600, -322.3371, 0.0000, 210, 200, 175
L -970.6600, -322.3371, 0.0000, -982.1411, -316.5965, 0.0000, 210, 200, 175
L -982.1411, -316.5965, 0.0000, -974.2478, -316.5965, 0.0000, 210, 200, 175
L -967.0722, -334.0982, 0.0000, -967.0722, -413.8278, 0.0000, 170, 160, 135
L -974.2478, -334.0982, 0.0000, -974.2478, -413.8278, 0.0000, 170, 160, 135
L -967.0722, -334.0982, 0.0000, -959.1789, -334.0982, 0.0000, 170, 160, 135
L -959.1789, -334.0982, 0.0000, -970.6600, -328.3576, 0.0000, 170, 160, 135
L -970.6600, -328.3576, 0.0000, -982.1411, -334.0982, 0.0000, 170, 160, 135
L -982.1411, -334.0982, 0.0000, -974.2478, -334.0982, 0.0000, 170, 160, 135
L -967.0722, -413.8278, 0.0000, -959.1789, -413.8278, 0.0000, 170, 160, 135
L -959.1789, -413.8278, 0.0000, -970.6600, -419.5684, 0.0000, 170, 160, 135
L -970.6600, -419.5684, 0.0000, -982.1411, -413.8278, 0.0000, 170, 160, 135
L -982.1411, -413.8278, 0.0000, -974.2478, -413.8278, 0.0000, 170, 160, 135
L -967.0722, -431.3295, 0.0000, -967.0722, -511.0592, 0.0000, 210, 200, 175
L -974.2478, -431.3295, 0.0000, -974.2478, -511.0592, 0.0000, 210, 200, 175
L -967.0722, -431.3295, 0.0000, -959.1789, -431.3295, 0.0000, 210, 200, 175
L -959.1789, -431.3295, 0.0000, -970.6600, -425.5889, 0.0000, 210, 200, 175
L -970.6600, -425.5889, 0.0000, -982.1411, -431.3295, 0.0000, 210, 200, 175
L -982.1411, -431.3295, 0.0000, -974.2478, -431.3295, 0.0000, 210, 200, 175
L -967.0722, -511.0592, 0.0000, -959.1789, -511.0592, 0.0000, 210, 200, 175
L -959.1789, -511.0592, 0.0000, -970.6600, -516.7997, 0.0000, 210, 200, 175
L -970.6600, -516.7997, 0.0000, -982.1411, -511.0592, 0.0000, 210, 200, 175
L -982.1411, -511.0592, 0.0000, -974.2478, -511.0592, 0.0000, 210, 200, 175
L -1010.6600, -559.8100, 0.0000, -1010.6600, 978.6600, 0.0000, 150, 138, 120
L -810.6600, -559.8100, 0.0000, -810.6600, 978.6600, 0.0000, 150, 138, 120
L -610.6600, -559.8100, 0.0000, -610.6600, 978.6600, 0.0000, 150, 138, 120
L -410.6600, -559.8100, 0.0000, -410.6600, 978.6600, 0.0000, 150, 138, 120
L -210.6600, -559.8100, 0.0000, -210.6600, 978.6600, 0.0000, 150, 138, 120
L -10.6600, -559.8100, 0.0000, -10.6600, 978.6600, 0.0000, 150, 138, 120
L 189.3400, -559.8100, 0.0000, 189.3400, 978.6600, 0.0000, 150, 138, 120
L 389.3400, -559.8100, 0.0000, 389.3400, 978.6600, 0.0000, 150, 138, 120
L -1010.6600, -559.8100, 0.0000, 456.8800, -559.8100, 0.0000, 150, 138, 120
L -1010.6600, -359.8100, 0.0000, 456.8800, -359.8100, 0.0000, 150, 138, 120
L -1010.6600, -159.8100, 0.0000, 456.8800, -159.8100, 0.0000, 150, 138, 120
L -1010.6600, 40.1900, 0.0000, 456.8800, 40.1900, 0.0000, 150, 138, 120
L -1010.6600, 240.1900, 0.0000, 456.8800, 240.1900, 0.0000, 150, 138, 120
L -1010.6600, 440.1900, 0.0000, 456.8800, 440.1900, 0.0000, 150, 138, 120
L -1010.6600, 640.1900, 0.0000, 456.8800, 640.1900, 0.0000, 150, 138, 120
L -1010.6600, 840.1900, 0.0000, 456.8800, 840.1900, 0.0000, 150, 138, 120
L 326.8800, 758.6600, 0.0000, 323.8133, 781.9537, 0.0000, 60, 45, 30
L 323.8133, 781.9537, 0.0000, 314.8223, 803.6600, 0.0000, 60, 45, 30
L 314.8223, 803.6600, 0.0000, 300.5196, 822.2996, 0.0000, 60, 45, 30
L 300.5196, 822.2996, 0.0000, 281.8800, 836.6023, 0.0000, 60, 45, 30
L 281.8800, 836.6023, 0.0000, 260.1737, 845.5933, 0.0000, 60, 45, 30
L 260.1737, 845.5933, 0.0000, 236.8800, 848.6600, 0.0000, 60, 45, 30
L 236.8800, 848.6600, 0.0000, 213.5863, 845.5933, 0.0000, 60, 45, 30
L 213.5863, 845.5933, 0.0000, 191.8800, 836.6023, 0.0000, 60, 45, 30
L 191.8800, 836.6023, 0.0000, 173.2404, 822.2996, 0.0000, 60, 45, 30
L 173.2404, 822.2996, 0.0000, 158.9377, 803.6600, 0.0000, 60, 45, 30
L 158.9377, 803.6600, 0.0000, 149.9467, 781.9537, 0.0000, 60, 45, 30
L 149.9467, 781.9537, 0.0000, 146.8800, 758.6600, 0.0000, 60, 45, 30
L 146.8800, 758.6600, 0.0000, 149.9467, 735.3663, 0.0000, 60, 45, 30
L 149.9467, 735.3663, 0.0000, 158.9377, 713.6600, 0.0000, 60, 45, 30
L 158.9377, 713.6600, 0.0000, 173.2404, 695.0204, 0.0000, 60, 45, 30
L 173.2404, 695.0204, 0.0000, 191.8800, 680.7177, 0.0000, 60, 45, 30
L 191.8800, 680.7177, 0.0000, 213.5863, 671.7267, 0.0000, 60, 45, 30
L 213.5863, 671.7267, 0.0000, 236.8800, 668.6600, 0.0000, 60, 45, 30
L 236.8800, 668.6600, 0.0000, 260.1737, 671.7267, 0.0000, 60, 45, 30
L 260.1737, 671.7267, 0.0000, 281.8800, 680.7177, 0.0000, 60, 45, 30
L 281.8800, 680.7177, 0.0000, 300.5196, 695.0204, 0.0000, 60, 45, 30
L 300.5196, 695.0204, 0.0000, 314.8223, 713.6600, 0.0000, 60, 45, 30
L 314.8223, 713.6600, 0.0000, 323.8133, 735.3663, 0.0000, 60, 45, 30
L 323.8133, 735.3663, 0.0000, 326.8800, 758.6600, 0.0000, 60, 45, 30
L 290.8800, 758.6600, 0.0000, 289.0400, 772.6362, 0.0000, 60, 45, 30
L 289.0400, 772.6362, 0.0000, 283.6454, 785.6600, 0.0000, 60, 45, 30
L 283.6454, 785.6600, 0.0000, 275.0638, 796.8438, 0.0000, 60, 45, 30
L 275.0638, 796.8438, 0.0000, 263.8800, 805.4254, 0.0000, 60, 45, 30
L 263.8800, 805.4254, 0.0000, 250.8562, 810.8200, 0.0000, 60, 45, 30
L 250.8562, 810.8200, 0.0000, 236.8800, 812.6600, 0.0000, 60, 45, 30
L 236.8800, 812.6600, 0.0000, 222.9038, 810.8200, 0.0000, 60, 45, 30
L 222.9038, 810.8200, 0.0000, 209.8800, 805.4254, 0.0000, 60, 45, 30
L 209.8800, 805.4254, 0.0000, 198.6962, 796.8438, 0.0000, 60, 45, 30
L 198.6962, 796.8438, 0.0000, 190.1146, 785.6600, 0.0000, 60, 45, 30
L 190.1146, 785.6600, 0.0000, 184.7200, 772.6362, 0.0000, 60, 45, 30
L 184.7200, 772.6362, 0.0000, 182.8800, 758.6600, 0.0000, 60, 45, 30
L 182.8800, 758.6600, 0.0000, 184.7200, 744.6838, 0.0000, 60, 45, 30
L 184.7200, 744.6838, 0.0000, 190.1146, 731.6600, 0.0000, 60, 45, 30
L 190.1146, 731.6600, 0.0000, 198.6962, 720.4762, 0.0000, 60, 45, 30
L 198.6962, 720.4762, 0.0000, 209.8800, 711.8946, 0.0000, 60, 45, 30
L 209.8800, 711.8946, 0.0000, 222.9038, 706.5000, 0.0000, 60, 45, 30
L 222.9038, 706.5000, 0.0000, 236.8800, 704.6600, 0.0000, 60, 45, 30
L 236.8800, 704.6600, 0.0000, 250.8562, 706.5000, 0.0000, 60, 45, 30
L 250.8562, 706.5000, 0.0000, 263.8800, 711.8946, 0.0000, 60, 45, 30
L 263.8800, 711.8946, 0.0000, 275.0638, 720.4762, 0.0000, 60, 45, 30
L 275.0638, 720.4762, 0.0000, 283.6454, 731.6600, 0.0000, 60, 45, 30
L 283.6454, 731.6600, 0.0000, 289.0400, 744.6838, 0.0000, 60, 45, 30
L 289.0400, 744.6838, 0.0000, 290.8800, 758.6600, 0.0000, 60, 45, 30
L 236.8800, 758.6600, 0.0000, 326.8800, 758.6600, 0.0000, 60, 45, 30
L 236.8800, 758.6600, 0.0000, 300.5196, 822.2996, 0.0000, 60, 45, 30
L 236.8800, 758.6600, 0.0000, 236.8800, 848.6600, 0.0000, 60, 45, 30
L 236.8800, 758.6600, 0.0000, 173.2404, 822.2996, 0.0000, 60, 45, 30
L 236.8800, 758.6600, 0.0000, 146.8800, 758.6600, 0.0000, 60, 45, 30
L 236.8800, 758.6600, 0.0000, 173.2404, 695.0204, 0.0000, 60, 45, 30
L 236.8800, 758.6600, 0.0000, 236.8800, 668.6600, 0.0000, 60, 45, 30
L 236.8800, 758.6600, 0.0000, 300.5196, 695.0204, 0.0000, 60, 45, 30
P 236.8800, 656.6600, 0.0000, 60, 45, 30, 3, N
P 236.8800, 860.6600, 0.0000, 60, 45, 30, 1, S
P 338.8800, 758.6600, 0.0000, 60, 45, 30, 1, E
P 134.8800, 758.6600, 0.0000, 60, 45, 30, 1, W
L -544.2933, -702.9534, 0.0000, -570.7576, -664.9534, 0.0000, 60, 45, 30
L -570.7576, -664.9534, 0.0000, -555.9867, -654.6666, 0.0000, 60, 45, 30
L -555.9867, -654.6666, 0.0000, -529.5224, -692.6666, 0.0000, 60, 45, 30
L -529.5224, -692.6666, 0.0000, -544.2933, -702.9534, 0.0000, 60, 45, 30
L -544.2933, -702.9534, 0.0000, -556.8066, -678.6863, 0.0000, 60, 45, 30
L -556.8066, -678.6863, 0.0000, -555.9867, -654.6666, 0.0000, 60, 45, 30
L -572.3721, -659.8100, 0.0000, -572.3721, -602.8100, 0.0000, 60, 45, 30
L -572.3721, -602.8100, 0.0000, -554.3721, -602.8100, 0.0000, 60, 45, 30
L -554.3721, -602.8100, 0.0000, -554.3721, -659.8100, 0.0000, 60, 45, 30
L -554.3721, -659.8100, 0.0000, -572.3721, -659.8100, 0.0000, 60, 45, 30
L -572.3721, -659.8100, 0.0000, -568.7721, -624.1712, 0.0000, 60, 45, 30
L -568.7721, -624.1712, 0.0000, -554.3721, -602.8100, 0.0000, 60, 45, 30
L -570.7576, -597.6666, 0.0000, -544.2933, -559.6666, 0.0000, 60, 45, 30
L -544.2933, -559.6666, 0.0000, -529.5224, -569.9534, 0.0000, 60, 45, 30
L -529.5224, -569.9534, 0.0000, -555.9867, -607.9534, 0.0000, 60, 45, 30
L -555.9867, -607.9534, 0.0000, -570.7576, -597.6666, 0.0000, 60, 45, 30
L -570.7576, -597.6666, 0.0000, -552.6063, -577.9024, 0.0000, 60, 45, 30
L -552.6063, -577.9024, 0.0000, -529.5224, -569.9534, 0.0000, 60, 45, 30
L -488.2650, -564.8100, 0.0000, -488.2650, -697.8100, 0.0000, 60, 45, 30
L -488.2650, -697.8100, 0.0000, -506.2650, -697.8100, 0.0000, 60, 45, 30
L -506.2650, -697.8100, 0.0000, -506.2650, -564.8100, 0.0000, 60, 45, 30
L -506.2650, -564.8100, 0.0000, -488.2650, -564.8100, 0.0000, 60, 45, 30
L -488.2650, -564.8100, 0.0000, -491.8650, -649.9768, 0.0000, 60, 45, 30
L -491.8650, -649.9768, 0.0000, -506.2650, -697.8100, 0.0000, 60, 45, 30
L -497.2650, -688.8100, 0.0000, -473.0061, -688.8100, 0.0000, 60, 45, 30
L -473.0061, -688.8100, 0.0000, -473.0061, -706.8100, 0.0000, 60, 45, 30
L -473.0061, -706.8100, 0.0000, -497.2650, -706.8100, 0.0000, 60, 45, 30
L -497.2650, -706.8100, 0.0000, -497.2650, -688.8100, 0.0000, 60, 45, 30
L -497.2650, -688.8100, 0.0000, -486.7339, -692.4100, 0.0000, 60, 45, 30
L -486.7339, -692.4100, 0.0000, -473.0061, -706.8100, 0.0000, 60, 45, 30
L -482.0061, -697.8100, 0.0000, -482.0061, -631.3100, 0.0000, 60, 45, 30
L -482.0061, -631.3100, 0.0000, -464.0061, -631.3100, 0.0000, 60, 45, 30
L -464.0061, -631.3100, 0.0000, -464.0061, -697.8100, 0.0000, 60, 45, 30
L -464.0061, -697.8100, 0.0000, -482.0061, -697.8100, 0.0000, 60, 45, 30
L -482.0061, -697.8100, 0.0000, -478.4061, -665.3630, 0.0000, 60, 45, 30
L -478.4061, -665.3630, 0.0000, -464.0061, -631.3100, 0.0000, 60, 45, 30
L -473.0061, -640.3100, 0.0000, -497.2650, -640.3100, 0.0000, 60, 45, 30
L -497.2650, -640.3100, 0.0000, -497.2650, -622.3100, 0.0000, 60, 45, 30
L -497.2650, -622.3100, 0.0000, -473.0061, -622.3100, 0.0000, 60, 45, 30
L -473.0061, -622.3100, 0.0000, -473.0061, -640.3100, 0.0000, 60, 45, 30
L -473.0061, -640.3100, 0.0000, -485.2891, -636.7100, 0.0000, 60, 45, 30
L -485.2891, -636.7100, 0.0000, -497.2650, -622.3100, 0.0000, 60, 45, 30
L -497.0676, -628.7360, 0.0000, -477.2194, -562.2360, 0.0000, 60, 45, 30
L -477.2194, -562.2360, 0.0000, -459.9713, -567.3840, 0.0000, 60, 45, 30
L -459.9713, -567.3840, 0.0000, -479.8195, -633.8840, 0.0000, 60, 45, 30
L -479.8195, -633.8840, 0.0000, -497.0676, -628.7360, 0.0000, 60, 45, 30
L -497.0676, -628.7360, 0.0000, -484.6966, -599.8749, 0.0000, 60, 45, 30
L -484.6966, -599.8749, 0.0000, -459.9713, -567.3840, 0.0000, 60, 45, 30
L -440.1579, -697.8100, 0.0000, -440.1579, -598.0600, 0.0000, 60, 45, 30
L -440.1579, -598.0600, 0.0000, -422.1579, -598.0600, 0.0000, 60, 45, 30
L -422.1579, -598.0600, 0.0000, -422.1579, -697.8100, 0.0000, 60, 45, 30
L -422.1579, -697.8100, 0.0000, -440.1579, -697.8100, 0.0000, 60, 45, 30
L -440.1579, -697.8100, 0.0000, -436.5579, -649.2136, 0.0000, 60, 45, 30
L -436.5579, -649.2136, 0.0000, -422.1579, -598.0600, 0.0000, 60, 45, 30
L -439.3209, -594.2700, 0.0000, -423.8834, -561.0200, 0.0000, 60, 45, 30
L -423.8834, -561.0200, 0.0000, -407.5573, -568.6000, 0.0000, 60, 45, 30
L -407.5573, -568.6000, 0.0000, -422.9948, -601.8500, 0.0000, 60, 45, 30
L -422.9948, -601.8500, 0.0000, -439.3209, -594.2700, 0.0000, 60, 45, 30
L -439.3209, -594.2700, 0.0000, -429.3602, -581.3649, 0.0000, 60, 45, 30
L -429.3602, -581.3649, 0.0000, -407.5573, -568.6000, 0.0000, 60, 45, 30
L -406.7804, -563.7723, 0.0000, -391.3429, -696.7723, 0.0000, 60, 45, 30
L -391.3429, -696.7723, 0.0000, -409.2228, -698.8477, 0.0000, 60, 45, 30
L -409.2228, -698.8477, 0.0000, -424.6603, -565.8477, 0.0000, 60, 45, 30
L -424.6603, -565.8477, 0.0000, -406.7804, -563.7723, 0.0000, 60, 45, 30
L -406.7804, -563.7723, 0.0000, -404.6222, -613.5897, 0.0000, 60, 45, 30
L -404.6222, -613.5897, 0.0000, -409.2228, -698.8477, 0.0000, 60, 45, 30
L -347.3869, -694.4341, 0.0000, -369.4405, -670.6841, 0.0000, 60, 45, 30
L -369.4405, -670.6841, 0.0000, -356.2502, -658.4359, 0.0000, 60, 45, 30
L -356.2502, -658.4359, 0.0000, -334.1966, -682.1859, 0.0000, 60, 45, 30
L -334.1966, -682.1859, 0.0000, -347.3869, -694.4341, 0.0000, 60, 45, 30
L -347.3869, -694.4341, 0.0000, -353.1503, -682.9368, 0.0000, 60, 45, 30
L -353.1503, -682.9368, 0.0000, -356.2502, -658.4359, 0.0000, 60, 45, 30
L -370.2308, -659.4166, 0.0000, -350.3826, -630.9166, 0.0000, 60, 45, 30
L -350.3826, -630.9166, 0.0000, -335.6117, -641.2034, 0.0000, 60, 45, 30
L -335.6117, -641.2034, 0.0000, -355.4599, -669.7034, 0.0000, 60, 45, 30
L -355.4599, -669.7034, 0.0000, -370.2308, -659.4166, 0.0000, 60, 45, 30
L -370.2308, -659.4166, 0.0000, -356.9340, -646.6230, 0.0000, 60, 45, 30
L -356.9340, -646.6230, 0.0000, -335.6117, -641.2034, 0.0000, 60, 45, 30
L -350.3826, -641.2034, 0.0000, -370.2308, -612.7034, 0.0000, 60, 45, 30
L -370.2308, -612.7034, 0.0000, -355.4599, -602.4166, 0.0000, 60, 45, 30
L -355.4599, -602.4166, 0.0000, -335.6117, -630.9166, 0.0000, 60, 45, 30
L -335.6117, -630.9166, 0.0000, -350.3826, -641.2034, 0.0000, 60, 45, 30
L -350.3826, -641.2034, 0.0000, -359.3514, -622.0258, 0.0000, 60, 45, 30
L -359.3514, -622.0258, 0.0000, -355.4599, -602.4166, 0.0000, 60, 45, 30
L -370.5732, -602.9469, 0.0000, -350.7250, -569.6969, 0.0000, 60, 45, 30
L -350.7250, -569.6969, 0.0000, -335.2693, -578.9231, 0.0000, 60, 45, 30
L -335.2693, -578.9231, 0.0000, -355.1175, -612.1731, 0.0000, 60, 45, 30
L -355.1175, -612.1731, 0.0000, -370.5732, -602.9469, 0.0000, 60, 45, 30
L -370.5732, -602.9469, 0.0000, -356.1512, -585.8105, 0.0000, 60, 45, 30
L -356.1512, -585.8105, 0.0000, -335.2693, -578.9231, 0.0000, 60, 45, 30
L -289.9436, -564.8100, 0.0000, -289.9436, -697.8100, 0.0000, 60, 45, 30
L -289.9436, -697.8100, 0.0000, -307.9436, -697.8100, 0.0000, 60, 45, 30
L -307.9436, -697.8100, 0.0000, -307.9436, -564.8100, 0.0000, 60, 45, 30
L -307.9436, -564.8100, 0.0000, -289.9436, -564.8100, 0.0000, 60, 45, 30
L -289.9436, -564.8100, 0.0000, -293.5436, -648.8311, 0.0000, 60, 45, 30
L -293.5436, -648.8311, 0.0000, -307.9436, -697.8100, 0.0000, 60, 45, 30
L -261.2739, -564.8100, 0.0000, -261.2739, -697.8100, 0.0000, 60, 45, 30
L -261.2739, -697.8100, 0.0000, -279.2739, -697.8100, 0.0000, 60, 45, 30
L -279.2739, -697.8100, 0.0000, -279.2739, -564.8100, 0.0000, 60, 45, 30
L -279.2739, -564.8100, 0.0000, -261.2739, -564.8100, 0.0000, 60, 45, 30
L -261.2739, -564.8100, 0.0000, -264.8739, -622.4688, 0.0000, 60, 45, 30
L -264.8739, -622.4688, 0.0000, -279.2739, -697.8100, 0.0000, 60, 45, 30
L -298.9436, -622.3100, 0.0000, -270.2739, -622.3100, 0.0000, 60, 45, 30
L -270.2739, -622.3100, 0.0000, -270.2739, -640.3100, 0.0000, 60, 45, 30
L -270.2739, -640.3100, 0.0000, -298.9436, -640.3100, 0.0000, 60, 45, 30
L -298.9436, -640.3100, 0.0000, -298.9436, -622.3100, 0.0000, 60, 45, 30
L -298.9436, -622.3100, 0.0000, -282.4831, -625.9100, 0.0000, 60, 45, 30
L -282.4831, -625.9100, 0.0000, -270.2739, -640.3100, 0.0000, 60, 45, 30
L -223.8364, -564.8100, 0.0000, -223.8364, -697.8100, 0.0000, 60, 45, 30
L -223.8364, -697.8100, 0.0000, -241.8364, -697.8100, 0.0000, 60, 45, 30
L -241.8364, -697.8100, 0.0000, -241.8364, -564.8100, 0.0000, 60, 45, 30
L -241.8364, -564.8100, 0.0000, -223.8364, -564.8100, 0.0000, 60, 45, 30
L -223.8364, -564.8100, 0.0000, -227.4364, -615.8670, 0.0000, 60, 45, 30
L -227.4364, -615.8670, 0.0000, -241.8364, -697.8100, 0.0000, 60, 45, 30
L -232.8364, -688.8100, 0.0000, -212.9882, -688.8100, 0.0000, 60, 45, 30
L -212.9882, -688.8100, 0.0000, -212.9882, -706.8100, 0.0000, 60, 45, 30
L -212.9882, -706.8100, 0.0000, -232.8364, -706.8100, 0.0000, 60, 45, 30
L -232.8364, -706.8100, 0.0000, -232.8364, -688.8100, 0.0000, 60, 45, 30
L -232.8364, -688.8100, 0.0000, -223.7217, -692.4100, 0.0000, 60, 45, 30
L -223.7217, -692.4100, 0.0000, -212.9882, -706.8100, 0.0000, 60, 45, 30
L -221.8823, -696.4335, 0.0000, -217.4716, -667.9335, 0.0000, 60, 45, 30
L -217.4716, -667.9335, 0.0000, -199.6834, -670.6865, 0.0000, 60, 45, 30
L -199.6834, -670.6865, 0.0000, -204.0941, -699.1865, 0.0000, 60, 45, 30
L -204.0941, -699.1865, 0.0000, -221.8823, -696.4335, 0.0000, 60, 45, 30
L -221.8823, -696.4335, 0.0000, -216.5056, -685.2302, 0.0000, 60, 45, 30
L -216.5056, -685.2302, 0.0000, -199.6834, -670.6865, 0.0000, 60, 45, 30
L -217.4993, -670.4935, 0.0000, -221.9101, -637.2435, 0.0000, 60, 45, 30
L -221.9101, -637.2435, 0.0000, -204.0664, -634.8765, 0.0000, 60, 45, 30
L -204.0664, -634.8765, 0.0000, -199.6557, -668.1265, 0.0000, 60, 45, 30
L -199.6557, -668.1265, 0.0000, -217.4993, -670.4935, 0.0000, 60, 45, 30
L -217.4993, -670.4935, 0.0000, -216.2928, -652.2129, 0.0000, 60, 45, 30
L -216.2928, -652.2129, 0.0000, -204.0664, -634.8765, 0.0000, 60, 45, 30
L -212.9882, -645.0600, 0.0000, -232.8364, -645.0600, 0.0000, 60, 45, 30
L -232.8364, -645.0600, 0.0000, -232.8364, -627.0600, 0.0000, 60, 45, 30
L -232.8364, -627.0600, 0.0000, -212.9882, -627.0600, 0.0000, 60, 45, 30
L -212.9882, -627.0600, 0.0000, -212.9882, -645.0600, 0.0000, 60, 45, 30
L -212.9882, -645.0600, 0.0000, -224.0327, -641.4600, 0.0000, 60, 45, 30
L -224.0327, -641.4600, 0.0000, -232.8364, -627.0600, 0.0000, 60, 45, 30
L -221.8152, -634.3036, 0.0000, -215.1991, -601.0536, 0.0000, 60, 45, 30
L -215.1991, -601.0536, 0.0000, -197.5452, -604.5664, 0.0000, 60, 45, 30
L -197.5452, -604.5664, 0.0000, -204.1613, -637.8164, 0.0000, 60, 45, 30
L -204.1613, -637.8164, 0.0000, -221.8152, -634.3036, 0.0000, 60, 45, 30
L -221.8152, -634.3036, 0.0000, -214.6029, -616.5043, 0.0000, 60, 45, 30
L -214.6029, -616.5043, 0.0000, -197.5452, -604.5664, 0.0000, 60, 45, 30
L -215.2388, -604.3537, 0.0000, -221.8548, -566.3537, 0.0000, 60, 45, 30
L -221.8548, -566.3537, 0.0000, -204.1216, -563.2663, 0.0000, 60, 45, 30
L -204.1216, -563.2663, 0.0000, -197.5055, -601.2663, 0.0000, 60, 45, 30
L -197.5055, -601.2663, 0.0000, -215.2388, -604.3537, 0.0000, 60, 45, 30
L -215.2388, -604.3537, 0.0000, -214.5563, -587.2853, 0.0000, 60, 45, 30
L -214.5563, -587.2853, 0.0000, -204.1216, -563.2663, 0.0000, 60, 45, 30
L -212.9882, -573.8100, 0.0000, -232.8364, -573.8100, 0.0000, 60, 45, 30
L -232.8364, -573.8100, 0.0000, -232.8364, -555.8100, 0.0000, 60, 45, 30
L -232.8364, -555.8100, 0.0000, -212.9882, -555.8100, 0.0000, 60, 45, 30
L -212.9882, -555.8100, 0.0000, -212.9882, -573.8100, 0.0000, 60, 45, 30
L -212.9882, -573.8100, 0.0000, -221.2976, -570.2100, 0.0000, 60, 45, 30
L -221.2976, -570.2100, 0.0000, -232.8364, -555.8100, 0.0000, 60, 45, 30
L -157.7293, -564.8100, 0.0000, -157.7293, -697.8100, 0.0000, 60, 45, 30
L -157.7293, -697.8100, 0.0000, -175.7293, -697.8100, 0.0000, 60, 45, 30
L -175.7293, -697.8100, 0.0000, -175.7293, -564.8100, 0.0000, 60, 45, 30
L -175.7293, -564.8100, 0.0000, -157.7293, -564.8100, 0.0000, 60, 45, 30
L -157.7293, -564.8100, 0.0000, -161.3293, -631.1349, 0.0000, 60, 45, 30
L -161.3293, -631.1349, 0.0000, -175.7293, -697.8100, 0.0000, 60, 45, 30
L -166.7293, -688.8100, 0.0000, -140.2650, -688.8100, 0.0000, 60, 45, 30
L -140.2650, -688.8100, 0.0000, -140.2650, -706.8100, 0.0000, 60, 45, 30
L -140.2650, -706.8100, 0.0000, -166.7293, -706.8100, 0.0000, 60, 45, 30
L -166.7293, -706.8100, 0.0000, -166.7293, -688.8100, 0.0000, 60, 45, 30
L -166.7293, -688.8100, 0.0000, -149.8360, -692.4100, 0.0000, 60, 45, 30
L -149.8360, -692.4100, 0.0000, -140.2650, -706.8100, 0.0000, 60, 45, 30
L -149.2650, -697.8100, 0.0000, -149.2650, -564.8100, 0.0000, 60, 45, 30
L -149.2650, -564.8100, 0.0000, -131.2650, -564.8100, 0.0000, 60, 45, 30
L -131.2650, -564.8100, 0.0000, -131.2650, -697.8100, 0.0000, 60, 45, 30
L -131.2650, -697.8100, 0.0000, -149.2650, -697.8100, 0.0000, 60, 45, 30
L -149.2650, -697.8100, 0.0000, -145.6650, -643.3194, 0.0000, 60, 45, 30
L -145.6650, -643.3194, 0.0000, -131.2650, -564.8100, 0.0000, 60, 45, 30
L -140.2650, -573.8100, 0.0000, -166.7293, -573.8100, 0.0000, 60, 45, 30
L -166.7293, -573.8100, 0.0000, -166.7293, -555.8100, 0.0000, 60, 45, 30
L -166.7293, -555.8100, 0.0000, -140.2650, -555.8100, 0.0000, 60, 45, 30
L -140.2650, -555.8100, 0.0000, -140.2650, -573.8100, 0.0000, 60, 45, 30
L -140.2650, -573.8100, 0.0000, -149.7659, -570.2100, 0.0000, 60, 45, 30
L -149.7659, -570.2100, 0.0000, -166.7293, -555.8100, 0.0000, 60, 45, 30
L -91.6221, -564.8100, 0.0000, -91.6221, -697.8100, 0.0000, 60, 45, 30
L -91.6221, -697.8100, 0.0000, -109.6221, -697.8100, 0.0000, 60, 45, 30
L -109.6221, -697.8100, 0.0000, -109.6221, -564.8100, 0.0000, 60, 45, 30
L -109.6221, -564.8100, 0.0000, -91.6221, -564.8100, 0.0000, 60, 45, 30
L -91.6221, -564.8100, 0.0000, -95.2221, -618.2597, 0.0000, 60, 45, 30
L -95.2221, -618.2597, 0.0000, -109.6221, -697.8100, 0.0000, 60, 45, 30
L -109.3890, -695.7748, 0.0000, -78.5140, -562.7748, 0.0000, 60, 45, 30
L -78.5140, -562.7748, 0.0000, -60.9803, -566.8452, 0.0000, 60, 45, 30
L -60.9803, -566.8452, 0.0000, -91.8553, -699.8452, 0.0000, 60, 45, 30
L -91.8553, -699.8452, 0.0000, -109.3890, -695.7748, 0.0000, 60, 45, 30
L -109.3890, -695.7748, 0.0000, -88.5919, -622.1071, 0.0000, 60, 45, 30
L -88.5919, -622.1071, 0.0000, -60.9803, -566.8452, 0.0000, 60, 45, 30
L -60.7471, -564.8100, 0.0000, -60.7471, -697.8100, 0.0000, 60, 45, 30
L -60.7471, -697.8100, 0.0000, -78.7471, -697.8100, 0.0000, 60, 45, 30
L -78.7471, -697.8100, 0.0000, -78.7471, -564.8100, 0.0000, 60, 45, 30
L -78.7471, -564.8100, 0.0000, -60.7471, -564.8100, 0.0000, 60, 45, 30
L -60.7471, -564.8100, 0.0000, -64.3471, -642.7773, 0.0000, 60, 45, 30
L -64.3471, -642.7773, 0.0000, -78.7471, -697.8100, 0.0000, 60, 45, 30
L -25.5150, -564.8100, 0.0000, -25.5150, -697.8100, 0.0000, 60, 45, 30
L -25.5150, -697.8100, 0.0000, -43.5150, -697.8100, 0.0000, 60, 45, 30
L -43.5150, -697.8100, 0.0000, -43.5150, -564.8100, 0.0000, 60, 45, 30
L -43.5150, -564.8100, 0.0000, -25.5150, -564.8100, 0.0000, 60, 45, 30
L -25.5150, -564.8100, 0.0000, -29.1150, -621.4782, 0.0000, 60, 45, 30
L -29.1150, -621.4782, 0.0000, -43.5150, -697.8100, 0.0000, 60, 45, 30
L -34.5150, -688.8100, 0.0000, -8.0507, -688.8100, 0.0000, 60, 45, 30
L -8.0507, -688.8100, 0.0000, -8.0507, -706.8100, 0.0000, 60, 45, 30
L -8.0507, -706.8100, 0.0000, -34.5150, -706.8100, 0.0000, 60, 45, 30
L -34.5150, -706.8100, 0.0000, -34.5150, -688.8100, 0.0000, 60, 45, 30
L -34.5150, -688.8100, 0.0000, -22.0322, -692.4100, 0.0000, 60, 45, 30
L -22.0322, -692.4100, 0.0000, -8.0507, -706.8100, 0.0000, 60, 45, 30
L -34.5150, -622.3100, 0.0000, -12.4614, -622.3100, 0.0000, 60, 45, 30
L -12.4614, -622.3100, 0.0000, -12.4614, -640.3100, 0.0000, 60, 45, 30
L -12.4614, -640.3100, 0.0000, -34.5150, -640.3100, 0.0000, 60, 45, 30
L -34.5150, -640.3100, 0.0000, -34.5150, -622.3100, 0.0000, 60, 45, 30
L -34.5150, -622.3100, 0.0000, -26.6558, -625.9100, 0.0000, 60, 45, 30
L -26.6558, -625.9100, 0.0000, -12.4614, -640.3100, 0.0000, 60, 45, 30
L -34.5150, -555.8100, 0.0000, -8.0507, -555.8100, 0.0000, 60, 45, 30
L -8.0507, -555.8100, 0.0000, -8.0507, -573.8100, 0.0000, 60, 45, 30
L -8.0507, -573.8100, 0.0000, -34.5150, -573.8100, 0.0000, 60, 45, 30
L -34.5150, -573.8100, 0.0000, -34.5150, -555.8100, 0.0000, 60, 45, 30
L -34.5150, -555.8100, 0.0000, -23.2392, -559.4100, 0.0000, 60, 45, 30
L -23.2392, -559.4100, 0.0000, -8.0507, -573.8100, 0.0000, 60, 45, 30
