P 1558.6127, -13.5509, -50.7177, 160, 105, 0, 3, to_West_Freeport
P -615.6914, -1483.6917, -17.7802, 160, 105, 0, 3, to_Nektulos
P 20.3067, 2427.0945, 3.7510, 160, 105, 0, 3, to_North_Ro
P -4952.3315, -9.0695, -70.6922, 160, 105, 0, 3, to_West_Commonlands
P 6.0507, 1662.6854, 3.7510, 35, 95, 55, 2, Rushka_(Spells)
P 132.4103, 1681.2939, 3.7510, 35, 95, 55, 2, Shady_(Merchant)
P -3755.6426, -980.0028, -49.5240, 35, 95, 55, 2, Joryd_(Fletcher)
P -4056.6707, -340.4851, -49.2740, 35, 95, 55, 2, Romya_(Merchant)
P -4740.1753, -234.1754, -49.1293, 35, 95, 55, 2, Katha_(Gems)
P -3064.7029, 315.4241, -51.5937, 35, 95, 55, 2, Loric_(Tailor)
P -237.5206, 118.0719, -48.9186, 35, 95, 55, 2, Parthar_(Brewer)
P -27.4852, 134.6940, -50.7259, 35, 95, 55, 2, Merra_(Pottery)
P 853.1782, -185.0536, -49.4759, 35, 95, 55, 2, Ponila_(Weapons)
P 789.3440, 121.0467, -49.6009, 35, 95, 55, 2, Pardor_(Merchant)
P 846.7277, 183.9857, -49.8509, 165, 60, 20, 3, Rinna_(GM_Cleric)
P -2680.0000, -1019.0000, -54.6684, 165, 60, 20, 3, Lord_Shin_Ree_(Orc_Camp,_Crown_of_Tranix)
P -3025.0000, 267.0000, -55.3587, 30, 70, 90, 2, Orc_Camp_(Nektulos_side)
P -3323.0000, -131.0000, -51.5927, 110, 0, 60, 2, A_Kodiak/Griffin_(roamer,_danger)
P 141.0000, 1677.0000, 3.7510, 35, 95, 55, 2, Shady_Swashbuckler_(N_Ro_Tunnel)
P 780.0000, 121.0000, -52.1009, 30, 70, 90, 2, Inn_(Freeport_side)
P 855.0000, -193.0000, -52.6009, 30, 70, 90, 2, Inn_(South)
