L -495.840, -857.780, 0.0000, 2375.090, -857.780, 0.0000, 45, 40, 38
L 2375.090, -857.780, 0.0000, 2375.090, 1389.470, 0.0000, 45, 40, 38
L 2375.090, 1389.470, 0.0000, -495.840, 1389.470, 0.0000, 45, 40, 38
L -495.840, 1389.470, 0.0000, -495.840, -857.780, 0.0000, 45, 40, 38
L -479.840, -841.780, 0.0000, 2359.090, -841.780, 0.0000, 115, 110, 104
L 2359.090, -841.780, 0.0000, 2359.090, 1373.470, 0.0000, 115, 110, 104
L 2359.090, 1373.470, 0.0000, -479.840, 1373.470, 0.0000, 115, 110, 104
L -479.840, 1373.470, 0.0000, -479.840, -841.780, 0.0000, 115, 110, 104
L -465.840, -827.780, 0.0000, 2345.090, -827.780, 0.0000, 45, 40, 38
L 2345.090, -827.780, 0.0000, 2345.090, 1359.470, 0.0000, 45, 40, 38
L 2345.090, 1359.470, 0.0000, -465.840, 1359.470, 0.0000, 45, 40, 38
L -465.840, 1359.470, 0.0000, -465.840, -827.780, 0.0000, 45, 40, 38
L -388.829, -847.112, 0.0000, -374.362, -849.777, 0.0000, 155, 48, 36
L -374.362, -849.777, 0.0000, -359.968, -846.749, 0.0000, 155, 48, 36
L -359.968, -846.749, 0.0000, -347.802, -838.481, 0.0000, 155, 48, 36
L -347.802, -838.481, 0.0000, -339.687, -826.212, 0.0000, 155, 48, 36
L -339.687, -826.212, 0.0000, -336.840, -811.780, 0.0000, 155, 48, 36
L -336.840, -811.780, 0.0000, -339.687, -797.348, 0.0000, 155, 48, 36
L -339.687, -797.348, 0.0000, -347.802, -785.079, 0.0000, 155, 48, 36
L -347.802, -785.079, 0.0000, -359.968, -776.811, 0.0000, 155, 48, 36
L -359.968, -776.811, 0.0000, -374.362, -773.783, 0.0000, 155, 48, 36
L -374.362, -773.783, 0.0000, -388.829, -776.448, 0.0000, 155, 48, 36
L -238.829, -847.112, 0.0000, -224.362, -849.777, 0.0000, 205, 120, 45
L -224.362, -849.777, 0.0000, -209.968, -846.749, 0.0000, 205, 120, 45
L -209.968, -846.749, 0.0000, -197.802, -838.481, 0.0000, 205, 120, 45
L -197.802, -838.481, 0.0000, -189.687, -826.212, 0.0000, 205, 120, 45
L -189.687, -826.212, 0.0000, -186.840, -811.780, 0.0000, 205, 120, 45
L -186.840, -811.780, 0.0000, -189.687, -797.348, 0.0000, 205, 120, 45
L -189.687, -797.348, 0.0000, -197.802, -785.079, 0.0000, 205, 120, 45
L -197.802, -785.079, 0.0000, -209.968, -776.811, 0.0000, 205, 120, 45
L -209.968, -776.811, 0.0000, -224.362, -773.783, 0.0000, 205, 120, 45
L -224.362, -773.783, 0.0000, -238.829, -776.448, 0.0000, 205, 120, 45
L -88.829, -847.112, 0.0000, -74.362, -849.777, 0.0000, 155, 48, 36
L -74.362, -849.777, 0.0000, -59.968, -846.749, 0.0000, 155, 48, 36
L -59.968, -846.749, 0.0000, -47.802, -838.481, 0.0000, 155, 48, 36
L -47.802, -838.481, 0.0000, -39.687, -826.212, 0.0000, 155, 48, 36
L -39.687, -826.212, 0.0000, -36.840, -811.780, 0.0000, 155, 48, 36
L -36.840, -811.780, 0.0000, -39.687, -797.348, 0.0000, 155, 48, 36
L -39.687, -797.348, 0.0000, -47.802, -785.079, 0.0000, 155, 48, 36
L -47.802, -785.079, 0.0000, -59.968, -776.811, 0.0000, 155, 48, 36
L -59.968, -776.811, 0.0000, -74.362, -773.783, 0.0000, 155, 48, 36
L -74.362, -773.783, 0.0000, -88.829, -776.448, 0.0000, 155, 48, 36
L 61.171, -847.112, 0.0000, 75.638, -849.777, 0.0000, 205, 120, 45
L 75.638, -849.777, 0.0000, 90.032, -846.749, 0.0000, 205, 120, 45
L 90.032, -846.749, 0.0000, 102.198, -838.481, 0.0000, 205, 120, 45
L 102.198, -838.481, 0.0000, 110.313, -826.212, 0.0000, 205, 120, 45
L 110.313, -826.212, 0.0000, 113.160, -811.780, 0.0000, 205, 120, 45
L 113.160, -811.780, 0.0000, 110.313, -797.348, 0.0000, 205, 120, 45
L 110.313, -797.348, 0.0000, 102.198, -785.079, 0.0000, 205, 120, 45
L 102.198, -785.079, 0.0000, 90.032, -776.811, 0.0000, 205, 120, 45
L 90.032, -776.811, 0.0000, 75.638, -773.783, 0.0000, 205, 120, 45
L 75.638, -773.783, 0.0000, 61.171, -776.448, 0.0000, 205, 120, 45
L 211.171, -847.112, 0.0000, 225.638, -849.777, 0.0000, 155, 48, 36
L 225.638, -849.777, 0.0000, 240.032, -846.749, 0.0000, 155, 48, 36
L 240.032, -846.749, 0.0000, 252.198, -838.481, 0.0000, 155, 48, 36
L 252.198, -838.481, 0.0000, 260.313, -826.212, 0.0000, 155, 48, 36
L 260.313, -826.212, 0.0000, 263.160, -811.780, 0.0000, 155, 48, 36
L 263.160, -811.780, 0.0000, 260.313, -797.348, 0.0000, 155, 48, 36
L 260.313, -797.348, 0.0000, 252.198, -785.079, 0.0000, 155, 48, 36
L 252.198, -785.079, 0.0000, 240.032, -776.811, 0.0000, 155, 48, 36
L 240.032, -776.811, 0.0000, 225.638, -773.783, 0.0000, 155, 48, 36
L 225.638, -773.783, 0.0000, 211.171, -776.448, 0.0000, 155, 48, 36
L 361.171, -847.112, 0.0000, 375.638, -849.777, 0.0000, 205, 120, 45
L 375.638, -849.777, 0.0000, 390.032, -846.749, 0.0000, 205, 120, 45
L 390.032, -846.749, 0.0000, 402.198, -838.481, 0.0000, 205, 120, 45
L 402.198, -838.481, 0.0000, 410.313, -826.212, 0.0000, 205, 120, 45
L 410.313, -826.212, 0.0000, 413.160, -811.780, 0.0000, 205, 120, 45
L 413.160, -811.780, 0.0000, 410.313, -797.348, 0.0000, 205, 120, 45
L 410.313, -797.348, 0.0000, 402.198, -785.079, 0.0000, 205, 120, 45
L 402.198, -785.079, 0.0000, 390.032, -776.811, 0.0000, 205, 120, 45
L 390.032, -776.811, 0.0000, 375.638, -773.783, 0.0000, 205, 120, 45
L 375.638, -773.783, 0.0000, 361.171, -776.448, 0.0000, 205, 120, 45
L 511.171, -847.112, 0.0000, 525.638, -849.777, 0.0000, 155, 48, 36
L 525.638, -849.777, 0.0000, 540.032, -846.749, 0.0000, 155, 48, 36
L 540.032, -846.749, 0.0000, 552.198, -838.481, 0.0000, 155, 48, 36
L 552.198, -838.481, 0.0000, 560.313, -826.212, 0.0000, 155, 48, 36
L 560.313, -826.212, 0.0000, 563.160, -811.780, 0.0000, 155, 48, 36
L 563.160, -811.780, 0.0000, 560.313, -797.348, 0.0000, 155, 48, 36
L 560.313, -797.348, 0.0000, 552.198, -785.079, 0.0000, 155, 48, 36
L 552.198, -785.079, 0.0000, 540.032, -776.811, 0.0000, 155, 48, 36
L 540.032, -776.811, 0.0000, 525.638, -773.783, 0.0000, 155, 48, 36
L 525.638, -773.783, 0.0000, 511.171, -776.448, 0.0000, 155, 48, 36
L 661.171, -847.112, 0.0000, 675.638, -849.777, 0.0000, 205, 120, 45
L 675.638, -849.777, 0.0000, 690.032, -846.749, 0.0000, 205, 120, 45
L 690.032, -846.749, 0.0000, 702.198, -838.481, 0.0000, 205, 120, 45
L 702.198, -838.481, 0.0000, 710.313, -826.212, 0.0000, 205, 120, 45
L 710.313, -826.212, 0.0000, 713.160, -811.780, 0.0000, 205, 120, 45
L 713.160, -811.780, 0.0000, 710.313, -797.348, 0.0000, 205, 120, 45
L 710.313, -797.348, 0.0000, 702.198, -785.079, 0.0000, 205, 120, 45
L 702.198, -785.079, 0.0000, 690.032, -776.811, 0.0000, 205, 120, 45
L 690.032, -776.811, 0.0000, 675.638, -773.783, 0.0000, 205, 120, 45
L 675.638, -773.783, 0.0000, 661.171, -776.448, 0.0000, 205, 120, 45
L 811.171, -847.112, 0.0000, 825.638, -849.777, 0.0000, 155, 48, 36
L 825.638, -849.777, 0.0000, 840.032, -846.749, 0.0000, 155, 48, 36
L 840.032, -846.749, 0.0000, 852.198, -838.481, 0.0000, 155, 48, 36
L 852.198, -838.481, 0.0000, 860.313, -826.212, 0.0000, 155, 48, 36
L 860.313, -826.212, 0.0000, 863.160, -811.780, 0.0000, 155, 48, 36
L 863.160, -811.780, 0.0000, 860.313, -797.348, 0.0000, 155, 48, 36
L 860.313, -797.348, 0.0000, 852.198, -785.079, 0.0000, 155, 48, 36
L 852.198, -785.079, 0.0000, 840.032, -776.811, 0.0000, 155, 48, 36
L 840.032, -776.811, 0.0000, 825.638, -773.783, 0.0000, 155, 48, 36
L 825.638, -773.783, 0.0000, 811.171, -776.448, 0.0000, 155, 48, 36
L 961.171, -847.112, 0.0000, 975.638, -849.777, 0.0000, 205, 120, 45
L 975.638, -849.777, 0.0000, 990.032, -846.749, 0.0000, 205, 120, 45
L 990.032, -846.749, 0.0000, 1002.198, -838.481, 0.0000, 205, 120, 45
L 1002.198, -838.481, 0.0000, 1010.313, -826.212, 0.0000, 205, 120, 45
L 1010.313, -826.212, 0.0000, 1013.160, -811.780, 0.0000, 205, 120, 45
L 1013.160, -811.780, 0.0000, 1010.313, -797.348, 0.0000, 205, 120, 45
L 1010.313, -797.348, 0.0000, 1002.198, -785.079, 0.0000, 205, 120, 45
L 1002.198, -785.079, 0.0000, 990.032, -776.811, 0.0000, 205, 120, 45
L 990.032, -776.811, 0.0000, 975.638, -773.783, 0.0000, 205, 120, 45
L 975.638, -773.783, 0.0000, 961.171, -776.448, 0.0000, 205, 120, 45
L 1111.171, -847.112, 0.0000, 1125.638, -849.777, 0.0000, 155, 48, 36
L 1125.638, -849.777, 0.0000, 1140.032, -846.749, 0.0000, 155, 48, 36
L 1140.032, -846.749, 0.0000, 1152.198, -838.481, 0.0000, 155, 48, 36
L 1152.198, -838.481, 0.0000, 1160.313, -826.212, 0.0000, 155, 48, 36
L 1160.313, -826.212, 0.0000, 1163.160, -811.780, 0.0000, 155, 48, 36
L 1163.160, -811.780, 0.0000, 1160.313, -797.348, 0.0000, 155, 48, 36
L 1160.313, -797.348, 0.0000, 1152.198, -785.079, 0.0000, 155, 48, 36
L 1152.198, -785.079, 0.0000, 1140.032, -776.811, 0.0000, 155, 48, 36
L 1140.032, -776.811, 0.0000, 1125.638, -773.783, 0.0000, 155, 48, 36
L 1125.638, -773.783, 0.0000, 1111.171, -776.448, 0.0000, 155, 48, 36
L 1261.171, -847.112, 0.0000, 1275.638, -849.777, 0.0000, 205, 120, 45
L 1275.638, -849.777, 0.0000, 1290.032, -846.749, 0.0000, 205, 120, 45
L 1290.032, -846.749, 0.0000, 1302.198, -838.481, 0.0000, 205, 120, 45
L 1302.198, -838.481, 0.0000, 1310.313, -826.212, 0.0000, 205, 120, 45
L 1310.313, -826.212, 0.0000, 1313.160, -811.780, 0.0000, 205, 120, 45
L 1313.160, -811.780, 0.0000, 1310.313, -797.348, 0.0000, 205, 120, 45
L 1310.313, -797.348, 0.0000, 1302.198, -785.079, 0.0000, 205, 120, 45
L 1302.198, -785.079, 0.0000, 1290.032, -776.811, 0.0000, 205, 120, 45
L 1290.032, -776.811, 0.0000, 1275.638, -773.783, 0.0000, 205, 120, 45
L 1275.638, -773.783, 0.0000, 1261.171, -776.448, 0.0000, 205, 120, 45
L 1411.171, -847.112, 0.0000, 1425.638, -849.777, 0.0000, 155, 48, 36
L 1425.638, -849.777, 0.0000, 1440.032, -846.749, 0.0000, 155, 48, 36
L 1440.032, -846.749, 0.0000, 1452.198, -838.481, 0.0000, 155, 48, 36
L 1452.198, -838.481, 0.0000, 1460.313, -826.212, 0.0000, 155, 48, 36
L 1460.313, -826.212, 0.0000, 1463.160, -811.780, 0.0000, 155, 48, 36
L 1463.160, -811.780, 0.0000, 1460.313, -797.348, 0.0000, 155, 48, 36
L 1460.313, -797.348, 0.0000, 1452.198, -785.079, 0.0000, 155, 48, 36
L 1452.198, -785.079, 0.0000, 1440.032, -776.811, 0.0000, 155, 48, 36
L 1440.032, -776.811, 0.0000, 1425.638, -773.783, 0.0000, 155, 48, 36
L 1425.638, -773.783, 0.0000, 1411.171, -776.448, 0.0000, 155, 48, 36
L 1561.171, -847.112, 0.0000, 1575.638, -849.777, 0.0000, 205, 120, 45
L 1575.638, -849.777, 0.0000, 1590.032, -846.749, 0.0000, 205, 120, 45
L 1590.032, -846.749, 0.0000, 1602.198, -838.481, 0.0000, 205, 120, 45
L 1602.198, -838.481, 0.0000, 1610.313, -826.212, 0.0000, 205, 120, 45
L 1610.313, -826.212, 0.0000, 1613.160, -811.780, 0.0000, 205, 120, 45
L 1613.160, -811.780, 0.0000, 1610.313, -797.348, 0.0000, 205, 120, 45
L 1610.313, -797.348, 0.0000, 1602.198, -785.079, 0.0000, 205, 120, 45
L 1602.198, -785.079, 0.0000, 1590.032, -776.811, 0.0000, 205, 120, 45
L 1590.032, -776.811, 0.0000, 1575.638, -773.783, 0.0000, 205, 120, 45
L 1575.638, -773.783, 0.0000, 1561.171, -776.448, 0.0000, 205, 120, 45
L 1711.171, -847.112, 0.0000, 1725.638, -849.777, 0.0000, 155, 48, 36
L 1725.638, -849.777, 0.0000, 1740.032, -846.749, 0.0000, 155, 48, 36
L 1740.032, -846.749, 0.0000, 1752.198, -838.481, 0.0000, 155, 48, 36
L 1752.198, -838.481, 0.0000, 1760.313, -826.212, 0.0000, 155, 48, 36
L 1760.313, -826.212, 0.0000, 1763.160, -811.780, 0.0000, 155, 48, 36
L 1763.160, -811.780, 0.0000, 1760.313, -797.348, 0.0000, 155, 48, 36
L 1760.313, -797.348, 0.0000, 1752.198, -785.079, 0.0000, 155, 48, 36
L 1752.198, -785.079, 0.0000, 1740.032, -776.811, 0.0000, 155, 48, 36
L 1740.032, -776.811, 0.0000, 1725.638, -773.783, 0.0000, 155, 48, 36
L 1725.638, -773.783, 0.0000, 1711.171, -776.448, 0.0000, 155, 48, 36
L 1861.171, -847.112, 0.0000, 1875.638, -849.777, 0.0000, 205, 120, 45
L 1875.638, -849.777, 0.0000, 1890.032, -846.749, 0.0000, 205, 120, 45
L 1890.032, -846.749, 0.0000, 1902.198, -838.481, 0.0000, 205, 120, 45
L 1902.198, -838.481, 0.0000, 1910.313, -826.212, 0.0000, 205, 120, 45
L 1910.313, -826.212, 0.0000, 1913.160, -811.780, 0.0000, 205, 120, 45
L 1913.160, -811.780, 0.0000, 1910.313, -797.348, 0.0000, 205, 120, 45
L 1910.313, -797.348, 0.0000, 1902.198, -785.079, 0.0000, 205, 120, 45
L 1902.198, -785.079, 0.0000, 1890.032, -776.811, 0.0000, 205, 120, 45
L 1890.032, -776.811, 0.0000, 1875.638, -773.783, 0.0000, 205, 120, 45
L 1875.638, -773.783, 0.0000, 1861.171, -776.448, 0.0000, 205, 120, 45
L 2011.171, -847.112, 0.0000, 2025.638, -849.777, 0.0000, 155, 48, 36
L 2025.638, -849.777, 0.0000, 2040.032, -846.749, 0.0000, 155, 48, 36
L 2040.032, -846.749, 0.0000, 2052.198, -838.481, 0.0000, 155, 48, 36
L 2052.198, -838.481, 0.0000, 2060.313, -826.212, 0.0000, 155, 48, 36
L 2060.313, -826.212, 0.0000, 2063.160, -811.780, 0.0000, 155, 48, 36
L 2063.160, -811.780, 0.0000, 2060.313, -797.348, 0.0000, 155, 48, 36
L 2060.313, -797.348, 0.0000, 2052.198, -785.079, 0.0000, 155, 48, 36
L 2052.198, -785.079, 0.0000, 2040.032, -776.811, 0.0000, 155, 48, 36
L 2040.032, -776.811, 0.0000, 2025.638, -773.783, 0.0000, 155, 48, 36
L 2025.638, -773.783, 0.0000, 2011.171, -776.448, 0.0000, 155, 48, 36
L 2161.171, -847.112, 0.0000, 2175.638, -849.777, 0.0000, 205, 120, 45
L 2175.638, -849.777, 0.0000, 2190.032, -846.749, 0.0000, 205, 120, 45
L 2190.032, -846.749, 0.0000, 2202.198, -838.481, 0.0000, 205, 120, 45
L 2202.198, -838.481, 0.0000, 2210.313, -826.212, 0.0000, 205, 120, 45
L 2210.313, -826.212, 0.0000, 2213.160, -811.780, 0.0000, 205, 120, 45
L 2213.160, -811.780, 0.0000, 2210.313, -797.348, 0.0000, 205, 120, 45
L 2210.313, -797.348, 0.0000, 2202.198, -785.079, 0.0000, 205, 120, 45
L 2202.198, -785.079, 0.0000, 2190.032, -776.811, 0.0000, 205, 120, 45
L 2190.032, -776.811, 0.0000, 2175.638, -773.783, 0.0000, 205, 120, 45
L 2175.638, -773.783, 0.0000, 2161.171, -776.448, 0.0000, 205, 120, 45
L 2311.171, -847.112, 0.0000, 2325.638, -849.777, 0.0000, 155, 48, 36
L 2325.638, -849.777, 0.0000, 2340.032, -846.749, 0.0000, 155, 48, 36
L 2340.032, -846.749, 0.0000, 2352.198, -838.481, 0.0000, 155, 48, 36
L 2352.198, -838.481, 0.0000, 2360.313, -826.212, 0.0000, 155, 48, 36
L 2360.313, -826.212, 0.0000, 2363.160, -811.780, 0.0000, 155, 48, 36
L 2363.160, -811.780, 0.0000, 2360.313, -797.348, 0.0000, 155, 48, 36
L 2360.313, -797.348, 0.0000, 2352.198, -785.079, 0.0000, 155, 48, 36
L 2352.198, -785.079, 0.0000, 2340.032, -776.811, 0.0000, 155, 48, 36
L 2340.032, -776.811, 0.0000, 2325.638, -773.783, 0.0000, 155, 48, 36
L 2325.638, -773.783, 0.0000, 2311.171, -776.448, 0.0000, 155, 48, 36
L -360.851, 1378.802, 0.0000, -375.318, 1381.467, 0.0000, 155, 48, 36
L -375.318, 1381.467, 0.0000, -389.712, 1378.439, 0.0000, 155, 48, 36
L -389.712, 1378.439, 0.0000, -401.878, 1370.171, 0.0000, 155, 48, 36
L -401.878, 1370.171, 0.0000, -409.993, 1357.902, 0.0000, 155, 48, 36
L -409.993, 1357.902, 0.0000, -412.840, 1343.470, 0.0000, 155, 48, 36
L -412.840, 1343.470, 0.0000, -409.993, 1329.038, 0.0000, 155, 48, 36
L -409.993, 1329.038, 0.0000, -401.878, 1316.769, 0.0000, 155, 48, 36
L -401.878, 1316.769, 0.0000, -389.712, 1308.501, 0.0000, 155, 48, 36
L -389.712, 1308.501, 0.0000, -375.318, 1305.473, 0.0000, 155, 48, 36
L -375.318, 1305.473, 0.0000, -360.851, 1308.138, 0.0000, 155, 48, 36
L -210.851, 1378.802, 0.0000, -225.318, 1381.467, 0.0000, 205, 120, 45
L -225.318, 1381.467, 0.0000, -239.712, 1378.439, 0.0000, 205, 120, 45
L -239.712, 1378.439, 0.0000, -251.878, 1370.171, 0.0000, 205, 120, 45
L -251.878, 1370.171, 0.0000, -259.993, 1357.902, 0.0000, 205, 120, 45
L -259.993, 1357.902, 0.0000, -262.840, 1343.470, 0.0000, 205, 120, 45
L -262.840, 1343.470, 0.0000, -259.993, 1329.038, 0.0000, 205, 120, 45
L -259.993, 1329.038, 0.0000, -251.878, 1316.769, 0.0000, 205, 120, 45
L -251.878, 1316.769, 0.0000, -239.712, 1308.501, 0.0000, 205, 120, 45
L -239.712, 1308.501, 0.0000, -225.318, 1305.473, 0.0000, 205, 120, 45
L -225.318, 1305.473, 0.0000, -210.851, 1308.138, 0.0000, 205, 120, 45
L -60.851, 1378.802, 0.0000, -75.318, 1381.467, 0.0000, 155, 48, 36
L -75.318, 1381.467, 0.0000, -89.712, 1378.439, 0.0000, 155, 48, 36
L -89.712, 1378.439, 0.0000, -101.878, 1370.171, 0.0000, 155, 48, 36
L -101.878, 1370.171, 0.0000, -109.993, 1357.902, 0.0000, 155, 48, 36
L -109.993, 1357.902, 0.0000, -112.840, 1343.470, 0.0000, 155, 48, 36
L -112.840, 1343.470, 0.0000, -109.993, 1329.038, 0.0000, 155, 48, 36
L -109.993, 1329.038, 0.0000, -101.878, 1316.769, 0.0000, 155, 48, 36
L -101.878, 1316.769, 0.0000, -89.712, 1308.501, 0.0000, 155, 48, 36
L -89.712, 1308.501, 0.0000, -75.318, 1305.473, 0.0000, 155, 48, 36
L -75.318, 1305.473, 0.0000, -60.851, 1308.138, 0.0000, 155, 48, 36
L 89.149, 1378.802, 0.0000, 74.682, 1381.467, 0.0000, 205, 120, 45
L 74.682, 1381.467, 0.0000, 60.288, 1378.439, 0.0000, 205, 120, 45
L 60.288, 1378.439, 0.0000, 48.122, 1370.171, 0.0000, 205, 120, 45
L 48.122, 1370.171, 0.0000, 40.007, 1357.902, 0.0000, 205, 120, 45
L 40.007, 1357.902, 0.0000, 37.160, 1343.470, 0.0000, 205, 120, 45
L 37.160, 1343.470, 0.0000, 40.007, 1329.038, 0.0000, 205, 120, 45
L 40.007, 1329.038, 0.0000, 48.122, 1316.769, 0.0000, 205, 120, 45
L 48.122, 1316.769, 0.0000, 60.288, 1308.501, 0.0000, 205, 120, 45
L 60.288, 1308.501, 0.0000, 74.682, 1305.473, 0.0000, 205, 120, 45
L 74.682, 1305.473, 0.0000, 89.149, 1308.138, 0.0000, 205, 120, 45
L 239.149, 1378.802, 0.0000, 224.682, 1381.467, 0.0000, 155, 48, 36
L 224.682, 1381.467, 0.0000, 210.288, 1378.439, 0.0000, 155, 48, 36
L 210.288, 1378.439, 0.0000, 198.122, 1370.171, 0.0000, 155, 48, 36
L 198.122, 1370.171, 0.0000, 190.007, 1357.902, 0.0000, 155, 48, 36
L 190.007, 1357.902, 0.0000, 187.160, 1343.470, 0.0000, 155, 48, 36
L 187.160, 1343.470, 0.0000, 190.007, 1329.038, 0.0000, 155, 48, 36
L 190.007, 1329.038, 0.0000, 198.122, 1316.769, 0.0000, 155, 48, 36
L 198.122, 1316.769, 0.0000, 210.288, 1308.501, 0.0000, 155, 48, 36
L 210.288, 1308.501, 0.0000, 224.682, 1305.473, 0.0000, 155, 48, 36
L 224.682, 1305.473, 0.0000, 239.149, 1308.138, 0.0000, 155, 48, 36
L 389.149, 1378.802, 0.0000, 374.682, 1381.467, 0.0000, 205, 120, 45
L 374.682, 1381.467, 0.0000, 360.288, 1378.439, 0.0000, 205, 120, 45
L 360.288, 1378.439, 0.0000, 348.122, 1370.171, 0.0000, 205, 120, 45
L 348.122, 1370.171, 0.0000, 340.007, 1357.902, 0.0000, 205, 120, 45
L 340.007, 1357.902, 0.0000, 337.160, 1343.470, 0.0000, 205, 120, 45
L 337.160, 1343.470, 0.0000, 340.007, 1329.038, 0.0000, 205, 120, 45
L 340.007, 1329.038, 0.0000, 348.122, 1316.769, 0.0000, 205, 120, 45
L 348.122, 1316.769, 0.0000, 360.288, 1308.501, 0.0000, 205, 120, 45
L 360.288, 1308.501, 0.0000, 374.682, 1305.473, 0.0000, 205, 120, 45
L 374.682, 1305.473, 0.0000, 389.149, 1308.138, 0.0000, 205, 120, 45
L 539.149, 1378.802, 0.0000, 524.682, 1381.467, 0.0000, 155, 48, 36
L 524.682, 1381.467, 0.0000, 510.288, 1378.439, 0.0000, 155, 48, 36
L 510.288, 1378.439, 0.0000, 498.122, 1370.171, 0.0000, 155, 48, 36
L 498.122, 1370.171, 0.0000, 490.007, 1357.902, 0.0000, 155, 48, 36
L 490.007, 1357.902, 0.0000, 487.160, 1343.470, 0.0000, 155, 48, 36
L 487.160, 1343.470, 0.0000, 490.007, 1329.038, 0.0000, 155, 48, 36
L 490.007, 1329.038, 0.0000, 498.122, 1316.769, 0.0000, 155, 48, 36
L 498.122, 1316.769, 0.0000, 510.288, 1308.501, 0.0000, 155, 48, 36
L 510.288, 1308.501, 0.0000, 524.682, 1305.473, 0.0000, 155, 48, 36
L 524.682, 1305.473, 0.0000, 539.149, 1308.138, 0.0000, 155, 48, 36
L 689.149, 1378.802, 0.0000, 674.682, 1381.467, 0.0000, 205, 120, 45
L 674.682, 1381.467, 0.0000, 660.288, 1378.439, 0.0000, 205, 120, 45
L 660.288, 1378.439, 0.0000, 648.122, 1370.171, 0.0000, 205, 120, 45
L 648.122, 1370.171, 0.0000, 640.007, 1357.902, 0.0000, 205, 120, 45
L 640.007, 1357.902, 0.0000, 637.160, 1343.470, 0.0000, 205, 120, 45
L 637.160, 1343.470, 0.0000, 640.007, 1329.038, 0.0000, 205, 120, 45
L 640.007, 1329.038, 0.0000, 648.122, 1316.769, 0.0000, 205, 120, 45
L 648.122, 1316.769, 0.0000, 660.288, 1308.501, 0.0000, 205, 120, 45
L 660.288, 1308.501, 0.0000, 674.682, 1305.473, 0.0000, 205, 120, 45
L 674.682, 1305.473, 0.0000, 689.149, 1308.138, 0.0000, 205, 120, 45
L 839.149, 1378.802, 0.0000, 824.682, 1381.467, 0.0000, 155, 48, 36
L 824.682, 1381.467, 0.0000, 810.288, 1378.439, 0.0000, 155, 48, 36
L 810.288, 1378.439, 0.0000, 798.122, 1370.171, 0.0000, 155, 48, 36
L 798.122, 1370.171, 0.0000, 790.007, 1357.902, 0.0000, 155, 48, 36
L 790.007, 1357.902, 0.0000, 787.160, 1343.470, 0.0000, 155, 48, 36
L 787.160, 1343.470, 0.0000, 790.007, 1329.038, 0.0000, 155, 48, 36
L 790.007, 1329.038, 0.0000, 798.122, 1316.769, 0.0000, 155, 48, 36
L 798.122, 1316.769, 0.0000, 810.288, 1308.501, 0.0000, 155, 48, 36
L 810.288, 1308.501, 0.0000, 824.682, 1305.473, 0.0000, 155, 48, 36
L 824.682, 1305.473, 0.0000, 839.149, 1308.138, 0.0000, 155, 48, 36
L 989.149, 1378.802, 0.0000, 974.682, 1381.467, 0.0000, 205, 120, 45
L 974.682, 1381.467, 0.0000, 960.288, 1378.439, 0.0000, 205, 120, 45
L 960.288, 1378.439, 0.0000, 948.122, 1370.171, 0.0000, 205, 120, 45
L 948.122, 1370.171, 0.0000, 940.007, 1357.902, 0.0000, 205, 120, 45
L 940.007, 1357.902, 0.0000, 937.160, 1343.470, 0.0000, 205, 120, 45
L 937.160, 1343.470, 0.0000, 940.007, 1329.038, 0.0000, 205, 120, 45
L 940.007, 1329.038, 0.0000, 948.122, 1316.769, 0.0000, 205, 120, 45
L 948.122, 1316.769, 0.0000, 960.288, 1308.501, 0.0000, 205, 120, 45
L 960.288, 1308.501, 0.0000, 974.682, 1305.473, 0.0000, 205, 120, 45
L 974.682, 1305.473, 0.0000, 989.149, 1308.138, 0.0000, 205, 120, 45
L 1139.149, 1378.802, 0.0000, 1124.682, 1381.467, 0.0000, 155, 48, 36
L 1124.682, 1381.467, 0.0000, 1110.288, 1378.439, 0.0000, 155, 48, 36
L 1110.288, 1378.439, 0.0000, 1098.122, 1370.171, 0.0000, 155, 48, 36
L 1098.122, 1370.171, 0.0000, 1090.007, 1357.902, 0.0000, 155, 48, 36
L 1090.007, 1357.902, 0.0000, 1087.160, 1343.470, 0.0000, 155, 48, 36
L 1087.160, 1343.470, 0.0000, 1090.007, 1329.038, 0.0000, 155, 48, 36
L 1090.007, 1329.038, 0.0000, 1098.122, 1316.769, 0.0000, 155, 48, 36
L 1098.122, 1316.769, 0.0000, 1110.288, 1308.501, 0.0000, 155, 48, 36
L 1110.288, 1308.501, 0.0000, 1124.682, 1305.473, 0.0000, 155, 48, 36
L 1124.682, 1305.473, 0.0000, 1139.149, 1308.138, 0.0000, 155, 48, 36
L 1289.149, 1378.802, 0.0000, 1274.682, 1381.467, 0.0000, 205, 120, 45
L 1274.682, 1381.467, 0.0000, 1260.288, 1378.439, 0.0000, 205, 120, 45
L 1260.288, 1378.439, 0.0000, 1248.122, 1370.171, 0.0000, 205, 120, 45
L 1248.122, 1370.171, 0.0000, 1240.007, 1357.902, 0.0000, 205, 120, 45
L 1240.007, 1357.902, 0.0000, 1237.160, 1343.470, 0.0000, 205, 120, 45
L 1237.160, 1343.470, 0.0000, 1240.007, 1329.038, 0.0000, 205, 120, 45
L 1240.007, 1329.038, 0.0000, 1248.122, 1316.769, 0.0000, 205, 120, 45
L 1248.122, 1316.769, 0.0000, 1260.288, 1308.501, 0.0000, 205, 120, 45
L 1260.288, 1308.501, 0.0000, 1274.682, 1305.473, 0.0000, 205, 120, 45
L 1274.682, 1305.473, 0.0000, 1289.149, 1308.138, 0.0000, 205, 120, 45
L 1439.149, 1378.802, 0.0000, 1424.682, 1381.467, 0.0000, 155, 48, 36
L 1424.682, 1381.467, 0.0000, 1410.288, 1378.439, 0.0000, 155, 48, 36
L 1410.288, 1378.439, 0.0000, 1398.122, 1370.171, 0.0000, 155, 48, 36
L 1398.122, 1370.171, 0.0000, 1390.007, 1357.902, 0.0000, 155, 48, 36
L 1390.007, 1357.902, 0.0000, 1387.160, 1343.470, 0.0000, 155, 48, 36
L 1387.160, 1343.470, 0.0000, 1390.007, 1329.038, 0.0000, 155, 48, 36
L 1390.007, 1329.038, 0.0000, 1398.122, 1316.769, 0.0000, 155, 48, 36
L 1398.122, 1316.769, 0.0000, 1410.288, 1308.501, 0.0000, 155, 48, 36
L 1410.288, 1308.501, 0.0000, 1424.682, 1305.473, 0.0000, 155, 48, 36
L 1424.682, 1305.473, 0.0000, 1439.149, 1308.138, 0.0000, 155, 48, 36
L 1589.149, 1378.802, 0.0000, 1574.682, 1381.467, 0.0000, 205, 120, 45
L 1574.682, 1381.467, 0.0000, 1560.288, 1378.439, 0.0000, 205, 120, 45
L 1560.288, 1378.439, 0.0000, 1548.122, 1370.171, 0.0000, 205, 120, 45
L 1548.122, 1370.171, 0.0000, 1540.007, 1357.902, 0.0000, 205, 120, 45
L 1540.007, 1357.902, 0.0000, 1537.160, 1343.470, 0.0000, 205, 120, 45
L 1537.160, 1343.470, 0.0000, 1540.007, 1329.038, 0.0000, 205, 120, 45
L 1540.007, 1329.038, 0.0000, 1548.122, 1316.769, 0.0000, 205, 120, 45
L 1548.122, 1316.769, 0.0000, 1560.288, 1308.501, 0.0000, 205, 120, 45
L 1560.288, 1308.501, 0.0000, 1574.682, 1305.473, 0.0000, 205, 120, 45
L 1574.682, 1305.473, 0.0000, 1589.149, 1308.138, 0.0000, 205, 120, 45
L 1739.149, 1378.802, 0.0000, 1724.682, 1381.467, 0.0000, 155, 48, 36
L 1724.682, 1381.467, 0.0000, 1710.288, 1378.439, 0.0000, 155, 48, 36
L 1710.288, 1378.439, 0.0000, 1698.122, 1370.171, 0.0000, 155, 48, 36
L 1698.122, 1370.171, 0.0000, 1690.007, 1357.902, 0.0000, 155, 48, 36
L 1690.007, 1357.902, 0.0000, 1687.160, 1343.470, 0.0000, 155, 48, 36
L 1687.160, 1343.470, 0.0000, 1690.007, 1329.038, 0.0000, 155, 48, 36
L 1690.007, 1329.038, 0.0000, 1698.122, 1316.769, 0.0000, 155, 48, 36
L 1698.122, 1316.769, 0.0000, 1710.288, 1308.501, 0.0000, 155, 48, 36
L 1710.288, 1308.501, 0.0000, 1724.682, 1305.473, 0.0000, 155, 48, 36
L 1724.682, 1305.473, 0.0000, 1739.149, 1308.138, 0.0000, 155, 48, 36
L 1889.149, 1378.802, 0.0000, 1874.682, 1381.467, 0.0000, 205, 120, 45
L 1874.682, 1381.467, 0.0000, 1860.288, 1378.439, 0.0000, 205, 120, 45
L 1860.288, 1378.439, 0.0000, 1848.122, 1370.171, 0.0000, 205, 120, 45
L 1848.122, 1370.171, 0.0000, 1840.007, 1357.902, 0.0000, 205, 120, 45
L 1840.007, 1357.902, 0.0000, 1837.160, 1343.470, 0.0000, 205, 120, 45
L 1837.160, 1343.470, 0.0000, 1840.007, 1329.038, 0.0000, 205, 120, 45
L 1840.007, 1329.038, 0.0000, 1848.122, 1316.769, 0.0000, 205, 120, 45
L 1848.122, 1316.769, 0.0000, 1860.288, 1308.501, 0.0000, 205, 120, 45
L 1860.288, 1308.501, 0.0000, 1874.682, 1305.473, 0.0000, 205, 120, 45
L 1874.682, 1305.473, 0.0000, 1889.149, 1308.138, 0.0000, 205, 120, 45
L 2039.149, 1378.802, 0.0000, 2024.682, 1381.467, 0.0000, 155, 48, 36
L 2024.682, 1381.467, 0.0000, 2010.288, 1378.439, 0.0000, 155, 48, 36
L 2010.288, 1378.439, 0.0000, 1998.122, 1370.171, 0.0000, 155, 48, 36
L 1998.122, 1370.171, 0.0000, 1990.007, 1357.902, 0.0000, 155, 48, 36
L 1990.007, 1357.902, 0.0000, 1987.160, 1343.470, 0.0000, 155, 48, 36
L 1987.160, 1343.470, 0.0000, 1990.007, 1329.038, 0.0000, 155, 48, 36
L 1990.007, 1329.038, 0.0000, 1998.122, 1316.769, 0.0000, 155, 48, 36
L 1998.122, 1316.769, 0.0000, 2010.288, 1308.501, 0.0000, 155, 48, 36
L 2010.288, 1308.501, 0.0000, 2024.682, 1305.473, 0.0000, 155, 48, 36
L 2024.682, 1305.473, 0.0000, 2039.149, 1308.138, 0.0000, 155, 48, 36
L 2189.149, 1378.802, 0.0000, 2174.682, 1381.467, 0.0000, 205, 120, 45
L 2174.682, 1381.467, 0.0000, 2160.288, 1378.439, 0.0000, 205, 120, 45
L 2160.288, 1378.439, 0.0000, 2148.122, 1370.171, 0.0000, 205, 120, 45
L 2148.122, 1370.171, 0.0000, 2140.007, 1357.902, 0.0000, 205, 120, 45
L 2140.007, 1357.902, 0.0000, 2137.160, 1343.470, 0.0000, 205, 120, 45
L 2137.160, 1343.470, 0.0000, 2140.007, 1329.038, 0.0000, 205, 120, 45
L 2140.007, 1329.038, 0.0000, 2148.122, 1316.769, 0.0000, 205, 120, 45
L 2148.122, 1316.769, 0.0000, 2160.288, 1308.501, 0.0000, 205, 120, 45
L 2160.288, 1308.501, 0.0000, 2174.682, 1305.473, 0.0000, 205, 120, 45
L 2174.682, 1305.473, 0.0000, 2189.149, 1308.138, 0.0000, 205, 120, 45
L 2339.149, 1378.802, 0.0000, 2324.682, 1381.467, 0.0000, 155, 48, 36
L 2324.682, 1381.467, 0.0000, 2310.288, 1378.439, 0.0000, 155, 48, 36
L 2310.288, 1378.439, 0.0000, 2298.122, 1370.171, 0.0000, 155, 48, 36
L 2298.122, 1370.171, 0.0000, 2290.007, 1357.902, 0.0000, 155, 48, 36
L 2290.007, 1357.902, 0.0000, 2287.160, 1343.470, 0.0000, 155, 48, 36
L 2287.160, 1343.470, 0.0000, 2290.007, 1329.038, 0.0000, 155, 48, 36
L 2290.007, 1329.038, 0.0000, 2298.122, 1316.769, 0.0000, 155, 48, 36
L 2298.122, 1316.769, 0.0000, 2310.288, 1308.501, 0.0000, 155, 48, 36
L 2310.288, 1308.501, 0.0000, 2324.682, 1305.473, 0.0000, 155, 48, 36
L 2324.682, 1305.473, 0.0000, 2339.149, 1308.138, 0.0000, 155, 48, 36
L -485.172, -722.791, 0.0000, -487.837, -737.258, 0.0000, 155, 48, 36
L -487.837, -737.258, 0.0000, -484.809, -751.652, 0.0000, 155, 48, 36
L -484.809, -751.652, 0.0000, -476.541, -763.818, 0.0000, 155, 48, 36
L -476.541, -763.818, 0.0000, -464.272, -771.933, 0.0000, 155, 48, 36
L -464.272, -771.933, 0.0000, -449.840, -774.780, 0.0000, 155, 48, 36
L -449.840, -774.780, 0.0000, -435.408, -771.933, 0.0000, 155, 48, 36
L -435.408, -771.933, 0.0000, -423.139, -763.818, 0.0000, 155, 48, 36
L -423.139, -763.818, 0.0000, -414.871, -751.652, 0.0000, 155, 48, 36
L -414.871, -751.652, 0.0000, -411.843, -737.258, 0.0000, 155, 48, 36
L -411.843, -737.258, 0.0000, -414.508, -722.791, 0.0000, 155, 48, 36
L -485.172, -572.791, 0.0000, -487.837, -587.258, 0.0000, 205, 120, 45
L -487.837, -587.258, 0.0000, -484.809, -601.652, 0.0000, 205, 120, 45
L -484.809, -601.652, 0.0000, -476.541, -613.818, 0.0000, 205, 120, 45
L -476.541, -613.818, 0.0000, -464.272, -621.933, 0.0000, 205, 120, 45
L -464.272, -621.933, 0.0000, -449.840, -624.780, 0.0000, 205, 120, 45
L -449.840, -624.780, 0.0000, -435.408, -621.933, 0.0000, 205, 120, 45
L -435.408, -621.933, 0.0000, -423.139, -613.818, 0.0000, 205, 120, 45
L -423.139, -613.818, 0.0000, -414.871, -601.652, 0.0000, 205, 120, 45
L -414.871, -601.652, 0.0000, -411.843, -587.258, 0.0000, 205, 120, 45
L -411.843, -587.258, 0.0000, -414.508, -572.791, 0.0000, 205, 120, 45
L -485.172, -422.791, 0.0000, -487.837, -437.258, 0.0000, 155, 48, 36
L -487.837, -437.258, 0.0000, -484.809, -451.652, 0.0000, 155, 48, 36
L -484.809, -451.652, 0.0000, -476.541, -463.818, 0.0000, 155, 48, 36
L -476.541, -463.818, 0.0000, -464.272, -471.933, 0.0000, 155, 48, 36
L -464.272, -471.933, 0.0000, -449.840, -474.780, 0.0000, 155, 48, 36
L -449.840, -474.780, 0.0000, -435.408, -471.933, 0.0000, 155, 48, 36
L -435.408, -471.933, 0.0000, -423.139, -463.818, 0.0000, 155, 48, 36
L -423.139, -463.818, 0.0000, -414.871, -451.652, 0.0000, 155, 48, 36
L -414.871, -451.652, 0.0000, -411.843, -437.258, 0.0000, 155, 48, 36
L -411.843, -437.258, 0.0000, -414.508, -422.791, 0.0000, 155, 48, 36
L -485.172, -272.791, 0.0000, -487.837, -287.258, 0.0000, 205, 120, 45
L -487.837, -287.258, 0.0000, -484.809, -301.652, 0.0000, 205, 120, 45
L -484.809, -301.652, 0.0000, -476.541, -313.818, 0.0000, 205, 120, 45
L -476.541, -313.818, 0.0000, -464.272, -321.933, 0.0000, 205, 120, 45
L -464.272, -321.933, 0.0000, -449.840, -324.780, 0.0000, 205, 120, 45
L -449.840, -324.780, 0.0000, -435.408, -321.933, 0.0000, 205, 120, 45
L -435.408, -321.933, 0.0000, -423.139, -313.818, 0.0000, 205, 120, 45
L -423.139, -313.818, 0.0000, -414.871, -301.652, 0.0000, 205, 120, 45
L -414.871, -301.652, 0.0000, -411.843, -287.258, 0.0000, 205, 120, 45
L -411.843, -287.258, 0.0000, -414.508, -272.791, 0.0000, 205, 120, 45
L -485.172, -122.791, 0.0000, -487.837, -137.258, 0.0000, 155, 48, 36
L -487.837, -137.258, 0.0000, -484.809, -151.652, 0.0000, 155, 48, 36
L -484.809, -151.652, 0.0000, -476.541, -163.818, 0.0000, 155, 48, 36
L -476.541, -163.818, 0.0000, -464.272, -171.933, 0.0000, 155, 48, 36
L -464.272, -171.933, 0.0000, -449.840, -174.780, 0.0000, 155, 48, 36
L -449.840, -174.780, 0.0000, -435.408, -171.933, 0.0000, 155, 48, 36
L -435.408, -171.933, 0.0000, -423.139, -163.818, 0.0000, 155, 48, 36
L -423.139, -163.818, 0.0000, -414.871, -151.652, 0.0000, 155, 48, 36
L -414.871, -151.652, 0.0000, -411.843, -137.258, 0.0000, 155, 48, 36
L -411.843, -137.258, 0.0000, -414.508, -122.791, 0.0000, 155, 48, 36
L -485.172, 27.209, 0.0000, -487.837, 12.742, 0.0000, 205, 120, 45
L -487.837, 12.742, 0.0000, -484.809, -1.652, 0.0000, 205, 120, 45
L -484.809, -1.652, 0.0000, -476.541, -13.818, 0.0000, 205, 120, 45
L -476.541, -13.818, 0.0000, -464.272, -21.933, 0.0000, 205, 120, 45
L -464.272, -21.933, 0.0000, -449.840, -24.780, 0.0000, 205, 120, 45
L -449.840, -24.780, 0.0000, -435.408, -21.933, 0.0000, 205, 120, 45
L -435.408, -21.933, 0.0000, -423.139, -13.818, 0.0000, 205, 120, 45
L -423.139, -13.818, 0.0000, -414.871, -1.652, 0.0000, 205, 120, 45
L -414.871, -1.652, 0.0000, -411.843, 12.742, 0.0000, 205, 120, 45
L -411.843, 12.742, 0.0000, -414.508, 27.209, 0.0000, 205, 120, 45
L -485.172, 177.209, 0.0000, -487.837, 162.742, 0.0000, 155, 48, 36
L -487.837, 162.742, 0.0000, -484.809, 148.348, 0.0000, 155, 48, 36
L -484.809, 148.348, 0.0000, -476.541, 136.182, 0.0000, 155, 48, 36
L -476.541, 136.182, 0.0000, -464.272, 128.067, 0.0000, 155, 48, 36
L -464.272, 128.067, 0.0000, -449.840, 125.220, 0.0000, 155, 48, 36
L -449.840, 125.220, 0.0000, -435.408, 128.067, 0.0000, 155, 48, 36
L -435.408, 128.067, 0.0000, -423.139, 136.182, 0.0000, 155, 48, 36
L -423.139, 136.182, 0.0000, -414.871, 148.348, 0.0000, 155, 48, 36
L -414.871, 148.348, 0.0000, -411.843, 162.742, 0.0000, 155, 48, 36
L -411.843, 162.742, 0.0000, -414.508, 177.209, 0.0000, 155, 48, 36
L -485.172, 327.209, 0.0000, -487.837, 312.742, 0.0000, 205, 120, 45
L -487.837, 312.742, 0.0000, -484.809, 298.348, 0.0000, 205, 120, 45
L -484.809, 298.348, 0.0000, -476.541, 286.182, 0.0000, 205, 120, 45
L -476.541, 286.182, 0.0000, -464.272, 278.067, 0.0000, 205, 120, 45
L -464.272, 278.067, 0.0000, -449.840, 275.220, 0.0000, 205, 120, 45
L -449.840, 275.220, 0.0000, -435.408, 278.067, 0.0000, 205, 120, 45
L -435.408, 278.067, 0.0000, -423.139, 286.182, 0.0000, 205, 120, 45
L -423.139, 286.182, 0.0000, -414.871, 298.348, 0.0000, 205, 120, 45
L -414.871, 298.348, 0.0000, -411.843, 312.742, 0.0000, 205, 120, 45
L -411.843, 312.742, 0.0000, -414.508, 327.209, 0.0000, 205, 120, 45
L -485.172, 477.209, 0.0000, -487.837, 462.742, 0.0000, 155, 48, 36
L -487.837, 462.742, 0.0000, -484.809, 448.348, 0.0000, 155, 48, 36
L -484.809, 448.348, 0.0000, -476.541, 436.182, 0.0000, 155, 48, 36
L -476.541, 436.182, 0.0000, -464.272, 428.067, 0.0000, 155, 48, 36
L -464.272, 428.067, 0.0000, -449.840, 425.220, 0.0000, 155, 48, 36
L -449.840, 425.220, 0.0000, -435.408, 428.067, 0.0000, 155, 48, 36
L -435.408, 428.067, 0.0000, -423.139, 436.182, 0.0000, 155, 48, 36
L -423.139, 436.182, 0.0000, -414.871, 448.348, 0.0000, 155, 48, 36
L -414.871, 448.348, 0.0000, -411.843, 462.742, 0.0000, 155, 48, 36
L -411.843, 462.742, 0.0000, -414.508, 477.209, 0.0000, 155, 48, 36
L -485.172, 627.209, 0.0000, -487.837, 612.742, 0.0000, 205, 120, 45
L -487.837, 612.742, 0.0000, -484.809, 598.348, 0.0000, 205, 120, 45
L -484.809, 598.348, 0.0000, -476.541, 586.182, 0.0000, 205, 120, 45
L -476.541, 586.182, 0.0000, -464.272, 578.067, 0.0000, 205, 120, 45
L -464.272, 578.067, 0.0000, -449.840, 575.220, 0.0000, 205, 120, 45
L -449.840, 575.220, 0.0000, -435.408, 578.067, 0.0000, 205, 120, 45
L -435.408, 578.067, 0.0000, -423.139, 586.182, 0.0000, 205, 120, 45
L -423.139, 586.182, 0.0000, -414.871, 598.348, 0.0000, 205, 120, 45
L -414.871, 598.348, 0.0000, -411.843, 612.742, 0.0000, 205, 120, 45
L -411.843, 612.742, 0.0000, -414.508, 627.209, 0.0000, 205, 120, 45
L -485.172, 777.209, 0.0000, -487.837, 762.742, 0.0000, 155, 48, 36
L -487.837, 762.742, 0.0000, -484.809, 748.348, 0.0000, 155, 48, 36
L -484.809, 748.348, 0.0000, -476.541, 736.182, 0.0000, 155, 48, 36
L -476.541, 736.182, 0.0000, -464.272, 728.067, 0.0000, 155, 48, 36
L -464.272, 728.067, 0.0000, -449.840, 725.220, 0.0000, 155, 48, 36
L -449.840, 725.220, 0.0000, -435.408, 728.067, 0.0000, 155, 48, 36
L -435.408, 728.067, 0.0000, -423.139, 736.182, 0.0000, 155, 48, 36
L -423.139, 736.182, 0.0000, -414.871, 748.348, 0.0000, 155, 48, 36
L -414.871, 748.348, 0.0000, -411.843, 762.742, 0.0000, 155, 48, 36
L -411.843, 762.742, 0.0000, -414.508, 777.209, 0.0000, 155, 48, 36
L -485.172, 927.209, 0.0000, -487.837, 912.742, 0.0000, 205, 120, 45
L -487.837, 912.742, 0.0000, -484.809, 898.348, 0.0000, 205, 120, 45
L -484.809, 898.348, 0.0000, -476.541, 886.182, 0.0000, 205, 120, 45
L -476.541, 886.182, 0.0000, -464.272, 878.067, 0.0000, 205, 120, 45
L -464.272, 878.067, 0.0000, -449.840, 875.220, 0.0000, 205, 120, 45
L -449.840, 875.220, 0.0000, -435.408, 878.067, 0.0000, 205, 120, 45
L -435.408, 878.067, 0.0000, -423.139, 886.182, 0.0000, 205, 120, 45
L -423.139, 886.182, 0.0000, -414.871, 898.348, 0.0000, 205, 120, 45
L -414.871, 898.348, 0.0000, -411.843, 912.742, 0.0000, 205, 120, 45
L -411.843, 912.742, 0.0000, -414.508, 927.209, 0.0000, 205, 120, 45
L -485.172, 1077.209, 0.0000, -487.837, 1062.742, 0.0000, 155, 48, 36
L -487.837, 1062.742, 0.0000, -484.809, 1048.348, 0.0000, 155, 48, 36
L -484.809, 1048.348, 0.0000, -476.541, 1036.182, 0.0000, 155, 48, 36
L -476.541, 1036.182, 0.0000, -464.272, 1028.067, 0.0000, 155, 48, 36
L -464.272, 1028.067, 0.0000, -449.840, 1025.220, 0.0000, 155, 48, 36
L -449.840, 1025.220, 0.0000, -435.408, 1028.067, 0.0000, 155, 48, 36
L -435.408, 1028.067, 0.0000, -423.139, 1036.182, 0.0000, 155, 48, 36
L -423.139, 1036.182, 0.0000, -414.871, 1048.348, 0.0000, 155, 48, 36
L -414.871, 1048.348, 0.0000, -411.843, 1062.742, 0.0000, 155, 48, 36
L -411.843, 1062.742, 0.0000, -414.508, 1077.209, 0.0000, 155, 48, 36
L -485.172, 1227.209, 0.0000, -487.837, 1212.742, 0.0000, 205, 120, 45
L -487.837, 1212.742, 0.0000, -484.809, 1198.348, 0.0000, 205, 120, 45
L -484.809, 1198.348, 0.0000, -476.541, 1186.182, 0.0000, 205, 120, 45
L -476.541, 1186.182, 0.0000, -464.272, 1178.067, 0.0000, 205, 120, 45
L -464.272, 1178.067, 0.0000, -449.840, 1175.220, 0.0000, 205, 120, 45
L -449.840, 1175.220, 0.0000, -435.408, 1178.067, 0.0000, 205, 120, 45
L -435.408, 1178.067, 0.0000, -423.139, 1186.182, 0.0000, 205, 120, 45
L -423.139, 1186.182, 0.0000, -414.871, 1198.348, 0.0000, 205, 120, 45
L -414.871, 1198.348, 0.0000, -411.843, 1212.742, 0.0000, 205, 120, 45
L -411.843, 1212.742, 0.0000, -414.508, 1227.209, 0.0000, 205, 120, 45
L 2364.421, -750.769, 0.0000, 2367.087, -736.302, 0.0000, 155, 48, 36
L 2367.087, -736.302, 0.0000, 2364.058, -721.908, 0.0000, 155, 48, 36
L 2364.058, -721.908, 0.0000, 2355.790, -709.742, 0.0000, 155, 48, 36
L 2355.790, -709.742, 0.0000, 2343.521, -701.627, 0.0000, 155, 48, 36
L 2343.521, -701.627, 0.0000, 2329.090, -698.780, 0.0000, 155, 48, 36
L 2329.090, -698.780, 0.0000, 2314.658, -701.627, 0.0000, 155, 48, 36
L 2314.658, -701.627, 0.0000, 2302.389, -709.742, 0.0000, 155, 48, 36
L 2302.389, -709.742, 0.0000, 2294.121, -721.908, 0.0000, 155, 48, 36
L 2294.121, -721.908, 0.0000, 2291.093, -736.302, 0.0000, 155, 48, 36
L 2291.093, -736.302, 0.0000, 2293.758, -750.769, 0.0000, 155, 48, 36
L 2364.421, -600.769, 0.0000, 2367.087, -586.302, 0.0000, 205, 120, 45
L 2367.087, -586.302, 0.0000, 2364.058, -571.908, 0.0000, 205, 120, 45
L 2364.058, -571.908, 0.0000, 2355.790, -559.742, 0.0000, 205, 120, 45
L 2355.790, -559.742, 0.0000, 2343.521, -551.627, 0.0000, 205, 120, 45
L 2343.521, -551.627, 0.0000, 2329.090, -548.780, 0.0000, 205, 120, 45
L 2329.090, -548.780, 0.0000, 2314.658, -551.627, 0.0000, 205, 120, 45
L 2314.658, -551.627, 0.0000, 2302.389, -559.742, 0.0000, 205, 120, 45
L 2302.389, -559.742, 0.0000, 2294.121, -571.908, 0.0000, 205, 120, 45
L 2294.121, -571.908, 0.0000, 2291.093, -586.302, 0.0000, 205, 120, 45
L 2291.093, -586.302, 0.0000, 2293.758, -600.769, 0.0000, 205, 120, 45
L 2364.421, -450.769, 0.0000, 2367.087, -436.302, 0.0000, 155, 48, 36
L 2367.087, -436.302, 0.0000, 2364.058, -421.908, 0.0000, 155, 48, 36
L 2364.058, -421.908, 0.0000, 2355.790, -409.742, 0.0000, 155, 48, 36
L 2355.790, -409.742, 0.0000, 2343.521, -401.627, 0.0000, 155, 48, 36
L 2343.521, -401.627, 0.0000, 2329.090, -398.780, 0.0000, 155, 48, 36
L 2329.090, -398.780, 0.0000, 2314.658, -401.627, 0.0000, 155, 48, 36
L 2314.658, -401.627, 0.0000, 2302.389, -409.742, 0.0000, 155, 48, 36
L 2302.389, -409.742, 0.0000, 2294.121, -421.908, 0.0000, 155, 48, 36
L 2294.121, -421.908, 0.0000, 2291.093, -436.302, 0.0000, 155, 48, 36
L 2291.093, -436.302, 0.0000, 2293.758, -450.769, 0.0000, 155, 48, 36
L 2364.421, -300.769, 0.0000, 2367.087, -286.302, 0.0000, 205, 120, 45
L 2367.087, -286.302, 0.0000, 2364.058, -271.908, 0.0000, 205, 120, 45
L 2364.058, -271.908, 0.0000, 2355.790, -259.742, 0.0000, 205, 120, 45
L 2355.790, -259.742, 0.0000, 2343.521, -251.627, 0.0000, 205, 120, 45
L 2343.521, -251.627, 0.0000, 2329.090, -248.780, 0.0000, 205, 120, 45
L 2329.090, -248.780, 0.0000, 2314.658, -251.627, 0.0000, 205, 120, 45
L 2314.658, -251.627, 0.0000, 2302.389, -259.742, 0.0000, 205, 120, 45
L 2302.389, -259.742, 0.0000, 2294.121, -271.908, 0.0000, 205, 120, 45
L 2294.121, -271.908, 0.0000, 2291.093, -286.302, 0.0000, 205, 120, 45
L 2291.093, -286.302, 0.0000, 2293.758, -300.769, 0.0000, 205, 120, 45
L 2364.421, -150.769, 0.0000, 2367.087, -136.302, 0.0000, 155, 48, 36
L 2367.087, -136.302, 0.0000, 2364.058, -121.908, 0.0000, 155, 48, 36
L 2364.058, -121.908, 0.0000, 2355.790, -109.742, 0.0000, 155, 48, 36
L 2355.790, -109.742, 0.0000, 2343.521, -101.627, 0.0000, 155, 48, 36
L 2343.521, -101.627, 0.0000, 2329.090, -98.780, 0.0000, 155, 48, 36
L 2329.090, -98.780, 0.0000, 2314.658, -101.627, 0.0000, 155, 48, 36
L 2314.658, -101.627, 0.0000, 2302.389, -109.742, 0.0000, 155, 48, 36
L 2302.389, -109.742, 0.0000, 2294.121, -121.908, 0.0000, 155, 48, 36
L 2294.121, -121.908, 0.0000, 2291.093, -136.302, 0.0000, 155, 48, 36
L 2291.093, -136.302, 0.0000, 2293.758, -150.769, 0.0000, 155, 48, 36
L 2364.421, -0.769, 0.0000, 2367.087, 13.698, 0.0000, 205, 120, 45
L 2367.087, 13.698, 0.0000, 2364.058, 28.092, 0.0000, 205, 120, 45
L 2364.058, 28.092, 0.0000, 2355.790, 40.258, 0.0000, 205, 120, 45
L 2355.790, 40.258, 0.0000, 2343.521, 48.373, 0.0000, 205, 120, 45
L 2343.521, 48.373, 0.0000, 2329.090, 51.220, 0.0000, 205, 120, 45
L 2329.090, 51.220, 0.0000, 2314.658, 48.373, 0.0000, 205, 120, 45
L 2314.658, 48.373, 0.0000, 2302.389, 40.258, 0.0000, 205, 120, 45
L 2302.389, 40.258, 0.0000, 2294.121, 28.092, 0.0000, 205, 120, 45
L 2294.121, 28.092, 0.0000, 2291.093, 13.698, 0.0000, 205, 120, 45
L 2291.093, 13.698, 0.0000, 2293.758, -0.769, 0.0000, 205, 120, 45
L 2364.421, 149.231, 0.0000, 2367.087, 163.698, 0.0000, 155, 48, 36
L 2367.087, 163.698, 0.0000, 2364.058, 178.092, 0.0000, 155, 48, 36
L 2364.058, 178.092, 0.0000, 2355.790, 190.258, 0.0000, 155, 48, 36
L 2355.790, 190.258, 0.0000, 2343.521, 198.373, 0.0000, 155, 48, 36
L 2343.521, 198.373, 0.0000, 2329.090, 201.220, 0.0000, 155, 48, 36
L 2329.090, 201.220, 0.0000, 2314.658, 198.373, 0.0000, 155, 48, 36
L 2314.658, 198.373, 0.0000, 2302.389, 190.258, 0.0000, 155, 48, 36
L 2302.389, 190.258, 0.0000, 2294.121, 178.092, 0.0000, 155, 48, 36
L 2294.121, 178.092, 0.0000, 2291.093, 163.698, 0.0000, 155, 48, 36
L 2291.093, 163.698, 0.0000, 2293.758, 149.231, 0.0000, 155, 48, 36
L 2364.421, 299.231, 0.0000, 2367.087, 313.698, 0.0000, 205, 120, 45
L 2367.087, 313.698, 0.0000, 2364.058, 328.092, 0.0000, 205, 120, 45
L 2364.058, 328.092, 0.0000, 2355.790, 340.258, 0.0000, 205, 120, 45
L 2355.790, 340.258, 0.0000, 2343.521, 348.373, 0.0000, 205, 120, 45
L 2343.521, 348.373, 0.0000, 2329.090, 351.220, 0.0000, 205, 120, 45
L 2329.090, 351.220, 0.0000, 2314.658, 348.373, 0.0000, 205, 120, 45
L 2314.658, 348.373, 0.0000, 2302.389, 340.258, 0.0000, 205, 120, 45
L 2302.389, 340.258, 0.0000, 2294.121, 328.092, 0.0000, 205, 120, 45
L 2294.121, 328.092, 0.0000, 2291.093, 313.698, 0.0000, 205, 120, 45
L 2291.093, 313.698, 0.0000, 2293.758, 299.231, 0.0000, 205, 120, 45
L 2364.421, 449.231, 0.0000, 2367.087, 463.698, 0.0000, 155, 48, 36
L 2367.087, 463.698, 0.0000, 2364.058, 478.092, 0.0000, 155, 48, 36
L 2364.058, 478.092, 0.0000, 2355.790, 490.258, 0.0000, 155, 48, 36
L 2355.790, 490.258, 0.0000, 2343.521, 498.373, 0.0000, 155, 48, 36
L 2343.521, 498.373, 0.0000, 2329.090, 501.220, 0.0000, 155, 48, 36
L 2329.090, 501.220, 0.0000, 2314.658, 498.373, 0.0000, 155, 48, 36
L 2314.658, 498.373, 0.0000, 2302.389, 490.258, 0.0000, 155, 48, 36
L 2302.389, 490.258, 0.0000, 2294.121, 478.092, 0.0000, 155, 48, 36
L 2294.121, 478.092, 0.0000, 2291.093, 463.698, 0.0000, 155, 48, 36
L 2291.093, 463.698, 0.0000, 2293.758, 449.231, 0.0000, 155, 48, 36
L 2364.421, 599.231, 0.0000, 2367.087, 613.698, 0.0000, 205, 120, 45
L 2367.087, 613.698, 0.0000, 2364.058, 628.092, 0.0000, 205, 120, 45
L 2364.058, 628.092, 0.0000, 2355.790, 640.258, 0.0000, 205, 120, 45
L 2355.790, 640.258, 0.0000, 2343.521, 648.373, 0.0000, 205, 120, 45
L 2343.521, 648.373, 0.0000, 2329.090, 651.220, 0.0000, 205, 120, 45
L 2329.090, 651.220, 0.0000, 2314.658, 648.373, 0.0000, 205, 120, 45
L 2314.658, 648.373, 0.0000, 2302.389, 640.258, 0.0000, 205, 120, 45
L 2302.389, 640.258, 0.0000, 2294.121, 628.092, 0.0000, 205, 120, 45
L 2294.121, 628.092, 0.0000, 2291.093, 613.698, 0.0000, 205, 120, 45
L 2291.093, 613.698, 0.0000, 2293.758, 599.231, 0.0000, 205, 120, 45
L 2364.421, 749.231, 0.0000, 2367.087, 763.698, 0.0000, 155, 48, 36
L 2367.087, 763.698, 0.0000, 2364.058, 778.092, 0.0000, 155, 48, 36
L 2364.058, 778.092, 0.0000, 2355.790, 790.258, 0.0000, 155, 48, 36
L 2355.790, 790.258, 0.0000, 2343.521, 798.373, 0.0000, 155, 48, 36
L 2343.521, 798.373, 0.0000, 2329.090, 801.220, 0.0000, 155, 48, 36
L 2329.090, 801.220, 0.0000, 2314.658, 798.373, 0.0000, 155, 48, 36
L 2314.658, 798.373, 0.0000, 2302.389, 790.258, 0.0000, 155, 48, 36
L 2302.389, 790.258, 0.0000, 2294.121, 778.092, 0.0000, 155, 48, 36
L 2294.121, 778.092, 0.0000, 2291.093, 763.698, 0.0000, 155, 48, 36
L 2291.093, 763.698, 0.0000, 2293.758, 749.231, 0.0000, 155, 48, 36
L 2364.421, 899.231, 0.0000, 2367.087, 913.698, 0.0000, 205, 120, 45
L 2367.087, 913.698, 0.0000, 2364.058, 928.092, 0.0000, 205, 120, 45
L 2364.058, 928.092, 0.0000, 2355.790, 940.258, 0.0000, 205, 120, 45
L 2355.790, 940.258, 0.0000, 2343.521, 948.373, 0.0000, 205, 120, 45
L 2343.521, 948.373, 0.0000, 2329.090, 951.220, 0.0000, 205, 120, 45
L 2329.090, 951.220, 0.0000, 2314.658, 948.373, 0.0000, 205, 120, 45
L 2314.658, 948.373, 0.0000, 2302.389, 940.258, 0.0000, 205, 120, 45
L 2302.389, 940.258, 0.0000, 2294.121, 928.092, 0.0000, 205, 120, 45
L 2294.121, 928.092, 0.0000, 2291.093, 913.698, 0.0000, 205, 120, 45
L 2291.093, 913.698, 0.0000, 2293.758, 899.231, 0.0000, 205, 120, 45
L 2364.421, 1049.231, 0.0000, 2367.087, 1063.698, 0.0000, 155, 48, 36
L 2367.087, 1063.698, 0.0000, 2364.058, 1078.092, 0.0000, 155, 48, 36
L 2364.058, 1078.092, 0.0000, 2355.790, 1090.258, 0.0000, 155, 48, 36
L 2355.790, 1090.258, 0.0000, 2343.521, 1098.373, 0.0000, 155, 48, 36
L 2343.521, 1098.373, 0.0000, 2329.090, 1101.220, 0.0000, 155, 48, 36
L 2329.090, 1101.220, 0.0000, 2314.658, 1098.373, 0.0000, 155, 48, 36
L 2314.658, 1098.373, 0.0000, 2302.389, 1090.258, 0.0000, 155, 48, 36
L 2302.389, 1090.258, 0.0000, 2294.121, 1078.092, 0.0000, 155, 48, 36
L 2294.121, 1078.092, 0.0000, 2291.093, 1063.698, 0.0000, 155, 48, 36
L 2291.093, 1063.698, 0.0000, 2293.758, 1049.231, 0.0000, 155, 48, 36
L 2364.421, 1199.231, 0.0000, 2367.087, 1213.698, 0.0000, 205, 120, 45
L 2367.087, 1213.698, 0.0000, 2364.058, 1228.092, 0.0000, 205, 120, 45
L 2364.058, 1228.092, 0.0000, 2355.790, 1240.258, 0.0000, 205, 120, 45
L 2355.790, 1240.258, 0.0000, 2343.521, 1248.373, 0.0000, 205, 120, 45
L 2343.521, 1248.373, 0.0000, 2329.090, 1251.220, 0.0000, 205, 120, 45
L 2329.090, 1251.220, 0.0000, 2314.658, 1248.373, 0.0000, 205, 120, 45
L 2314.658, 1248.373, 0.0000, 2302.389, 1240.258, 0.0000, 205, 120, 45
L 2302.389, 1240.258, 0.0000, 2294.121, 1228.092, 0.0000, 205, 120, 45
L 2294.121, 1228.092, 0.0000, 2291.093, 1213.698, 0.0000, 205, 120, 45
L 2291.093, 1213.698, 0.0000, 2293.758, 1199.231, 0.0000, 205, 120, 45
L -415.840, -811.780, 0.0000, -449.840, -777.780, 0.0000, 205, 120, 45
L -449.840, -777.780, 0.0000, -483.840, -811.780, 0.0000, 205, 120, 45
L -483.840, -811.780, 0.0000, -449.840, -845.780, 0.0000, 205, 120, 45
L -449.840, -845.780, 0.0000, -415.840, -811.780, 0.0000, 205, 120, 45
L -425.798, -787.738, 0.0000, -473.882, -787.738, 0.0000, 155, 48, 36
L -473.882, -787.738, 0.0000, -473.882, -835.822, 0.0000, 155, 48, 36
L -473.882, -835.822, 0.0000, -425.798, -835.822, 0.0000, 155, 48, 36
L -425.798, -835.822, 0.0000, -425.798, -787.738, 0.0000, 155, 48, 36
L -437.275, -806.576, 0.0000, -455.044, -799.215, 0.0000, 115, 110, 104
L -455.044, -799.215, 0.0000, -462.405, -816.984, 0.0000, 115, 110, 104
L -462.405, -816.984, 0.0000, -444.636, -824.345, 0.0000, 115, 110, 104
L -444.636, -824.345, 0.0000, -437.275, -806.576, 0.0000, 115, 110, 104
L 2363.090, -811.780, 0.0000, 2329.090, -777.780, 0.0000, 205, 120, 45
L 2329.090, -777.780, 0.0000, 2295.090, -811.780, 0.0000, 205, 120, 45
L 2295.090, -811.780, 0.0000, 2329.090, -845.780, 0.0000, 205, 120, 45
L 2329.090, -845.780, 0.0000, 2363.090, -811.780, 0.0000, 205, 120, 45
L 2353.131, -787.738, 0.0000, 2305.048, -787.738, 0.0000, 155, 48, 36
L 2305.048, -787.738, 0.0000, 2305.048, -835.822, 0.0000, 155, 48, 36
L 2305.048, -835.822, 0.0000, 2353.131, -835.822, 0.0000, 155, 48, 36
L 2353.131, -835.822, 0.0000, 2353.131, -787.738, 0.0000, 155, 48, 36
L 2341.654, -806.576, 0.0000, 2323.885, -799.215, 0.0000, 115, 110, 104
L 2323.885, -799.215, 0.0000, 2316.525, -816.984, 0.0000, 115, 110, 104
L 2316.525, -816.984, 0.0000, 2334.294, -824.345, 0.0000, 115, 110, 104
L 2334.294, -824.345, 0.0000, 2341.654, -806.576, 0.0000, 115, 110, 104
L -415.840, 1343.470, 0.0000, -449.840, 1377.470, 0.0000, 205, 120, 45
L -449.840, 1377.470, 0.0000, -483.840, 1343.470, 0.0000, 205, 120, 45
L -483.840, 1343.470, 0.0000, -449.840, 1309.470, 0.0000, 205, 120, 45
L -449.840, 1309.470, 0.0000, -415.840, 1343.470, 0.0000, 205, 120, 45
L -425.798, 1367.512, 0.0000, -473.882, 1367.512, 0.0000, 155, 48, 36
L -473.882, 1367.512, 0.0000, -473.882, 1319.428, 0.0000, 155, 48, 36
L -473.882, 1319.428, 0.0000, -425.798, 1319.428, 0.0000, 155, 48, 36
L -425.798, 1319.428, 0.0000, -425.798, 1367.512, 0.0000, 155, 48, 36
L -437.275, 1348.674, 0.0000, -455.044, 1356.035, 0.0000, 115, 110, 104
L -455.044, 1356.035, 0.0000, -462.405, 1338.266, 0.0000, 115, 110, 104
L -462.405, 1338.266, 0.0000, -444.636, 1330.905, 0.0000, 115, 110, 104
L -444.636, 1330.905, 0.0000, -437.275, 1348.674, 0.0000, 115, 110, 104
L 2363.090, 1343.470, 0.0000, 2329.090, 1377.470, 0.0000, 205, 120, 45
L 2329.090, 1377.470, 0.0000, 2295.090, 1343.470, 0.0000, 205, 120, 45
L 2295.090, 1343.470, 0.0000, 2329.090, 1309.470, 0.0000, 205, 120, 45
L 2329.090, 1309.470, 0.0000, 2363.090, 1343.470, 0.0000, 205, 120, 45
L 2353.131, 1367.512, 0.0000, 2305.048, 1367.512, 0.0000, 155, 48, 36
L 2305.048, 1367.512, 0.0000, 2305.048, 1319.428, 0.0000, 155, 48, 36
L 2305.048, 1319.428, 0.0000, 2353.131, 1319.428, 0.0000, 155, 48, 36
L 2353.131, 1319.428, 0.0000, 2353.131, 1367.512, 0.0000, 155, 48, 36
L 2341.654, 1348.674, 0.0000, 2323.885, 1356.035, 0.0000, 115, 110, 104
L 2323.885, 1356.035, 0.0000, 2316.525, 1338.266, 0.0000, 115, 110, 104
L 2316.525, 1338.266, 0.0000, 2334.294, 1330.905, 0.0000, 115, 110, 104
L 2334.294, 1330.905, 0.0000, 2341.654, 1348.674, 0.0000, 115, 110, 104
L 408.265, -547.780, 0.0000, 408.265, -757.780, 0.0000, 205, 120, 45
L 414.265, -539.780, 0.0000, 414.265, -749.780, 0.0000, 45, 40, 38
L 408.265, -757.780, 0.0000, 558.265, -757.780, 0.0000, 205, 120, 45
L 414.265, -749.780, 0.0000, 564.265, -749.780, 0.0000, 45, 40, 38
L 408.265, -665.380, 0.0000, 516.265, -665.380, 0.0000, 205, 120, 45
L 414.265, -657.380, 0.0000, 522.265, -657.380, 0.0000, 45, 40, 38
L 604.265, -547.780, 0.0000, 604.265, -757.780, 0.0000, 205, 120, 45
L 610.265, -539.780, 0.0000, 610.265, -749.780, 0.0000, 45, 40, 38
L 604.265, -757.780, 0.0000, 712.265, -757.780, 0.0000, 205, 120, 45
L 610.265, -749.780, 0.0000, 718.265, -749.780, 0.0000, 45, 40, 38
L 712.265, -757.780, 0.0000, 742.265, -715.780, 0.0000, 205, 120, 45
L 718.265, -749.780, 0.0000, 748.265, -707.780, 0.0000, 45, 40, 38
L 742.265, -715.780, 0.0000, 712.265, -665.380, 0.0000, 205, 120, 45
L 748.265, -707.780, 0.0000, 718.265, -657.380, 0.0000, 45, 40, 38
L 712.265, -665.380, 0.0000, 604.265, -665.380, 0.0000, 205, 120, 45
L 718.265, -657.380, 0.0000, 610.265, -657.380, 0.0000, 45, 40, 38
L 655.265, -665.380, 0.0000, 751.265, -547.780, 0.0000, 205, 120, 45
L 661.265, -657.380, 0.0000, 757.265, -539.780, 0.0000, 45, 40, 38
L 950.265, -757.780, 0.0000, 800.265, -757.780, 0.0000, 205, 120, 45
L 956.265, -749.780, 0.0000, 806.265, -749.780, 0.0000, 45, 40, 38
L 800.265, -757.780, 0.0000, 800.265, -547.780, 0.0000, 205, 120, 45
L 806.265, -749.780, 0.0000, 806.265, -539.780, 0.0000, 45, 40, 38
L 800.265, -547.780, 0.0000, 950.265, -547.780, 0.0000, 205, 120, 45
L 806.265, -539.780, 0.0000, 956.265, -539.780, 0.0000, 45, 40, 38
L 800.265, -652.780, 0.0000, 908.265, -652.780, 0.0000, 205, 120, 45
L 806.265, -644.780, 0.0000, 914.265, -644.780, 0.0000, 45, 40, 38
L 1146.265, -757.780, 0.0000, 996.265, -757.780, 0.0000, 205, 120, 45
L 1152.265, -749.780, 0.0000, 1002.265, -749.780, 0.0000, 45, 40, 38
L 996.265, -757.780, 0.0000, 996.265, -547.780, 0.0000, 205, 120, 45
L 1002.265, -749.780, 0.0000, 1002.265, -539.780, 0.0000, 45, 40, 38
L 996.265, -547.780, 0.0000, 1146.265, -547.780, 0.0000, 205, 120, 45
L 1002.265, -539.780, 0.0000, 1152.265, -539.780, 0.0000, 45, 40, 38
L 996.265, -652.780, 0.0000, 1104.265, -652.780, 0.0000, 205, 120, 45
L 1002.265, -644.780, 0.0000, 1110.265, -644.780, 0.0000, 45, 40, 38
L 1192.265, -547.780, 0.0000, 1192.265, -757.780, 0.0000, 205, 120, 45
L 1198.265, -539.780, 0.0000, 1198.265, -749.780, 0.0000, 45, 40, 38
L 1192.265, -757.780, 0.0000, 1300.265, -757.780, 0.0000, 205, 120, 45
L 1198.265, -749.780, 0.0000, 1306.265, -749.780, 0.0000, 45, 40, 38
L 1300.265, -757.780, 0.0000, 1330.265, -711.580, 0.0000, 205, 120, 45
L 1306.265, -749.780, 0.0000, 1336.265, -703.580, 0.0000, 45, 40, 38
L 1330.265, -711.580, 0.0000, 1300.265, -661.180, 0.0000, 205, 120, 45
L 1336.265, -703.580, 0.0000, 1306.265, -653.180, 0.0000, 45, 40, 38
L 1300.265, -661.180, 0.0000, 1192.265, -661.180, 0.0000, 205, 120, 45
L 1306.265, -653.180, 0.0000, 1198.265, -653.180, 0.0000, 45, 40, 38
L 1421.265, -547.780, 0.0000, 1505.265, -547.780, 0.0000, 205, 120, 45
L 1427.265, -539.780, 0.0000, 1511.265, -539.780, 0.0000, 45, 40, 38
L 1505.265, -547.780, 0.0000, 1538.265, -610.780, 0.0000, 205, 120, 45
L 1511.265, -539.780, 0.0000, 1544.265, -602.780, 0.0000, 45, 40, 38
L 1538.265, -610.780, 0.0000, 1538.265, -694.780, 0.0000, 205, 120, 45
L 1544.265, -602.780, 0.0000, 1544.265, -686.780, 0.0000, 45, 40, 38
L 1538.265, -694.780, 0.0000, 1505.265, -757.780, 0.0000, 205, 120, 45
L 1544.265, -686.780, 0.0000, 1511.265, -749.780, 0.0000, 45, 40, 38
L 1505.265, -757.780, 0.0000, 1421.265, -757.780, 0.0000, 205, 120, 45
L 1511.265, -749.780, 0.0000, 1427.265, -749.780, 0.0000, 45, 40, 38
L 1421.265, -757.780, 0.0000, 1388.265, -694.780, 0.0000, 205, 120, 45
L 1427.265, -749.780, 0.0000, 1394.265, -686.780, 0.0000, 45, 40, 38
L 1388.265, -694.780, 0.0000, 1388.265, -610.780, 0.0000, 205, 120, 45
L 1394.265, -686.780, 0.0000, 1394.265, -602.780, 0.0000, 45, 40, 38
L 1388.265, -610.780, 0.0000, 1421.265, -547.780, 0.0000, 205, 120, 45
L 1394.265, -602.780, 0.0000, 1427.265, -539.780, 0.0000, 45, 40, 38
L 1584.265, -547.780, 0.0000, 1584.265, -757.780, 0.0000, 205, 120, 45
L 1590.265, -539.780, 0.0000, 1590.265, -749.780, 0.0000, 45, 40, 38
L 1584.265, -757.780, 0.0000, 1692.265, -757.780, 0.0000, 205, 120, 45
L 1590.265, -749.780, 0.0000, 1698.265, -749.780, 0.0000, 45, 40, 38
L 1692.265, -757.780, 0.0000, 1722.265, -715.780, 0.0000, 205, 120, 45
L 1698.265, -749.780, 0.0000, 1728.265, -707.780, 0.0000, 45, 40, 38
L 1722.265, -715.780, 0.0000, 1692.265, -665.380, 0.0000, 205, 120, 45
L 1728.265, -707.780, 0.0000, 1698.265, -657.380, 0.0000, 45, 40, 38
L 1692.265, -665.380, 0.0000, 1584.265, -665.380, 0.0000, 205, 120, 45
L 1698.265, -657.380, 0.0000, 1590.265, -657.380, 0.0000, 45, 40, 38
L 1635.265, -665.380, 0.0000, 1731.265, -547.780, 0.0000, 205, 120, 45
L 1641.265, -657.380, 0.0000, 1737.265, -539.780, 0.0000, 45, 40, 38
L 1780.265, -757.780, 0.0000, 1930.265, -757.780, 0.0000, 205, 120, 45
L 1786.265, -749.780, 0.0000, 1936.265, -749.780, 0.0000, 45, 40, 38
L 1855.265, -757.780, 0.0000, 1855.265, -547.780, 0.0000, 205, 120, 45
L 1861.265, -749.780, 0.0000, 1861.265, -539.780, 0.0000, 45, 40, 38
L 26.985, -707.380, 0.0000, -51.015, -707.380, 0.0000, 180, 150, 110
L -51.015, -707.380, 0.0000, -51.015, -598.180, 0.0000, 180, 150, 110
L -51.015, -598.180, 0.0000, 26.985, -598.180, 0.0000, 180, 150, 110
L -51.015, -652.780, 0.0000, 5.145, -652.780, 0.0000, 180, 150, 110
L 52.745, -598.180, 0.0000, 91.745, -707.380, 0.0000, 180, 150, 110
L 91.745, -707.380, 0.0000, 130.745, -598.180, 0.0000, 180, 150, 110
L 69.905, -641.860, 0.0000, 113.585, -641.860, 0.0000, 180, 150, 110
L 234.505, -691.000, 0.0000, 218.905, -707.380, 0.0000, 180, 150, 110
L 218.905, -707.380, 0.0000, 172.105, -707.380, 0.0000, 180, 150, 110
L 172.105, -707.380, 0.0000, 156.505, -687.724, 0.0000, 180, 150, 110
L 156.505, -687.724, 0.0000, 156.505, -663.700, 0.0000, 180, 150, 110
L 156.505, -663.700, 0.0000, 172.105, -652.780, 0.0000, 180, 150, 110
L 172.105, -652.780, 0.0000, 218.905, -652.780, 0.0000, 180, 150, 110
L 218.905, -652.780, 0.0000, 234.505, -639.676, 0.0000, 180, 150, 110
L 234.505, -639.676, 0.0000, 234.505, -615.652, 0.0000, 180, 150, 110
L 234.505, -615.652, 0.0000, 218.905, -598.180, 0.0000, 180, 150, 110
L 218.905, -598.180, 0.0000, 172.105, -598.180, 0.0000, 180, 150, 110
L 172.105, -598.180, 0.0000, 156.505, -615.652, 0.0000, 180, 150, 110
L 260.265, -707.380, 0.0000, 338.265, -707.380, 0.0000, 180, 150, 110
L 299.265, -707.380, 0.0000, 299.265, -598.180, 0.0000, 180, 150, 110
L -71.015, -501.780, 0.0000, 1950.265, -501.780, 0.0000, 155, 48, 36
L -71.015, -797.780, 0.0000, 1950.265, -797.780, 0.0000, 155, 48, 36
L 2525.090, -557.780, 0.0000, 2525.090, -652.780, 0.0000, 205, 120, 45
L 2525.090, -557.780, 0.0000, 2558.677, -591.368, 0.0000, 155, 48, 36
L 2525.090, -557.780, 0.0000, 2620.090, -557.780, 0.0000, 205, 120, 45
L 2525.090, -557.780, 0.0000, 2558.677, -524.192, 0.0000, 155, 48, 36
L 2525.090, -557.780, 0.0000, 2525.090, -462.780, 0.0000, 205, 120, 45
L 2525.090, -557.780, 0.0000, 2491.502, -524.192, 0.0000, 155, 48, 36
L 2525.090, -557.780, 0.0000, 2430.090, -557.780, 0.0000, 205, 120, 45
L 2525.090, -557.780, 0.0000, 2491.502, -591.368, 0.0000, 155, 48, 36
L 2583.990, -557.780, 0.0000, 2525.090, -498.880, 0.0000, 205, 120, 45
L 2525.090, -498.880, 0.0000, 2466.190, -557.780, 0.0000, 205, 120, 45
L 2466.190, -557.780, 0.0000, 2525.090, -616.680, 0.0000, 205, 120, 45
L 2525.090, -616.680, 0.0000, 2583.990, -557.780, 0.0000, 205, 120, 45
L 2566.738, -516.131, 0.0000, 2483.441, -516.131, 0.0000, 155, 48, 36
L 2483.441, -516.131, 0.0000, 2483.441, -599.429, 0.0000, 155, 48, 36
L 2483.441, -599.429, 0.0000, 2566.738, -599.429, 0.0000, 155, 48, 36
L 2566.738, -599.429, 0.0000, 2566.738, -516.131, 0.0000, 155, 48, 36
L 2525.090, -605.280, 0.0000, 2525.090, -667.030, 0.0000, 115, 110, 104
L 2517.090, -652.780, 0.0000, 2525.090, -669.880, 0.0000, 115, 110, 104
L 2533.090, -652.780, 0.0000, 2525.090, -669.880, 0.0000, 115, 110, 104
P 2525.090, -668.780, 0.0000, 205, 120, 45, 3, N
P 2525.090, -462.780, 0.0000, 115, 110, 104, 1, S
P 2620.090, -557.780, 0.0000, 115, 110, 104, 1, E
P 2430.090, -557.780, 0.0000, 115, 110, 104, 1, W
