L -845.690, -885.780, 0.0000, 593.810, -885.780, 0.0000, 45, 40, 38
L 593.810, -885.780, 0.0000, 593.810, 621.780, 0.0000, 45, 40, 38
L 593.810, 621.780, 0.0000, -845.690, 621.780, 0.0000, 45, 40, 38
L -845.690, 621.780, 0.0000, -845.690, -885.780, 0.0000, 45, 40, 38
L -829.690, -869.780, 0.0000, 577.810, -869.780, 0.0000, 115, 110, 104
L 577.810, -869.780, 0.0000, 577.810, 605.780, 0.0000, 115, 110, 104
L 577.810, 605.780, 0.0000, -829.690, 605.780, 0.0000, 115, 110, 104
L -829.690, 605.780, 0.0000, -829.690, -869.780, 0.0000, 115, 110, 104
L -815.690, -855.780, 0.0000, 563.810, -855.780, 0.0000, 45, 40, 38
L 563.810, -855.780, 0.0000, 563.810, 591.780, 0.0000, 45, 40, 38
L 563.810, 591.780, 0.0000, -815.690, 591.780, 0.0000, 45, 40, 38
L -815.690, 591.780, 0.0000, -815.690, -855.780, 0.0000, 45, 40, 38
L -738.679, -875.112, 0.0000, -724.212, -877.777, 0.0000, 155, 48, 36
L -724.212, -877.777, 0.0000, -709.818, -874.749, 0.0000, 155, 48, 36
L -709.818, -874.749, 0.0000, -697.652, -866.481, 0.0000, 155, 48, 36
L -697.652, -866.481, 0.0000, -689.537, -854.212, 0.0000, 155, 48, 36
L -689.537, -854.212, 0.0000, -686.690, -839.780, 0.0000, 155, 48, 36
L -686.690, -839.780, 0.0000, -689.537, -825.348, 0.0000, 155, 48, 36
L -689.537, -825.348, 0.0000, -697.652, -813.079, 0.0000, 155, 48, 36
L -697.652, -813.079, 0.0000, -709.818, -804.811, 0.0000, 155, 48, 36
L -709.818, -804.811, 0.0000, -724.212, -801.783, 0.0000, 155, 48, 36
L -724.212, -801.783, 0.0000, -738.679, -804.448, 0.0000, 155, 48, 36
L -588.679, -875.112, 0.0000, -574.212, -877.777, 0.0000, 205, 120, 45
L -574.212, -877.777, 0.0000, -559.818, -874.749, 0.0000, 205, 120, 45
L -559.818, -874.749, 0.0000, -547.652, -866.481, 0.0000, 205, 120, 45
L -547.652, -866.481, 0.0000, -539.537, -854.212, 0.0000, 205, 120, 45
L -539.537, -854.212, 0.0000, -536.690, -839.780, 0.0000, 205, 120, 45
L -536.690, -839.780, 0.0000, -539.537, -825.348, 0.0000, 205, 120, 45
L -539.537, -825.348, 0.0000, -547.652, -813.079, 0.0000, 205, 120, 45
L -547.652, -813.079, 0.0000, -559.818, -804.811, 0.0000, 205, 120, 45
L -559.818, -804.811, 0.0000, -574.212, -801.783, 0.0000, 205, 120, 45
L -574.212, -801.783, 0.0000, -588.679, -804.448, 0.0000, 205, 120, 45
L -438.679, -875.112, 0.0000, -424.212, -877.777, 0.0000, 155, 48, 36
L -424.212, -877.777, 0.0000, -409.818, -874.749, 0.0000, 155, 48, 36
L -409.818, -874.749, 0.0000, -397.652, -866.481, 0.0000, 155, 48, 36
L -397.652, -866.481, 0.0000, -389.537, -854.212, 0.0000, 155, 48, 36
L -389.537, -854.212, 0.0000, -386.690, -839.780, 0.0000, 155, 48, 36
L -386.690, -839.780, 0.0000, -389.537, -825.348, 0.0000, 155, 48, 36
L -389.537, -825.348, 0.0000, -397.652, -813.079, 0.0000, 155, 48, 36
L -397.652, -813.079, 0.0000, -409.818, -804.811, 0.0000, 155, 48, 36
L -409.818, -804.811, 0.0000, -424.212, -801.783, 0.0000, 155, 48, 36
L -424.212, -801.783, 0.0000, -438.679, -804.448, 0.0000, 155, 48, 36
L -288.679, -875.112, 0.0000, -274.212, -877.777, 0.0000, 205, 120, 45
L -274.212, -877.777, 0.0000, -259.818, -874.749, 0.0000, 205, 120, 45
L -259.818, -874.749, 0.0000, -247.652, -866.481, 0.0000, 205, 120, 45
L -247.652, -866.481, 0.0000, -239.537, -854.212, 0.0000, 205, 120, 45
L -239.537, -854.212, 0.0000, -236.690, -839.780, 0.0000, 205, 120, 45
L -236.690, -839.780, 0.0000, -239.537, -825.348, 0.0000, 205, 120, 45
L -239.537, -825.348, 0.0000, -247.652, -813.079, 0.0000, 205, 120, 45
L -247.652, -813.079, 0.0000, -259.818, -804.811, 0.0000, 205, 120, 45
L -259.818, -804.811, 0.0000, -274.212, -801.783, 0.0000, 205, 120, 45
L -274.212, -801.783, 0.0000, -288.679, -804.448, 0.0000, 205, 120, 45
L -138.679, -875.112, 0.0000, -124.212, -877.777, 0.0000, 155, 48, 36
L -124.212, -877.777, 0.0000, -109.818, -874.749, 0.0000, 155, 48, 36
L -109.818, -874.749, 0.0000, -97.652, -866.481, 0.0000, 155, 48, 36
L -97.652, -866.481, 0.0000, -89.537, -854.212, 0.0000, 155, 48, 36
L -89.537, -854.212, 0.0000, -86.690, -839.780, 0.0000, 155, 48, 36
L -86.690, -839.780, 0.0000, -89.537, -825.348, 0.0000, 155, 48, 36
L -89.537, -825.348, 0.0000, -97.652, -813.079, 0.0000, 155, 48, 36
L -97.652, -813.079, 0.0000, -109.818, -804.811, 0.0000, 155, 48, 36
L -109.818, -804.811, 0.0000, -124.212, -801.783, 0.0000, 155, 48, 36
L -124.212, -801.783, 0.0000, -138.679, -804.448, 0.0000, 155, 48, 36
L 11.321, -875.112, 0.0000, 25.788, -877.777, 0.0000, 205, 120, 45
L 25.788, -877.777, 0.0000, 40.182, -874.749, 0.0000, 205, 120, 45
L 40.182, -874.749, 0.0000, 52.348, -866.481, 0.0000, 205, 120, 45
L 52.348, -866.481, 0.0000, 60.463, -854.212, 0.0000, 205, 120, 45
L 60.463, -854.212, 0.0000, 63.310, -839.780, 0.0000, 205, 120, 45
L 63.310, -839.780, 0.0000, 60.463, -825.348, 0.0000, 205, 120, 45
L 60.463, -825.348, 0.0000, 52.348, -813.079, 0.0000, 205, 120, 45
L 52.348, -813.079, 0.0000, 40.182, -804.811, 0.0000, 205, 120, 45
L 40.182, -804.811, 0.0000, 25.788, -801.783, 0.0000, 205, 120, 45
L 25.788, -801.783, 0.0000, 11.321, -804.448, 0.0000, 205, 120, 45
L 161.321, -875.112, 0.0000, 175.788, -877.777, 0.0000, 155, 48, 36
L 175.788, -877.777, 0.0000, 190.182, -874.749, 0.0000, 155, 48, 36
L 190.182, -874.749, 0.0000, 202.348, -866.481, 0.0000, 155, 48, 36
L 202.348, -866.481, 0.0000, 210.463, -854.212, 0.0000, 155, 48, 36
L 210.463, -854.212, 0.0000, 213.310, -839.780, 0.0000, 155, 48, 36
L 213.310, -839.780, 0.0000, 210.463, -825.348, 0.0000, 155, 48, 36
L 210.463, -825.348, 0.0000, 202.348, -813.079, 0.0000, 155, 48, 36
L 202.348, -813.079, 0.0000, 190.182, -804.811, 0.0000, 155, 48, 36
L 190.182, -804.811, 0.0000, 175.788, -801.783, 0.0000, 155, 48, 36
L 175.788, -801.783, 0.0000, 161.321, -804.448, 0.0000, 155, 48, 36
L 311.321, -875.112, 0.0000, 325.788, -877.777, 0.0000, 205, 120, 45
L 325.788, -877.777, 0.0000, 340.182, -874.749, 0.0000, 205, 120, 45
L 340.182, -874.749, 0.0000, 352.348, -866.481, 0.0000, 205, 120, 45
L 352.348, -866.481, 0.0000, 360.463, -854.212, 0.0000, 205, 120, 45
L 360.463, -854.212, 0.0000, 363.310, -839.780, 0.0000, 205, 120, 45
L 363.310, -839.780, 0.0000, 360.463, -825.348, 0.0000, 205, 120, 45
L 360.463, -825.348, 0.0000, 352.348, -813.079, 0.0000, 205, 120, 45
L 352.348, -813.079, 0.0000, 340.182, -804.811, 0.0000, 205, 120, 45
L 340.182, -804.811, 0.0000, 325.788, -801.783, 0.0000, 205, 120, 45
L 325.788, -801.783, 0.0000, 311.321, -804.448, 0.0000, 205, 120, 45
L 461.321, -875.112, 0.0000, 475.788, -877.777, 0.0000, 155, 48, 36
L 475.788, -877.777, 0.0000, 490.182, -874.749, 0.0000, 155, 48, 36
L 490.182, -874.749, 0.0000, 502.348, -866.481, 0.0000, 155, 48, 36
L 502.348, -866.481, 0.0000, 510.463, -854.212, 0.0000, 155, 48, 36
L 510.463, -854.212, 0.0000, 513.310, -839.780, 0.0000, 155, 48, 36
L 513.310, -839.780, 0.0000, 510.463, -825.348, 0.0000, 155, 48, 36
L 510.463, -825.348, 0.0000, 502.348, -813.079, 0.0000, 155, 48, 36
L 502.348, -813.079, 0.0000, 490.182, -804.811, 0.0000, 155, 48, 36
L 490.182, -804.811, 0.0000, 475.788, -801.783, 0.0000, 155, 48, 36
L 475.788, -801.783, 0.0000, 461.321, -804.448, 0.0000, 155, 48, 36
L -710.701, 611.112, 0.0000, -725.167, 613.777, 0.0000, 155, 48, 36
L -725.167, 613.777, 0.0000, -739.562, 610.749, 0.0000, 155, 48, 36
L -739.562, 610.749, 0.0000, -751.728, 602.481, 0.0000, 155, 48, 36
L -751.728, 602.481, 0.0000, -759.843, 590.212, 0.0000, 155, 48, 36
L -759.843, 590.212, 0.0000, -762.690, 575.780, 0.0000, 155, 48, 36
L -762.690, 575.780, 0.0000, -759.843, 561.348, 0.0000, 155, 48, 36
L -759.843, 561.348, 0.0000, -751.728, 549.079, 0.0000, 155, 48, 36
L -751.728, 549.079, 0.0000, -739.562, 540.811, 0.0000, 155, 48, 36
L -739.562, 540.811, 0.0000, -725.167, 537.783, 0.0000, 155, 48, 36
L -725.167, 537.783, 0.0000, -710.701, 540.448, 0.0000, 155, 48, 36
L -560.701, 611.112, 0.0000, -575.167, 613.777, 0.0000, 205, 120, 45
L -575.167, 613.777, 0.0000, -589.562, 610.749, 0.0000, 205, 120, 45
L -589.562, 610.749, 0.0000, -601.728, 602.481, 0.0000, 205, 120, 45
L -601.728, 602.481, 0.0000, -609.843, 590.212, 0.0000, 205, 120, 45
L -609.843, 590.212, 0.0000, -612.690, 575.780, 0.0000, 205, 120, 45
L -612.690, 575.780, 0.0000, -609.843, 561.348, 0.0000, 205, 120, 45
L -609.843, 561.348, 0.0000, -601.728, 549.079, 0.0000, 205, 120, 45
L -601.728, 549.079, 0.0000, -589.562, 540.811, 0.0000, 205, 120, 45
L -589.562, 540.811, 0.0000, -575.167, 537.783, 0.0000, 205, 120, 45
L -575.167, 537.783, 0.0000, -560.701, 540.448, 0.0000, 205, 120, 45
L -410.701, 611.112, 0.0000, -425.167, 613.777, 0.0000, 155, 48, 36
L -425.167, 613.777, 0.0000, -439.562, 610.749, 0.0000, 155, 48, 36
L -439.562, 610.749, 0.0000, -451.728, 602.481, 0.0000, 155, 48, 36
L -451.728, 602.481, 0.0000, -459.843, 590.212, 0.0000, 155, 48, 36
L -459.843, 590.212, 0.0000, -462.690, 575.780, 0.0000, 155, 48, 36
L -462.690, 575.780, 0.0000, -459.843, 561.348, 0.0000, 155, 48, 36
L -459.843, 561.348, 0.0000, -451.728, 549.079, 0.0000, 155, 48, 36
L -451.728, 549.079, 0.0000, -439.562, 540.811, 0.0000, 155, 48, 36
L -439.562, 540.811, 0.0000, -425.167, 537.783, 0.0000, 155, 48, 36
L -425.167, 537.783, 0.0000, -410.701, 540.448, 0.0000, 155, 48, 36
L -260.701, 611.112, 0.0000, -275.167, 613.777, 0.0000, 205, 120, 45
L -275.167, 613.777, 0.0000, -289.562, 610.749, 0.0000, 205, 120, 45
L -289.562, 610.749, 0.0000, -301.728, 602.481, 0.0000, 205, 120, 45
L -301.728, 602.481, 0.0000, -309.843, 590.212, 0.0000, 205, 120, 45
L -309.843, 590.212, 0.0000, -312.690, 575.780, 0.0000, 205, 120, 45
L -312.690, 575.780, 0.0000, -309.843, 561.348, 0.0000, 205, 120, 45
L -309.843, 561.348, 0.0000, -301.728, 549.079, 0.0000, 205, 120, 45
L -301.728, 549.079, 0.0000, -289.562, 540.811, 0.0000, 205, 120, 45
L -289.562, 540.811, 0.0000, -275.167, 537.783, 0.0000, 205, 120, 45
L -275.167, 537.783, 0.0000, -260.701, 540.448, 0.0000, 205, 120, 45
L -110.701, 611.112, 0.0000, -125.167, 613.777, 0.0000, 155, 48, 36
L -125.167, 613.777, 0.0000, -139.562, 610.749, 0.0000, 155, 48, 36
L -139.562, 610.749, 0.0000, -151.728, 602.481, 0.0000, 155, 48, 36
L -151.728, 602.481, 0.0000, -159.843, 590.212, 0.0000, 155, 48, 36
L -159.843, 590.212, 0.0000, -162.690, 575.780, 0.0000, 155, 48, 36
L -162.690, 575.780, 0.0000, -159.843, 561.348, 0.0000, 155, 48, 36
L -159.843, 561.348, 0.0000, -151.728, 549.079, 0.0000, 155, 48, 36
L -151.728, 549.079, 0.0000, -139.562, 540.811, 0.0000, 155, 48, 36
L -139.562, 540.811, 0.0000, -125.167, 537.783, 0.0000, 155, 48, 36
L -125.167, 537.783, 0.0000, -110.701, 540.448, 0.0000, 155, 48, 36
L 39.299, 611.112, 0.0000, 24.833, 613.777, 0.0000, 205, 120, 45
L 24.833, 613.777, 0.0000, 10.438, 610.749, 0.0000, 205, 120, 45
L 10.438, 610.749, 0.0000, -1.728, 602.481, 0.0000, 205, 120, 45
L -1.728, 602.481, 0.0000, -9.843, 590.212, 0.0000, 205, 120, 45
L -9.843, 590.212, 0.0000, -12.690, 575.780, 0.0000, 205, 120, 45
L -12.690, 575.780, 0.0000, -9.843, 561.348, 0.0000, 205, 120, 45
L -9.843, 561.348, 0.0000, -1.728, 549.079, 0.0000, 205, 120, 45
L -1.728, 549.079, 0.0000, 10.438, 540.811, 0.0000, 205, 120, 45
L 10.438, 540.811, 0.0000, 24.833, 537.783, 0.0000, 205, 120, 45
L 24.833, 537.783, 0.0000, 39.299, 540.448, 0.0000, 205, 120, 45
L 189.299, 611.112, 0.0000, 174.833, 613.777, 0.0000, 155, 48, 36
L 174.833, 613.777, 0.0000, 160.438, 610.749, 0.0000, 155, 48, 36
L 160.438, 610.749, 0.0000, 148.272, 602.481, 0.0000, 155, 48, 36
L 148.272, 602.481, 0.0000, 140.157, 590.212, 0.0000, 155, 48, 36
L 140.157, 590.212, 0.0000, 137.310, 575.780, 0.0000, 155, 48, 36
L 137.310, 575.780, 0.0000, 140.157, 561.348, 0.0000, 155, 48, 36
L 140.157, 561.348, 0.0000, 148.272, 549.079, 0.0000, 155, 48, 36
L 148.272, 549.079, 0.0000, 160.438, 540.811, 0.0000, 155, 48, 36
L 160.438, 540.811, 0.0000, 174.833, 537.783, 0.0000, 155, 48, 36
L 174.833, 537.783, 0.0000, 189.299, 540.448, 0.0000, 155, 48, 36
L 339.299, 611.112, 0.0000, 324.833, 613.777, 0.0000, 205, 120, 45
L 324.833, 613.777, 0.0000, 310.438, 610.749, 0.0000, 205, 120, 45
L 310.438, 610.749, 0.0000, 298.272, 602.481, 0.0000, 205, 120, 45
L 298.272, 602.481, 0.0000, 290.157, 590.212, 0.0000, 205, 120, 45
L 290.157, 590.212, 0.0000, 287.310, 575.780, 0.0000, 205, 120, 45
L 287.310, 575.780, 0.0000, 290.157, 561.348, 0.0000, 205, 120, 45
L 290.157, 561.348, 0.0000, 298.272, 549.079, 0.0000, 205, 120, 45
L 298.272, 549.079, 0.0000, 310.438, 540.811, 0.0000, 205, 120, 45
L 310.438, 540.811, 0.0000, 324.833, 537.783, 0.0000, 205, 120, 45
L 324.833, 537.783, 0.0000, 339.299, 540.448, 0.0000, 205, 120, 45
L 489.299, 611.112, 0.0000, 474.833, 613.777, 0.0000, 155, 48, 36
L 474.833, 613.777, 0.0000, 460.438, 610.749, 0.0000, 155, 48, 36
L 460.438, 610.749, 0.0000, 448.272, 602.481, 0.0000, 155, 48, 36
L 448.272, 602.481, 0.0000, 440.157, 590.212, 0.0000, 155, 48, 36
L 440.157, 590.212, 0.0000, 437.310, 575.780, 0.0000, 155, 48, 36
L 437.310, 575.780, 0.0000, 440.157, 561.348, 0.0000, 155, 48, 36
L 440.157, 561.348, 0.0000, 448.272, 549.079, 0.0000, 155, 48, 36
L 448.272, 549.079, 0.0000, 460.438, 540.811, 0.0000, 155, 48, 36
L 460.438, 540.811, 0.0000, 474.833, 537.783, 0.0000, 155, 48, 36
L 474.833, 537.783, 0.0000, 489.299, 540.448, 0.0000, 155, 48, 36
L -835.021, -750.791, 0.0000, -837.687, -765.258, 0.0000, 155, 48, 36
L -837.687, -765.258, 0.0000, -834.659, -779.652, 0.0000, 155, 48, 36
L -834.659, -779.652, 0.0000, -826.391, -791.818, 0.0000, 155, 48, 36
L -826.391, -791.818, 0.0000, -814.122, -799.933, 0.0000, 155, 48, 36
L -814.122, -799.933, 0.0000, -799.690, -802.780, 0.0000, 155, 48, 36
L -799.690, -802.780, 0.0000, -785.258, -799.933, 0.0000, 155, 48, 36
L -785.258, -799.933, 0.0000, -772.989, -791.818, 0.0000, 155, 48, 36
L -772.989, -791.818, 0.0000, -764.721, -779.652, 0.0000, 155, 48, 36
L -764.721, -779.652, 0.0000, -761.693, -765.258, 0.0000, 155, 48, 36
L -761.693, -765.258, 0.0000, -764.358, -750.791, 0.0000, 155, 48, 36
L -835.021, -600.791, 0.0000, -837.687, -615.258, 0.0000, 205, 120, 45
L -837.687, -615.258, 0.0000, -834.659, -629.652, 0.0000, 205, 120, 45
L -834.659, -629.652, 0.0000, -826.391, -641.818, 0.0000, 205, 120, 45
L -826.391, -641.818, 0.0000, -814.122, -649.933, 0.0000, 205, 120, 45
L -814.122, -649.933, 0.0000, -799.690, -652.780, 0.0000, 205, 120, 45
L -799.690, -652.780, 0.0000, -785.258, -649.933, 0.0000, 205, 120, 45
L -785.258, -649.933, 0.0000, -772.989, -641.818, 0.0000, 205, 120, 45
L -772.989, -641.818, 0.0000, -764.721, -629.652, 0.0000, 205, 120, 45
L -764.721, -629.652, 0.0000, -761.693, -615.258, 0.0000, 205, 120, 45
L -761.693, -615.258, 0.0000, -764.358, -600.791, 0.0000, 205, 120, 45
L -835.021, -450.791, 0.0000, -837.687, -465.258, 0.0000, 155, 48, 36
L -837.687, -465.258, 0.0000, -834.659, -479.652, 0.0000, 155, 48, 36
L -834.659, -479.652, 0.0000, -826.391, -491.818, 0.0000, 155, 48, 36
L -826.391, -491.818, 0.0000, -814.122, -499.933, 0.0000, 155, 48, 36
L -814.122, -499.933, 0.0000, -799.690, -502.780, 0.0000, 155, 48, 36
L -799.690, -502.780, 0.0000, -785.258, -499.933, 0.0000, 155, 48, 36
L -785.258, -499.933, 0.0000, -772.989, -491.818, 0.0000, 155, 48, 36
L -772.989, -491.818, 0.0000, -764.721, -479.652, 0.0000, 155, 48, 36
L -764.721, -479.652, 0.0000, -761.693, -465.258, 0.0000, 155, 48, 36
L -761.693, -465.258, 0.0000, -764.358, -450.791, 0.0000, 155, 48, 36
L -835.021, -300.791, 0.0000, -837.687, -315.258, 0.0000, 205, 120, 45
L -837.687, -315.258, 0.0000, -834.659, -329.652, 0.0000, 205, 120, 45
L -834.659, -329.652, 0.0000, -826.391, -341.818, 0.0000, 205, 120, 45
L -826.391, -341.818, 0.0000, -814.122, -349.933, 0.0000, 205, 120, 45
L -814.122, -349.933, 0.0000, -799.690, -352.780, 0.0000, 205, 120, 45
L -799.690, -352.780, 0.0000, -785.258, -349.933, 0.0000, 205, 120, 45
L -785.258, -349.933, 0.0000, -772.989, -341.818, 0.0000, 205, 120, 45
L -772.989, -341.818, 0.0000, -764.721, -329.652, 0.0000, 205, 120, 45
L -764.721, -329.652, 0.0000, -761.693, -315.258, 0.0000, 205, 120, 45
L -761.693, -315.258, 0.0000, -764.358, -300.791, 0.0000, 205, 120, 45
L -835.021, -150.791, 0.0000, -837.687, -165.258, 0.0000, 155, 48, 36
L -837.687, -165.258, 0.0000, -834.659, -179.652, 0.0000, 155, 48, 36
L -834.659, -179.652, 0.0000, -826.391, -191.818, 0.0000, 155, 48, 36
L -826.391, -191.818, 0.0000, -814.122, -199.933, 0.0000, 155, 48, 36
L -814.122, -199.933, 0.0000, -799.690, -202.780, 0.0000, 155, 48, 36
L -799.690, -202.780, 0.0000, -785.258, -199.933, 0.0000, 155, 48, 36
L -785.258, -199.933, 0.0000, -772.989, -191.818, 0.0000, 155, 48, 36
L -772.989, -191.818, 0.0000, -764.721, -179.652, 0.0000, 155, 48, 36
L -764.721, -179.652, 0.0000, -761.693, -165.258, 0.0000, 155, 48, 36
L -761.693, -165.258, 0.0000, -764.358, -150.791, 0.0000, 155, 48, 36
L -835.021, -0.791, 0.0000, -837.687, -15.258, 0.0000, 205, 120, 45
L -837.687, -15.258, 0.0000, -834.659, -29.652, 0.0000, 205, 120, 45
L -834.659, -29.652, 0.0000, -826.391, -41.818, 0.0000, 205, 120, 45
L -826.391, -41.818, 0.0000, -814.122, -49.933, 0.0000, 205, 120, 45
L -814.122, -49.933, 0.0000, -799.690, -52.780, 0.0000, 205, 120, 45
L -799.690, -52.780, 0.0000, -785.258, -49.933, 0.0000, 205, 120, 45
L -785.258, -49.933, 0.0000, -772.989, -41.818, 0.0000, 205, 120, 45
L -772.989, -41.818, 0.0000, -764.721, -29.652, 0.0000, 205, 120, 45
L -764.721, -29.652, 0.0000, -761.693, -15.258, 0.0000, 205, 120, 45
L -761.693, -15.258, 0.0000, -764.358, -0.791, 0.0000, 205, 120, 45
L -835.021, 149.209, 0.0000, -837.687, 134.742, 0.0000, 155, 48, 36
L -837.687, 134.742, 0.0000, -834.659, 120.348, 0.0000, 155, 48, 36
L -834.659, 120.348, 0.0000, -826.391, 108.182, 0.0000, 155, 48, 36
L -826.391, 108.182, 0.0000, -814.122, 100.067, 0.0000, 155, 48, 36
L -814.122, 100.067, 0.0000, -799.690, 97.220, 0.0000, 155, 48, 36
L -799.690, 97.220, 0.0000, -785.258, 100.067, 0.0000, 155, 48, 36
L -785.258, 100.067, 0.0000, -772.989, 108.182, 0.0000, 155, 48, 36
L -772.989, 108.182, 0.0000, -764.721, 120.348, 0.0000, 155, 48, 36
L -764.721, 120.348, 0.0000, -761.693, 134.742, 0.0000, 155, 48, 36
L -761.693, 134.742, 0.0000, -764.358, 149.209, 0.0000, 155, 48, 36
L -835.021, 299.209, 0.0000, -837.687, 284.742, 0.0000, 205, 120, 45
L -837.687, 284.742, 0.0000, -834.659, 270.348, 0.0000, 205, 120, 45
L -834.659, 270.348, 0.0000, -826.391, 258.182, 0.0000, 205, 120, 45
L -826.391, 258.182, 0.0000, -814.122, 250.067, 0.0000, 205, 120, 45
L -814.122, 250.067, 0.0000, -799.690, 247.220, 0.0000, 205, 120, 45
L -799.690, 247.220, 0.0000, -785.258, 250.067, 0.0000, 205, 120, 45
L -785.258, 250.067, 0.0000, -772.989, 258.182, 0.0000, 205, 120, 45
L -772.989, 258.182, 0.0000, -764.721, 270.348, 0.0000, 205, 120, 45
L -764.721, 270.348, 0.0000, -761.693, 284.742, 0.0000, 205, 120, 45
L -761.693, 284.742, 0.0000, -764.358, 299.209, 0.0000, 205, 120, 45
L -835.021, 449.209, 0.0000, -837.687, 434.742, 0.0000, 155, 48, 36
L -837.687, 434.742, 0.0000, -834.659, 420.348, 0.0000, 155, 48, 36
L -834.659, 420.348, 0.0000, -826.391, 408.182, 0.0000, 155, 48, 36
L -826.391, 408.182, 0.0000, -814.122, 400.067, 0.0000, 155, 48, 36
L -814.122, 400.067, 0.0000, -799.690, 397.220, 0.0000, 155, 48, 36
L -799.690, 397.220, 0.0000, -785.258, 400.067, 0.0000, 155, 48, 36
L -785.258, 400.067, 0.0000, -772.989, 408.182, 0.0000, 155, 48, 36
L -772.989, 408.182, 0.0000, -764.721, 420.348, 0.0000, 155, 48, 36
L -764.721, 420.348, 0.0000, -761.693, 434.742, 0.0000, 155, 48, 36
L -761.693, 434.742, 0.0000, -764.358, 449.209, 0.0000, 155, 48, 36
L 583.142, -778.769, 0.0000, 585.807, -764.302, 0.0000, 155, 48, 36
L 585.807, -764.302, 0.0000, 582.779, -749.908, 0.0000, 155, 48, 36
L 582.779, -749.908, 0.0000, 574.511, -737.742, 0.0000, 155, 48, 36
L 574.511, -737.742, 0.0000, 562.242, -729.627, 0.0000, 155, 48, 36
L 562.242, -729.627, 0.0000, 547.810, -726.780, 0.0000, 155, 48, 36
L 547.810, -726.780, 0.0000, 533.378, -729.627, 0.0000, 155, 48, 36
L 533.378, -729.627, 0.0000, 521.109, -737.742, 0.0000, 155, 48, 36
L 521.109, -737.742, 0.0000, 512.841, -749.908, 0.0000, 155, 48, 36
L 512.841, -749.908, 0.0000, 509.813, -764.302, 0.0000, 155, 48, 36
L 509.813, -764.302, 0.0000, 512.478, -778.769, 0.0000, 155, 48, 36
L 583.142, -628.769, 0.0000, 585.807, -614.302, 0.0000, 205, 120, 45
L 585.807, -614.302, 0.0000, 582.779, -599.908, 0.0000, 205, 120, 45
L 582.779, -599.908, 0.0000, 574.511, -587.742, 0.0000, 205, 120, 45
L 574.511, -587.742, 0.0000, 562.242, -579.627, 0.0000, 205, 120, 45
L 562.242, -579.627, 0.0000, 547.810, -576.780, 0.0000, 205, 120, 45
L 547.810, -576.780, 0.0000, 533.378, -579.627, 0.0000, 205, 120, 45
L 533.378, -579.627, 0.0000, 521.109, -587.742, 0.0000, 205, 120, 45
L 521.109, -587.742, 0.0000, 512.841, -599.908, 0.0000, 205, 120, 45
L 512.841, -599.908, 0.0000, 509.813, -614.302, 0.0000, 205, 120, 45
L 509.813, -614.302, 0.0000, 512.478, -628.769, 0.0000, 205, 120, 45
L 583.142, -478.769, 0.0000, 585.807, -464.302, 0.0000, 155, 48, 36
L 585.807, -464.302, 0.0000, 582.779, -449.908, 0.0000, 155, 48, 36
L 582.779, -449.908, 0.0000, 574.511, -437.742, 0.0000, 155, 48, 36
L 574.511, -437.742, 0.0000, 562.242, -429.627, 0.0000, 155, 48, 36
L 562.242, -429.627, 0.0000, 547.810, -426.780, 0.0000, 155, 48, 36
L 547.810, -426.780, 0.0000, 533.378, -429.627, 0.0000, 155, 48, 36
L 533.378, -429.627, 0.0000, 521.109, -437.742, 0.0000, 155, 48, 36
L 521.109, -437.742, 0.0000, 512.841, -449.908, 0.0000, 155, 48, 36
L 512.841, -449.908, 0.0000, 509.813, -464.302, 0.0000, 155, 48, 36
L 509.813, -464.302, 0.0000, 512.478, -478.769, 0.0000, 155, 48, 36
L 583.142, -328.769, 0.0000, 585.807, -314.302, 0.0000, 205, 120, 45
L 585.807, -314.302, 0.0000, 582.779, -299.908, 0.0000, 205, 120, 45
L 582.779, -299.908, 0.0000, 574.511, -287.742, 0.0000, 205, 120, 45
L 574.511, -287.742, 0.0000, 562.242, -279.627, 0.0000, 205, 120, 45
L 562.242, -279.627, 0.0000, 547.810, -276.780, 0.0000, 205, 120, 45
L 547.810, -276.780, 0.0000, 533.378, -279.627, 0.0000, 205, 120, 45
L 533.378, -279.627, 0.0000, 521.109, -287.742, 0.0000, 205, 120, 45
L 521.109, -287.742, 0.0000, 512.841, -299.908, 0.0000, 205, 120, 45
L 512.841, -299.908, 0.0000, 509.813, -314.302, 0.0000, 205, 120, 45
L 509.813, -314.302, 0.0000, 512.478, -328.769, 0.0000, 205, 120, 45
L 583.142, -178.769, 0.0000, 585.807, -164.302, 0.0000, 155, 48, 36
L 585.807, -164.302, 0.0000, 582.779, -149.908, 0.0000, 155, 48, 36
L 582.779, -149.908, 0.0000, 574.511, -137.742, 0.0000, 155, 48, 36
L 574.511, -137.742, 0.0000, 562.242, -129.627, 0.0000, 155, 48, 36
L 562.242, -129.627, 0.0000, 547.810, -126.780, 0.0000, 155, 48, 36
L 547.810, -126.780, 0.0000, 533.378, -129.627, 0.0000, 155, 48, 36
L 533.378, -129.627, 0.0000, 521.109, -137.742, 0.0000, 155, 48, 36
L 521.109, -137.742, 0.0000, 512.841, -149.908, 0.0000, 155, 48, 36
L 512.841, -149.908, 0.0000, 509.813, -164.302, 0.0000, 155, 48, 36
L 509.813, -164.302, 0.0000, 512.478, -178.769, 0.0000, 155, 48, 36
L 583.142, -28.769, 0.0000, 585.807, -14.302, 0.0000, 205, 120, 45
L 585.807, -14.302, 0.0000, 582.779, 0.092, 0.0000, 205, 120, 45
L 582.779, 0.092, 0.0000, 574.511, 12.258, 0.0000, 205, 120, 45
L 574.511, 12.258, 0.0000, 562.242, 20.373, 0.0000, 205, 120, 45
L 562.242, 20.373, 0.0000, 547.810, 23.220, 0.0000, 205, 120, 45
L 547.810, 23.220, 0.0000, 533.378, 20.373, 0.0000, 205, 120, 45
L 533.378, 20.373, 0.0000, 521.109, 12.258, 0.0000, 205, 120, 45
L 521.109, 12.258, 0.0000, 512.841, 0.092, 0.0000, 205, 120, 45
L 512.841, 0.092, 0.0000, 509.813, -14.302, 0.0000, 205, 120, 45
L 509.813, -14.302, 0.0000, 512.478, -28.769, 0.0000, 205, 120, 45
L 583.142, 121.231, 0.0000, 585.807, 135.698, 0.0000, 155, 48, 36
L 585.807, 135.698, 0.0000, 582.779, 150.092, 0.0000, 155, 48, 36
L 582.779, 150.092, 0.0000, 574.511, 162.258, 0.0000, 155, 48, 36
L 574.511, 162.258, 0.0000, 562.242, 170.373, 0.0000, 155, 48, 36
L 562.242, 170.373, 0.0000, 547.810, 173.220, 0.0000, 155, 48, 36
L 547.810, 173.220, 0.0000, 533.378, 170.373, 0.0000, 155, 48, 36
L 533.378, 170.373, 0.0000, 521.109, 162.258, 0.0000, 155, 48, 36
L 521.109, 162.258, 0.0000, 512.841, 150.092, 0.0000, 155, 48, 36
L 512.841, 150.092, 0.0000, 509.813, 135.698, 0.0000, 155, 48, 36
L 509.813, 135.698, 0.0000, 512.478, 121.231, 0.0000, 155, 48, 36
L 583.142, 271.231, 0.0000, 585.807, 285.698, 0.0000, 205, 120, 45
L 585.807, 285.698, 0.0000, 582.779, 300.092, 0.0000, 205, 120, 45
L 582.779, 300.092, 0.0000, 574.511, 312.258, 0.0000, 205, 120, 45
L 574.511, 312.258, 0.0000, 562.242, 320.373, 0.0000, 205, 120, 45
L 562.242, 320.373, 0.0000, 547.810, 323.220, 0.0000, 205, 120, 45
L 547.810, 323.220, 0.0000, 533.378, 320.373, 0.0000, 205, 120, 45
L 533.378, 320.373, 0.0000, 521.109, 312.258, 0.0000, 205, 120, 45
L 521.109, 312.258, 0.0000, 512.841, 300.092, 0.0000, 205, 120, 45
L 512.841, 300.092, 0.0000, 509.813, 285.698, 0.0000, 205, 120, 45
L 509.813, 285.698, 0.0000, 512.478, 271.231, 0.0000, 205, 120, 45
L 583.142, 421.231, 0.0000, 585.807, 435.698, 0.0000, 155, 48, 36
L 585.807, 435.698, 0.0000, 582.779, 450.092, 0.0000, 155, 48, 36
L 582.779, 450.092, 0.0000, 574.511, 462.258, 0.0000, 155, 48, 36
L 574.511, 462.258, 0.0000, 562.242, 470.373, 0.0000, 155, 48, 36
L 562.242, 470.373, 0.0000, 547.810, 473.220, 0.0000, 155, 48, 36
L 547.810, 473.220, 0.0000, 533.378, 470.373, 0.0000, 155, 48, 36
L 533.378, 470.373, 0.0000, 521.109, 462.258, 0.0000, 155, 48, 36
L 521.109, 462.258, 0.0000, 512.841, 450.092, 0.0000, 155, 48, 36
L 512.841, 450.092, 0.0000, 509.813, 435.698, 0.0000, 155, 48, 36
L 509.813, 435.698, 0.0000, 512.478, 421.231, 0.0000, 155, 48, 36
L -765.690, -839.780, 0.0000, -799.690, -805.780, 0.0000, 205, 120, 45
L -799.690, -805.780, 0.0000, -833.690, -839.780, 0.0000, 205, 120, 45
L -833.690, -839.780, 0.0000, -799.690, -873.780, 0.0000, 205, 120, 45
L -799.690, -873.780, 0.0000, -765.690, -839.780, 0.0000, 205, 120, 45
L -775.648, -815.738, 0.0000, -823.732, -815.738, 0.0000, 155, 48, 36
L -823.732, -815.738, 0.0000, -823.732, -863.822, 0.0000, 155, 48, 36
L -823.732, -863.822, 0.0000, -775.648, -863.822, 0.0000, 155, 48, 36
L -775.648, -863.822, 0.0000, -775.648, -815.738, 0.0000, 155, 48, 36
L -787.125, -834.576, 0.0000, -804.894, -827.215, 0.0000, 115, 110, 104
L -804.894, -827.215, 0.0000, -812.255, -844.984, 0.0000, 115, 110, 104
L -812.255, -844.984, 0.0000, -794.485, -852.345, 0.0000, 115, 110, 104
L -794.485, -852.345, 0.0000, -787.125, -834.576, 0.0000, 115, 110, 104
L 581.810, -839.780, 0.0000, 547.810, -805.780, 0.0000, 205, 120, 45
L 547.810, -805.780, 0.0000, 513.810, -839.780, 0.0000, 205, 120, 45
L 513.810, -839.780, 0.0000, 547.810, -873.780, 0.0000, 205, 120, 45
L 547.810, -873.780, 0.0000, 581.810, -839.780, 0.0000, 205, 120, 45
L 571.852, -815.738, 0.0000, 523.768, -815.738, 0.0000, 155, 48, 36
L 523.768, -815.738, 0.0000, 523.768, -863.822, 0.0000, 155, 48, 36
L 523.768, -863.822, 0.0000, 571.852, -863.822, 0.0000, 155, 48, 36
L 571.852, -863.822, 0.0000, 571.852, -815.738, 0.0000, 155, 48, 36
L 560.375, -834.576, 0.0000, 542.606, -827.215, 0.0000, 115, 110, 104
L 542.606, -827.215, 0.0000, 535.245, -844.984, 0.0000, 115, 110, 104
L 535.245, -844.984, 0.0000, 553.014, -852.345, 0.0000, 115, 110, 104
L 553.014, -852.345, 0.0000, 560.375, -834.576, 0.0000, 115, 110, 104
L -765.690, 575.780, 0.0000, -799.690, 609.780, 0.0000, 205, 120, 45
L -799.690, 609.780, 0.0000, -833.690, 575.780, 0.0000, 205, 120, 45
L -833.690, 575.780, 0.0000, -799.690, 541.780, 0.0000, 205, 120, 45
L -799.690, 541.780, 0.0000, -765.690, 575.780, 0.0000, 205, 120, 45
L -775.648, 599.822, 0.0000, -823.732, 599.822, 0.0000, 155, 48, 36
L -823.732, 599.822, 0.0000, -823.732, 551.738, 0.0000, 155, 48, 36
L -823.732, 551.738, 0.0000, -775.648, 551.738, 0.0000, 155, 48, 36
L -775.648, 551.738, 0.0000, -775.648, 599.822, 0.0000, 155, 48, 36
L -787.125, 580.984, 0.0000, -804.894, 588.345, 0.0000, 115, 110, 104
L -804.894, 588.345, 0.0000, -812.255, 570.576, 0.0000, 115, 110, 104
L -812.255, 570.576, 0.0000, -794.485, 563.215, 0.0000, 115, 110, 104
L -794.485, 563.215, 0.0000, -787.125, 580.984, 0.0000, 115, 110, 104
L 581.810, 575.780, 0.0000, 547.810, 609.780, 0.0000, 205, 120, 45
L 547.810, 609.780, 0.0000, 513.810, 575.780, 0.0000, 205, 120, 45
L 513.810, 575.780, 0.0000, 547.810, 541.780, 0.0000, 205, 120, 45
L 547.810, 541.780, 0.0000, 581.810, 575.780, 0.0000, 205, 120, 45
L 571.852, 599.822, 0.0000, 523.768, 599.822, 0.0000, 155, 48, 36
L 523.768, 599.822, 0.0000, 523.768, 551.738, 0.0000, 155, 48, 36
L 523.768, 551.738, 0.0000, 571.852, 551.738, 0.0000, 155, 48, 36
L 571.852, 551.738, 0.0000, 571.852, 599.822, 0.0000, 155, 48, 36
L 560.375, 580.984, 0.0000, 542.606, 588.345, 0.0000, 115, 110, 104
L 542.606, 588.345, 0.0000, 535.245, 570.576, 0.0000, 115, 110, 104
L 535.245, 570.576, 0.0000, 553.014, 563.215, 0.0000, 115, 110, 104
L 553.014, 563.215, 0.0000, 560.375, 580.984, 0.0000, 115, 110, 104
L -387.982, -671.012, 0.0000, -387.982, -785.780, 0.0000, 205, 120, 45
L -381.982, -663.012, 0.0000, -381.982, -777.780, 0.0000, 45, 40, 38
L -387.982, -785.780, 0.0000, -306.005, -785.780, 0.0000, 205, 120, 45
L -381.982, -777.780, 0.0000, -300.005, -777.780, 0.0000, 45, 40, 38
L -387.982, -735.282, 0.0000, -328.958, -735.282, 0.0000, 205, 120, 45
L -381.982, -727.282, 0.0000, -322.958, -727.282, 0.0000, 45, 40, 38
L -280.865, -671.012, 0.0000, -280.865, -785.780, 0.0000, 205, 120, 45
L -274.865, -663.012, 0.0000, -274.865, -777.780, 0.0000, 45, 40, 38
L -280.865, -785.780, 0.0000, -221.842, -785.780, 0.0000, 205, 120, 45
L -274.865, -777.780, 0.0000, -215.842, -777.780, 0.0000, 45, 40, 38
L -221.842, -785.780, 0.0000, -205.447, -762.826, 0.0000, 205, 120, 45
L -215.842, -777.780, 0.0000, -199.447, -754.826, 0.0000, 45, 40, 38
L -205.447, -762.826, 0.0000, -221.842, -735.282, 0.0000, 205, 120, 45
L -199.447, -754.826, 0.0000, -215.842, -727.282, 0.0000, 45, 40, 38
L -221.842, -735.282, 0.0000, -280.865, -735.282, 0.0000, 205, 120, 45
L -215.842, -727.282, 0.0000, -274.865, -727.282, 0.0000, 45, 40, 38
L -252.993, -735.282, 0.0000, -200.528, -671.012, 0.0000, 205, 120, 45
L -246.993, -727.282, 0.0000, -194.528, -663.012, 0.0000, 45, 40, 38
L -91.772, -785.780, 0.0000, -173.749, -785.780, 0.0000, 205, 120, 45
L -85.772, -777.780, 0.0000, -167.749, -777.780, 0.0000, 45, 40, 38
L -173.749, -785.780, 0.0000, -173.749, -671.012, 0.0000, 205, 120, 45
L -167.749, -777.780, 0.0000, -167.749, -663.012, 0.0000, 45, 40, 38
L -173.749, -671.012, 0.0000, -91.772, -671.012, 0.0000, 205, 120, 45
L -167.749, -663.012, 0.0000, -85.772, -663.012, 0.0000, 45, 40, 38
L -173.749, -728.396, 0.0000, -114.726, -728.396, 0.0000, 205, 120, 45
L -167.749, -720.396, 0.0000, -108.726, -720.396, 0.0000, 45, 40, 38
L 15.344, -785.780, 0.0000, -66.632, -785.780, 0.0000, 205, 120, 45
L 21.344, -777.780, 0.0000, -60.632, -777.780, 0.0000, 45, 40, 38
L -66.632, -785.780, 0.0000, -66.632, -671.012, 0.0000, 205, 120, 45
L -60.632, -777.780, 0.0000, -60.632, -663.012, 0.0000, 45, 40, 38
L -66.632, -671.012, 0.0000, 15.344, -671.012, 0.0000, 205, 120, 45
L -60.632, -663.012, 0.0000, 21.344, -663.012, 0.0000, 45, 40, 38
L -66.632, -728.396, 0.0000, -7.609, -728.396, 0.0000, 205, 120, 45
L -60.632, -720.396, 0.0000, -1.609, -720.396, 0.0000, 45, 40, 38
L 40.484, -671.012, 0.0000, 40.484, -785.780, 0.0000, 205, 120, 45
L 46.484, -663.012, 0.0000, 46.484, -777.780, 0.0000, 45, 40, 38
L 40.484, -785.780, 0.0000, 99.507, -785.780, 0.0000, 205, 120, 45
L 46.484, -777.780, 0.0000, 105.507, -777.780, 0.0000, 45, 40, 38
L 99.507, -785.780, 0.0000, 115.903, -760.531, 0.0000, 205, 120, 45
L 105.507, -777.780, 0.0000, 121.903, -752.531, 0.0000, 45, 40, 38
L 115.903, -760.531, 0.0000, 99.507, -732.987, 0.0000, 205, 120, 45
L 121.903, -752.531, 0.0000, 105.507, -724.987, 0.0000, 45, 40, 38
L 99.507, -732.987, 0.0000, 40.484, -732.987, 0.0000, 205, 120, 45
L 105.507, -724.987, 0.0000, 46.484, -724.987, 0.0000, 45, 40, 38
L 165.635, -671.012, 0.0000, 211.542, -671.012, 0.0000, 205, 120, 45
L 171.635, -663.012, 0.0000, 217.542, -663.012, 0.0000, 45, 40, 38
L 211.542, -671.012, 0.0000, 229.577, -705.443, 0.0000, 205, 120, 45
L 217.542, -663.012, 0.0000, 235.577, -697.443, 0.0000, 45, 40, 38
L 229.577, -705.443, 0.0000, 229.577, -751.350, 0.0000, 205, 120, 45
L 235.577, -697.443, 0.0000, 235.577, -743.350, 0.0000, 45, 40, 38
L 229.577, -751.350, 0.0000, 211.542, -785.780, 0.0000, 205, 120, 45
L 235.577, -743.350, 0.0000, 217.542, -777.780, 0.0000, 45, 40, 38
L 211.542, -785.780, 0.0000, 165.635, -785.780, 0.0000, 205, 120, 45
L 217.542, -777.780, 0.0000, 171.635, -777.780, 0.0000, 45, 40, 38
L 165.635, -785.780, 0.0000, 147.600, -751.350, 0.0000, 205, 120, 45
L 171.635, -777.780, 0.0000, 153.600, -743.350, 0.0000, 45, 40, 38
L 147.600, -751.350, 0.0000, 147.600, -705.443, 0.0000, 205, 120, 45
L 153.600, -743.350, 0.0000, 153.600, -697.443, 0.0000, 45, 40, 38
L 147.600, -705.443, 0.0000, 165.635, -671.012, 0.0000, 205, 120, 45
L 153.600, -697.443, 0.0000, 171.635, -663.012, 0.0000, 45, 40, 38
L 254.717, -671.012, 0.0000, 254.717, -785.780, 0.0000, 205, 120, 45
L 260.717, -663.012, 0.0000, 260.717, -777.780, 0.0000, 45, 40, 38
L 254.717, -785.780, 0.0000, 313.740, -785.780, 0.0000, 205, 120, 45
L 260.717, -777.780, 0.0000, 319.740, -777.780, 0.0000, 45, 40, 38
L 313.740, -785.780, 0.0000, 330.135, -762.826, 0.0000, 205, 120, 45
L 319.740, -777.780, 0.0000, 336.135, -754.826, 0.0000, 45, 40, 38
L 330.135, -762.826, 0.0000, 313.740, -735.282, 0.0000, 205, 120, 45
L 336.135, -754.826, 0.0000, 319.740, -727.282, 0.0000, 45, 40, 38
L 313.740, -735.282, 0.0000, 254.717, -735.282, 0.0000, 205, 120, 45
L 319.740, -727.282, 0.0000, 260.717, -727.282, 0.0000, 45, 40, 38
L 282.589, -735.282, 0.0000, 335.054, -671.012, 0.0000, 205, 120, 45
L 288.589, -727.282, 0.0000, 341.054, -663.012, 0.0000, 45, 40, 38
L 361.833, -785.780, 0.0000, 443.810, -785.780, 0.0000, 205, 120, 45
L 367.833, -777.780, 0.0000, 449.810, -777.780, 0.0000, 45, 40, 38
L 402.822, -785.780, 0.0000, 402.822, -671.012, 0.0000, 205, 120, 45
L 408.822, -777.780, 0.0000, 408.822, -663.012, 0.0000, 45, 40, 38
L -695.690, -698.557, 0.0000, -695.690, -758.236, 0.0000, 180, 150, 110
L -695.690, -758.236, 0.0000, -653.062, -698.557, 0.0000, 180, 150, 110
L -653.062, -698.557, 0.0000, -653.062, -758.236, 0.0000, 180, 150, 110
L -629.606, -698.557, 0.0000, -605.734, -698.557, 0.0000, 180, 150, 110
L -605.734, -698.557, 0.0000, -596.356, -716.460, 0.0000, 180, 150, 110
L -596.356, -716.460, 0.0000, -596.356, -740.332, 0.0000, 180, 150, 110
L -596.356, -740.332, 0.0000, -605.734, -758.236, 0.0000, 180, 150, 110
L -605.734, -758.236, 0.0000, -629.606, -758.236, 0.0000, 180, 150, 110
L -629.606, -758.236, 0.0000, -638.984, -740.332, 0.0000, 180, 150, 110
L -638.984, -740.332, 0.0000, -638.984, -716.460, 0.0000, 180, 150, 110
L -638.984, -716.460, 0.0000, -629.606, -698.557, 0.0000, 180, 150, 110
L -582.278, -698.557, 0.0000, -582.278, -758.236, 0.0000, 180, 150, 110
L -582.278, -758.236, 0.0000, -551.586, -758.236, 0.0000, 180, 150, 110
L -551.586, -758.236, 0.0000, -543.060, -746.300, 0.0000, 180, 150, 110
L -543.060, -746.300, 0.0000, -551.586, -731.977, 0.0000, 180, 150, 110
L -551.586, -731.977, 0.0000, -582.278, -731.977, 0.0000, 180, 150, 110
L -567.784, -731.977, 0.0000, -540.502, -698.557, 0.0000, 180, 150, 110
L -525.572, -758.236, 0.0000, -482.944, -758.236, 0.0000, 180, 150, 110
L -504.258, -758.236, 0.0000, -504.258, -698.557, 0.0000, 180, 150, 110
L -468.865, -698.557, 0.0000, -468.865, -758.236, 0.0000, 180, 150, 110
L -426.238, -698.557, 0.0000, -426.238, -758.236, 0.0000, 180, 150, 110
L -468.865, -728.396, 0.0000, -426.238, -728.396, 0.0000, 180, 150, 110
L -715.690, -625.012, 0.0000, 463.810, -625.012, 0.0000, 155, 48, 36
L -715.690, -825.780, 0.0000, 463.810, -825.780, 0.0000, 155, 48, 36
L 743.810, -585.780, 0.0000, 743.810, -680.780, 0.0000, 205, 120, 45
L 743.810, -585.780, 0.0000, 777.398, -619.368, 0.0000, 155, 48, 36
L 743.810, -585.780, 0.0000, 838.810, -585.780, 0.0000, 205, 120, 45
L 743.810, -585.780, 0.0000, 777.398, -552.192, 0.0000, 155, 48, 36
L 743.810, -585.780, 0.0000, 743.810, -490.780, 0.0000, 205, 120, 45
L 743.810, -585.780, 0.0000, 710.222, -552.192, 0.0000, 155, 48, 36
L 743.810, -585.780, 0.0000, 648.810, -585.780, 0.0000, 205, 120, 45
L 743.810, -585.780, 0.0000, 710.222, -619.368, 0.0000, 155, 48, 36
L 802.710, -585.780, 0.0000, 743.810, -526.880, 0.0000, 205, 120, 45
L 743.810, -526.880, 0.0000, 684.910, -585.780, 0.0000, 205, 120, 45
L 684.910, -585.780, 0.0000, 743.810, -644.680, 0.0000, 205, 120, 45
L 743.810, -644.680, 0.0000, 802.710, -585.780, 0.0000, 205, 120, 45
L 785.459, -544.131, 0.0000, 702.161, -544.131, 0.0000, 155, 48, 36
L 702.161, -544.131, 0.0000, 702.161, -627.429, 0.0000, 155, 48, 36
L 702.161, -627.429, 0.0000, 785.459, -627.429, 0.0000, 155, 48, 36
L 785.459, -627.429, 0.0000, 785.459, -544.131, 0.0000, 155, 48, 36
L 743.810, -633.280, 0.0000, 743.810, -695.030, 0.0000, 115, 110, 104
L 735.810, -680.780, 0.0000, 743.810, -697.880, 0.0000, 115, 110, 104
L 751.810, -680.780, 0.0000, 743.810, -697.880, 0.0000, 115, 110, 104
P 743.810, -696.780, 0.0000, 205, 120, 45, 3, N
P 743.810, -490.780, 0.0000, 115, 110, 104, 1, S
P 838.810, -585.780, 0.0000, 115, 110, 104, 1, E
P 648.810, -585.780, 0.0000, 115, 110, 104, 1, W
