P -856.2097, 17.6164, -0.8014, 160, 105, 0, 3, To_Lavastorm_Mountains
P -105.0000, -353.0000, 3.0000, 110, 0, 60, 3, Najena_(Mistress_Mag_35)
P 222.0000, 35.0000, -14.0000, 110, 0, 60, 3, Drelzna_(SK_25_JBoots)
P 119.0000, 154.0000, -27.0000, 110, 0, 60, 3, Rathyl_(Necro_27_Room_11)
P 119.0000, 140.0000, -27.0000, 110, 0, 60, 2, Rathyl_Reincarnate_(30)
P -220.0000, -460.0000, 0.0000, 110, 0, 60, 3, The_Widowmistress_(34)
P 224.0000, -187.0000, -15.0000, 110, 0, 60, 2, The_Blood_Artist_(Necro_27)
P -156.0000, 72.0000, 0.0000, 110, 0, 60, 2, Trazdon_(Necro_24_Room_7)
P -210.0000, 84.0000, 0.0000, 165, 60, 20, 2, BoneCracker_(Dull_Bone_Key)
P -187.0000, -52.0000, 0.0000, 165, 60, 20, 2, Guard_Captain_(Shiny_Metal_Key)
P 73.0000, -372.0000, 0.0000, 165, 60, 20, 2, Akksstaff_(Mag_30)
P 90.0000, 25.0000, -14.0000, 165, 60, 20, 2, Ekeros_(Rogue_26_caged)
P -280.0000, 84.0000, 0.0000, 165, 60, 20, 2, Officer_Grush_(near_Captain)
P 92.0000, 6.0000, -28.0000, 165, 60, 20, 2, Moosh_(Guard_Keyring)
P -360.0000, 26.0000, 0.6600, 165, 60, 20, 2, Unbound_Flame_(Fire_Elem_25)
P -131.0000, -342.0000, 1.1000, 165, 60, 20, 2, The_Tenderizer_(Ogre_22)
P -287.0000, -135.0000, -28.0000, 165, 60, 20, 2, Lost_Crusader_(SK_25)
P -109.0000, -245.0000, -23.0000, 30, 70, 90, 2, Froglok_Ghoul
P 70.0000, 20.0000, -28.0000, 30, 70, 90, 2, Linara_Parlone_(Prisoner)
P -175.0000, -357.0000, -19.9100, 30, 70, 90, 2, Crystal_Room_(#4)
P -160.0000, -455.0000, 0.0000, 30, 70, 90, 2, Goblin_Camps_(caves)
P 224.0000, -165.0000, -15.0000, 30, 70, 90, 2, Torture_Rooms_(#3)
