L -850.00, -545.78, 0.0000, -850.00, 167.94, 0.0000, 95, 80, 110
L -680.00, -545.78, 0.0000, -680.00, 167.94, 0.0000, 95, 80, 110
L -510.00, -545.78, 0.0000, -510.00, 167.94, 0.0000, 95, 80, 110
L -340.00, -545.78, 0.0000, -340.00, 167.94, 0.0000, 95, 80, 110
L -170.00, -545.78, 0.0000, -170.00, 167.94, 0.0000, 95, 80, 110
L 0.00, -545.78, 0.0000, 0.00, 167.94, 0.0000, 95, 80, 110
L 170.00, -545.78, 0.0000, 170.00, 167.94, 0.0000, 95, 80, 110
L -959.62, -510.00, 0.0000, 335.88, -510.00, 0.0000, 95, 80, 110
L -959.62, -340.00, 0.0000, 335.88, -340.00, 0.0000, 95, 80, 110
L -959.62, -170.00, 0.0000, 335.88, -170.00, 0.0000, 95, 80, 110
L -959.62, 0.00, 0.0000, 335.88, 0.00, 0.0000, 95, 80, 110
L -1419.62, -1005.78, 0.0000, -1323.29, -974.42, 0.0000, 55, 40, 65
L -1323.29, -974.42, 0.0000, -1226.97, -1005.78, 0.0000, 55, 40, 65
L -1226.97, -1005.78, 0.0000, -1130.64, -977.98, 0.0000, 55, 40, 65
L -1130.64, -977.98, 0.0000, -1034.32, -1005.78, 0.0000, 55, 40, 65
L -1034.32, -1005.78, 0.0000, -937.99, -964.64, 0.0000, 55, 40, 65
L -937.99, -964.64, 0.0000, -841.66, -1005.78, 0.0000, 55, 40, 65
L -841.66, -1005.78, 0.0000, -745.34, -958.19, 0.0000, 55, 40, 65
L -745.34, -958.19, 0.0000, -649.01, -1005.78, 0.0000, 55, 40, 65
L -649.01, -1005.78, 0.0000, -552.69, -961.55, 0.0000, 55, 40, 65
L -552.69, -961.55, 0.0000, -456.36, -1005.78, 0.0000, 55, 40, 65
L -456.36, -1005.78, 0.0000, -360.03, -977.15, 0.0000, 55, 40, 65
L -360.03, -977.15, 0.0000, -263.71, -1005.78, 0.0000, 55, 40, 65
L -263.71, -1005.78, 0.0000, -167.38, -943.66, 0.0000, 55, 40, 65
L -167.38, -943.66, 0.0000, -71.05, -1005.78, 0.0000, 55, 40, 65
L -71.05, -1005.78, 0.0000, 25.27, -971.12, 0.0000, 55, 40, 65
L 25.27, -971.12, 0.0000, 121.60, -1005.78, 0.0000, 55, 40, 65
L 121.60, -1005.78, 0.0000, 217.92, -938.16, 0.0000, 55, 40, 65
L 217.92, -938.16, 0.0000, 314.25, -1005.78, 0.0000, 55, 40, 65
L 314.25, -1005.78, 0.0000, 410.58, -963.23, 0.0000, 55, 40, 65
L 410.58, -963.23, 0.0000, 506.90, -1005.78, 0.0000, 55, 40, 65
L 506.90, -1005.78, 0.0000, 603.23, -979.16, 0.0000, 55, 40, 65
L 603.23, -979.16, 0.0000, 699.55, -1005.78, 0.0000, 55, 40, 65
L 699.55, -1005.78, 0.0000, 795.88, -968.10, 0.0000, 55, 40, 65
L 795.88, -1005.78, 0.0000, 764.82, -909.68, 0.0000, 55, 40, 65
L 764.82, -909.68, 0.0000, 795.88, -813.58, 0.0000, 55, 40, 65
L 795.88, -813.58, 0.0000, 757.34, -717.48, 0.0000, 55, 40, 65
L 757.34, -717.48, 0.0000, 795.88, -621.38, 0.0000, 55, 40, 65
L 795.88, -621.38, 0.0000, 763.16, -525.27, 0.0000, 55, 40, 65
L 763.16, -525.27, 0.0000, 795.88, -429.17, 0.0000, 55, 40, 65
L 795.88, -429.17, 0.0000, 742.31, -333.07, 0.0000, 55, 40, 65
L 742.31, -333.07, 0.0000, 795.88, -236.97, 0.0000, 55, 40, 65
L 795.88, -236.97, 0.0000, 746.46, -140.87, 0.0000, 55, 40, 65
L 746.46, -140.87, 0.0000, 795.88, -44.77, 0.0000, 55, 40, 65
L 795.88, -44.77, 0.0000, 768.67, 51.33, 0.0000, 55, 40, 65
L 768.67, 51.33, 0.0000, 795.88, 147.43, 0.0000, 55, 40, 65
L 795.88, 147.43, 0.0000, 740.42, 243.54, 0.0000, 55, 40, 65
L 740.42, 243.54, 0.0000, 795.88, 339.64, 0.0000, 55, 40, 65
L 795.88, 339.64, 0.0000, 757.09, 435.74, 0.0000, 55, 40, 65
L 757.09, 435.74, 0.0000, 795.88, 531.84, 0.0000, 55, 40, 65
L 795.88, 531.84, 0.0000, 750.76, 627.94, 0.0000, 55, 40, 65
L 795.88, 627.94, 0.0000, 699.55, 571.64, 0.0000, 55, 40, 65
L 699.55, 571.64, 0.0000, 603.23, 627.94, 0.0000, 55, 40, 65
L 603.23, 627.94, 0.0000, 506.90, 577.30, 0.0000, 55, 40, 65
L 506.90, 577.30, 0.0000, 410.58, 627.94, 0.0000, 55, 40, 65
L 410.58, 627.94, 0.0000, 314.25, 563.62, 0.0000, 55, 40, 65
L 314.25, 563.62, 0.0000, 217.92, 627.94, 0.0000, 55, 40, 65
L 217.92, 627.94, 0.0000, 121.60, 590.34, 0.0000, 55, 40, 65
L 121.60, 590.34, 0.0000, 25.27, 627.94, 0.0000, 55, 40, 65
L 25.27, 627.94, 0.0000, -71.05, 598.07, 0.0000, 55, 40, 65
L -71.05, 598.07, 0.0000, -167.38, 627.94, 0.0000, 55, 40, 65
L -167.38, 627.94, 0.0000, -263.71, 568.99, 0.0000, 55, 40, 65
L -263.71, 568.99, 0.0000, -360.03, 627.94, 0.0000, 55, 40, 65
L -360.03, 627.94, 0.0000, -456.36, 581.19, 0.0000, 55, 40, 65
L -456.36, 581.19, 0.0000, -552.69, 627.94, 0.0000, 55, 40, 65
L -552.69, 627.94, 0.0000, -649.01, 573.04, 0.0000, 55, 40, 65
L -649.01, 573.04, 0.0000, -745.34, 627.94, 0.0000, 55, 40, 65
L -745.34, 627.94, 0.0000, -841.66, 577.37, 0.0000, 55, 40, 65
L -841.66, 577.37, 0.0000, -937.99, 627.94, 0.0000, 55, 40, 65
L -937.99, 627.94, 0.0000, -1034.32, 589.16, 0.0000, 55, 40, 65
L -1034.32, 589.16, 0.0000, -1130.64, 627.94, 0.0000, 55, 40, 65
L -1130.64, 627.94, 0.0000, -1226.97, 576.40, 0.0000, 55, 40, 65
L -1226.97, 576.40, 0.0000, -1323.29, 627.94, 0.0000, 55, 40, 65
L -1323.29, 627.94, 0.0000, -1419.62, 582.68, 0.0000, 55, 40, 65
L -1419.62, 627.94, 0.0000, -1356.90, 531.84, 0.0000, 55, 40, 65
L -1356.90, 531.84, 0.0000, -1419.62, 435.74, 0.0000, 55, 40, 65
L -1419.62, 435.74, 0.0000, -1373.55, 339.64, 0.0000, 55, 40, 65
L -1373.55, 339.64, 0.0000, -1419.62, 243.54, 0.0000, 55, 40, 65
L -1419.62, 243.54, 0.0000, -1392.36, 147.43, 0.0000, 55, 40, 65
L -1392.36, 147.43, 0.0000, -1419.62, 51.33, 0.0000, 55, 40, 65
L -1419.62, 51.33, 0.0000, -1365.68, -44.77, 0.0000, 55, 40, 65
L -1365.68, -44.77, 0.0000, -1419.62, -140.87, 0.0000, 55, 40, 65
L -1419.62, -140.87, 0.0000, -1357.72, -236.97, 0.0000, 55, 40, 65
L -1357.72, -236.97, 0.0000, -1419.62, -333.07, 0.0000, 55, 40, 65
L -1419.62, -333.07, 0.0000, -1377.57, -429.17, 0.0000, 55, 40, 65
L -1377.57, -429.17, 0.0000, -1419.62, -525.27, 0.0000, 55, 40, 65
L -1419.62, -525.27, 0.0000, -1394.09, -621.38, 0.0000, 55, 40, 65
L -1394.09, -621.38, 0.0000, -1419.62, -717.48, 0.0000, 55, 40, 65
L -1419.62, -717.48, 0.0000, -1387.47, -813.58, 0.0000, 55, 40, 65
L -1387.47, -813.58, 0.0000, -1419.62, -909.68, 0.0000, 55, 40, 65
L -1419.62, -909.68, 0.0000, -1392.44, -1005.78, 0.0000, 55, 40, 65
L -1374.62, -960.78, 0.0000, -1249.59, -941.11, 0.0000, 110, 70, 120
L -1249.59, -941.11, 0.0000, -1124.56, -960.78, 0.0000, 110, 70, 120
L -1124.56, -960.78, 0.0000, -999.53, -925.50, 0.0000, 110, 70, 120
L -999.53, -925.50, 0.0000, -874.50, -960.78, 0.0000, 110, 70, 120
L -874.50, -960.78, 0.0000, -749.47, -936.06, 0.0000, 110, 70, 120
L -749.47, -936.06, 0.0000, -624.44, -960.78, 0.0000, 110, 70, 120
L -624.44, -960.78, 0.0000, -499.41, -925.20, 0.0000, 110, 70, 120
L -499.41, -925.20, 0.0000, -374.38, -960.78, 0.0000, 110, 70, 120
L -374.38, -960.78, 0.0000, -249.36, -925.68, 0.0000, 110, 70, 120
L -249.36, -925.68, 0.0000, -124.33, -960.78, 0.0000, 110, 70, 120
L -124.33, -960.78, 0.0000, 0.70, -936.91, 0.0000, 110, 70, 120
L 0.70, -936.91, 0.0000, 125.73, -960.78, 0.0000, 110, 70, 120
L 125.73, -960.78, 0.0000, 250.76, -925.18, 0.0000, 110, 70, 120
L 250.76, -925.18, 0.0000, 375.79, -960.78, 0.0000, 110, 70, 120
L 375.79, -960.78, 0.0000, 500.82, -943.53, 0.0000, 110, 70, 120
L 500.82, -943.53, 0.0000, 625.85, -960.78, 0.0000, 110, 70, 120
L 625.85, -960.78, 0.0000, 750.88, -941.50, 0.0000, 110, 70, 120
L 750.88, -960.78, 0.0000, 731.57, -832.14, 0.0000, 110, 70, 120
L 731.57, -832.14, 0.0000, 750.88, -703.49, 0.0000, 110, 70, 120
L 750.88, -703.49, 0.0000, 722.66, -574.85, 0.0000, 110, 70, 120
L 722.66, -574.85, 0.0000, 750.88, -446.21, 0.0000, 110, 70, 120
L 750.88, -446.21, 0.0000, 737.30, -317.56, 0.0000, 110, 70, 120
L 737.30, -317.56, 0.0000, 750.88, -188.92, 0.0000, 110, 70, 120
L 750.88, -188.92, 0.0000, 728.16, -60.28, 0.0000, 110, 70, 120
L 728.16, -60.28, 0.0000, 750.88, 68.37, 0.0000, 110, 70, 120
L 750.88, 68.37, 0.0000, 713.55, 197.01, 0.0000, 110, 70, 120
L 713.55, 197.01, 0.0000, 750.88, 325.65, 0.0000, 110, 70, 120
L 750.88, 325.65, 0.0000, 724.50, 454.30, 0.0000, 110, 70, 120
L 724.50, 454.30, 0.0000, 750.88, 582.94, 0.0000, 110, 70, 120
L 750.88, 582.94, 0.0000, 625.85, 568.11, 0.0000, 110, 70, 120
L 625.85, 568.11, 0.0000, 500.82, 582.94, 0.0000, 110, 70, 120
L 500.82, 582.94, 0.0000, 375.79, 549.95, 0.0000, 110, 70, 120
L 375.79, 549.95, 0.0000, 250.76, 582.94, 0.0000, 110, 70, 120
L 250.76, 582.94, 0.0000, 125.73, 549.50, 0.0000, 110, 70, 120
L 125.73, 549.50, 0.0000, 0.70, 582.94, 0.0000, 110, 70, 120
L 0.70, 582.94, 0.0000, -124.33, 559.48, 0.0000, 110, 70, 120
L -124.33, 559.48, 0.0000, -249.36, 582.94, 0.0000, 110, 70, 120
L -249.36, 582.94, 0.0000, -374.38, 553.59, 0.0000, 110, 70, 120
L -374.38, 553.59, 0.0000, -499.41, 582.94, 0.0000, 110, 70, 120
L -499.41, 582.94, 0.0000, -624.44, 567.78, 0.0000, 110, 70, 120
L -624.44, 567.78, 0.0000, -749.47, 582.94, 0.0000, 110, 70, 120
L -749.47, 582.94, 0.0000, -874.50, 565.40, 0.0000, 110, 70, 120
L -874.50, 565.40, 0.0000, -999.53, 582.94, 0.0000, 110, 70, 120
L -999.53, 582.94, 0.0000, -1124.56, 568.15, 0.0000, 110, 70, 120
L -1124.56, 568.15, 0.0000, -1249.59, 582.94, 0.0000, 110, 70, 120
L -1249.59, 582.94, 0.0000, -1374.62, 565.68, 0.0000, 110, 70, 120
L -1374.62, 582.94, 0.0000, -1358.61, 454.30, 0.0000, 110, 70, 120
L -1358.61, 454.30, 0.0000, -1374.62, 325.65, 0.0000, 110, 70, 120
L -1374.62, 325.65, 0.0000, -1360.51, 197.01, 0.0000, 110, 70, 120
L -1360.51, 197.01, 0.0000, -1374.62, 68.37, 0.0000, 110, 70, 120
L -1374.62, 68.37, 0.0000, -1345.78, -60.28, 0.0000, 110, 70, 120
L -1345.78, -60.28, 0.0000, -1374.62, -188.92, 0.0000, 110, 70, 120
L -1374.62, -188.92, 0.0000, -1354.83, -317.56, 0.0000, 110, 70, 120
L -1354.83, -317.56, 0.0000, -1374.62, -446.21, 0.0000, 110, 70, 120
L -1374.62, -446.21, 0.0000, -1352.03, -574.85, 0.0000, 110, 70, 120
L -1352.03, -574.85, 0.0000, -1374.62, -703.49, 0.0000, 110, 70, 120
L -1374.62, -703.49, 0.0000, -1339.90, -832.14, 0.0000, 110, 70, 120
L -1339.90, -832.14, 0.0000, -1374.62, -960.78, 0.0000, 110, 70, 120
L -1374.62, -834.78, 0.0000, -1286.42, -872.58, 0.0000, 150, 140, 160
L -1248.62, -960.78, 0.0000, -1286.42, -872.58, 0.0000, 150, 140, 160
L -1374.62, -726.78, 0.0000, -1210.82, -796.98, 0.0000, 150, 140, 160
L -1140.62, -960.78, 0.0000, -1210.82, -796.98, 0.0000, 150, 140, 160
L -1374.62, -600.78, 0.0000, -1122.62, -708.78, 0.0000, 150, 140, 160
L -1014.62, -960.78, 0.0000, -1122.62, -708.78, 0.0000, 150, 140, 160
L -1374.62, -960.78, 0.0000, -1374.62, -600.78, 0.0000, 150, 140, 160
L -1374.62, -960.78, 0.0000, -1254.62, -720.78, 0.0000, 150, 140, 160
L -1374.62, -960.78, 0.0000, -1134.62, -840.78, 0.0000, 150, 140, 160
L -1374.62, -960.78, 0.0000, -1014.62, -960.78, 0.0000, 150, 140, 160
L 750.88, -834.78, 0.0000, 662.68, -872.58, 0.0000, 150, 140, 160
L 624.88, -960.78, 0.0000, 662.68, -872.58, 0.0000, 150, 140, 160
L 750.88, -726.78, 0.0000, 587.08, -796.98, 0.0000, 150, 140, 160
L 516.88, -960.78, 0.0000, 587.08, -796.98, 0.0000, 150, 140, 160
L 750.88, -600.78, 0.0000, 498.88, -708.78, 0.0000, 150, 140, 160
L 390.88, -960.78, 0.0000, 498.88, -708.78, 0.0000, 150, 140, 160
L 750.88, -960.78, 0.0000, 750.88, -600.78, 0.0000, 150, 140, 160
L 750.88, -960.78, 0.0000, 630.88, -720.78, 0.0000, 150, 140, 160
L 750.88, -960.78, 0.0000, 510.88, -840.78, 0.0000, 150, 140, 160
L 750.88, -960.78, 0.0000, 390.88, -960.78, 0.0000, 150, 140, 160
L -1374.62, 456.94, 0.0000, -1286.42, 494.74, 0.0000, 150, 140, 160
L -1248.62, 582.94, 0.0000, -1286.42, 494.74, 0.0000, 150, 140, 160
L -1374.62, 348.94, 0.0000, -1210.82, 419.14, 0.0000, 150, 140, 160
L -1140.62, 582.94, 0.0000, -1210.82, 419.14, 0.0000, 150, 140, 160
L -1374.62, 222.94, 0.0000, -1122.62, 330.94, 0.0000, 150, 140, 160
L -1014.62, 582.94, 0.0000, -1122.62, 330.94, 0.0000, 150, 140, 160
L -1374.62, 582.94, 0.0000, -1374.62, 222.94, 0.0000, 150, 140, 160
L -1374.62, 582.94, 0.0000, -1254.62, 342.94, 0.0000, 150, 140, 160
L -1374.62, 582.94, 0.0000, -1134.62, 462.94, 0.0000, 150, 140, 160
L -1374.62, 582.94, 0.0000, -1014.62, 582.94, 0.0000, 150, 140, 160
L 750.88, 456.94, 0.0000, 662.68, 494.74, 0.0000, 150, 140, 160
L 624.88, 582.94, 0.0000, 662.68, 494.74, 0.0000, 150, 140, 160
L 750.88, 348.94, 0.0000, 587.08, 419.14, 0.0000, 150, 140, 160
L 516.88, 582.94, 0.0000, 587.08, 419.14, 0.0000, 150, 140, 160
L 750.88, 222.94, 0.0000, 498.88, 330.94, 0.0000, 150, 140, 160
L 390.88, 582.94, 0.0000, 498.88, 330.94, 0.0000, 150, 140, 160
L 750.88, 582.94, 0.0000, 750.88, 222.94, 0.0000, 150, 140, 160
L 750.88, 582.94, 0.0000, 630.88, 342.94, 0.0000, 150, 140, 160
L 750.88, 582.94, 0.0000, 510.88, 462.94, 0.0000, 150, 140, 160
L 750.88, 582.94, 0.0000, 390.88, 582.94, 0.0000, 150, 140, 160
L -759.62, -898.50, 0.0000, -801.62, -862.50, 0.0000, 150, 140, 160
L -759.62, -898.50, 0.0000, -717.62, -862.50, 0.0000, 150, 140, 160
L -759.62, -898.50, 0.0000, -843.62, -826.50, 0.0000, 150, 140, 160
L -759.62, -898.50, 0.0000, -675.62, -826.50, 0.0000, 150, 140, 160
L -759.62, -898.50, 0.0000, -885.62, -790.50, 0.0000, 150, 140, 160
L -759.62, -898.50, 0.0000, -633.62, -790.50, 0.0000, 150, 140, 160
L -759.62, -898.50, 0.0000, -861.26, -749.94, 0.0000, 150, 140, 160
L -759.62, -898.50, 0.0000, -795.38, -722.09, 0.0000, 150, 140, 160
L -759.62, -898.50, 0.0000, -723.86, -722.09, 0.0000, 150, 140, 160
L -759.62, -898.50, 0.0000, -657.98, -749.94, 0.0000, 150, 140, 160
L -535.75, -897.07, 0.0000, -577.75, -861.07, 0.0000, 150, 140, 160
L -535.75, -897.07, 0.0000, -493.75, -861.07, 0.0000, 150, 140, 160
L -535.75, -897.07, 0.0000, -619.75, -825.07, 0.0000, 150, 140, 160
L -535.75, -897.07, 0.0000, -451.75, -825.07, 0.0000, 150, 140, 160
L -535.75, -897.07, 0.0000, -661.75, -789.07, 0.0000, 150, 140, 160
L -535.75, -897.07, 0.0000, -409.75, -789.07, 0.0000, 150, 140, 160
L -535.75, -897.07, 0.0000, -637.38, -748.51, 0.0000, 150, 140, 160
L -535.75, -897.07, 0.0000, -571.51, -720.66, 0.0000, 150, 140, 160
L -535.75, -897.07, 0.0000, -499.98, -720.66, 0.0000, 150, 140, 160
L -535.75, -897.07, 0.0000, -434.11, -748.51, 0.0000, 150, 140, 160
L -311.87, -928.91, 0.0000, -353.87, -892.91, 0.0000, 150, 140, 160
L -311.87, -928.91, 0.0000, -269.87, -892.91, 0.0000, 150, 140, 160
L -311.87, -928.91, 0.0000, -395.87, -856.91, 0.0000, 150, 140, 160
L -311.87, -928.91, 0.0000, -227.87, -856.91, 0.0000, 150, 140, 160
L -311.87, -928.91, 0.0000, -437.87, -820.91, 0.0000, 150, 140, 160
L -311.87, -928.91, 0.0000, -185.87, -820.91, 0.0000, 150, 140, 160
L -311.87, -928.91, 0.0000, -413.51, -780.35, 0.0000, 150, 140, 160
L -311.87, -928.91, 0.0000, -347.63, -752.50, 0.0000, 150, 140, 160
L -311.87, -928.91, 0.0000, -276.11, -752.50, 0.0000, 150, 140, 160
L -311.87, -928.91, 0.0000, -210.23, -780.35, 0.0000, 150, 140, 160
L -88.00, -927.60, 0.0000, -130.00, -891.60, 0.0000, 150, 140, 160
L -88.00, -927.60, 0.0000, -46.00, -891.60, 0.0000, 150, 140, 160
L -88.00, -927.60, 0.0000, -172.00, -855.60, 0.0000, 150, 140, 160
L -88.00, -927.60, 0.0000, -4.00, -855.60, 0.0000, 150, 140, 160
L -88.00, -927.60, 0.0000, -214.00, -819.60, 0.0000, 150, 140, 160
L -88.00, -927.60, 0.0000, 38.00, -819.60, 0.0000, 150, 140, 160
L -88.00, -927.60, 0.0000, -189.63, -779.04, 0.0000, 150, 140, 160
L -88.00, -927.60, 0.0000, -123.76, -751.19, 0.0000, 150, 140, 160
L -88.00, -927.60, 0.0000, -52.23, -751.19, 0.0000, 150, 140, 160
L -88.00, -927.60, 0.0000, 13.64, -779.04, 0.0000, 150, 140, 160
L 135.88, -908.37, 0.0000, 93.88, -872.37, 0.0000, 150, 140, 160
L 135.88, -908.37, 0.0000, 177.88, -872.37, 0.0000, 150, 140, 160
L 135.88, -908.37, 0.0000, 51.88, -836.37, 0.0000, 150, 140, 160
L 135.88, -908.37, 0.0000, 219.88, -836.37, 0.0000, 150, 140, 160
L 135.88, -908.37, 0.0000, 9.88, -800.37, 0.0000, 150, 140, 160
L 135.88, -908.37, 0.0000, 261.88, -800.37, 0.0000, 150, 140, 160
L 135.88, -908.37, 0.0000, 34.24, -759.81, 0.0000, 150, 140, 160
L 135.88, -908.37, 0.0000, 100.12, -731.96, 0.0000, 150, 140, 160
L 135.88, -908.37, 0.0000, 171.64, -731.96, 0.0000, 150, 140, 160
L 135.88, -908.37, 0.0000, 237.52, -759.81, 0.0000, 150, 140, 160
L -1186.44, -294.78, 0.0000, -1188.11, -302.43, 0.0000, 205, 200, 190
L -1188.11, -302.43, 0.0000, -1192.88, -308.92, 0.0000, 205, 200, 190
L -1192.88, -308.92, 0.0000, -1200.02, -313.26, 0.0000, 205, 200, 190
L -1200.02, -313.26, 0.0000, -1208.44, -314.78, 0.0000, 205, 200, 190
L -1208.44, -314.78, 0.0000, -1216.86, -313.26, 0.0000, 205, 200, 190
L -1216.86, -313.26, 0.0000, -1224.00, -308.92, 0.0000, 205, 200, 190
L -1224.00, -308.92, 0.0000, -1228.76, -302.43, 0.0000, 205, 200, 190
L -1228.76, -302.43, 0.0000, -1230.44, -294.78, 0.0000, 205, 200, 190
L -1230.44, -294.78, 0.0000, -1221.64, -272.78, 0.0000, 205, 200, 190
L -1186.44, -294.78, 0.0000, -1195.24, -272.78, 0.0000, 205, 200, 190
L -1221.64, -272.78, 0.0000, -1195.24, -272.78, 0.0000, 205, 200, 190
L -1223.24, -292.38, 0.0000, -1212.84, -292.38, 0.0000, 205, 200, 190
L -1212.84, -292.38, 0.0000, -1212.84, -285.18, 0.0000, 205, 200, 190
L -1212.84, -285.18, 0.0000, -1223.24, -285.18, 0.0000, 205, 200, 190
L -1223.24, -285.18, 0.0000, -1223.24, -292.38, 0.0000, 205, 200, 190
L -1204.04, -292.38, 0.0000, -1193.64, -292.38, 0.0000, 205, 200, 190
L -1193.64, -292.38, 0.0000, -1193.64, -285.18, 0.0000, 205, 200, 190
L -1193.64, -285.18, 0.0000, -1204.04, -285.18, 0.0000, 205, 200, 190
L -1204.04, -285.18, 0.0000, -1204.04, -292.38, 0.0000, 205, 200, 190
L -1208.44, -284.38, 0.0000, -1211.24, -278.78, 0.0000, 205, 200, 190
L -1208.44, -284.38, 0.0000, -1205.64, -278.78, 0.0000, 205, 200, 190
L -1215.64, -272.78, 0.0000, -1215.64, -266.78, 0.0000, 205, 200, 190
L -1208.44, -272.78, 0.0000, -1208.44, -266.78, 0.0000, 205, 200, 190
L -1201.24, -272.78, 0.0000, -1201.24, -266.78, 0.0000, 205, 200, 190
L -1141.31, 45.22, 0.0000, -1142.99, 37.57, 0.0000, 205, 200, 190
L -1142.99, 37.57, 0.0000, -1147.76, 31.08, 0.0000, 205, 200, 190
L -1147.76, 31.08, 0.0000, -1154.89, 26.74, 0.0000, 205, 200, 190
L -1154.89, 26.74, 0.0000, -1163.31, 25.22, 0.0000, 205, 200, 190
L -1163.31, 25.22, 0.0000, -1171.73, 26.74, 0.0000, 205, 200, 190
L -1171.73, 26.74, 0.0000, -1178.87, 31.08, 0.0000, 205, 200, 190
L -1178.87, 31.08, 0.0000, -1183.64, 37.57, 0.0000, 205, 200, 190
L -1183.64, 37.57, 0.0000, -1185.31, 45.22, 0.0000, 205, 200, 190
L -1185.31, 45.22, 0.0000, -1176.51, 67.22, 0.0000, 205, 200, 190
L -1141.31, 45.22, 0.0000, -1150.11, 67.22, 0.0000, 205, 200, 190
L -1176.51, 67.22, 0.0000, -1150.11, 67.22, 0.0000, 205, 200, 190
L -1178.11, 47.62, 0.0000, -1167.71, 47.62, 0.0000, 205, 200, 190
L -1167.71, 47.62, 0.0000, -1167.71, 54.82, 0.0000, 205, 200, 190
L -1167.71, 54.82, 0.0000, -1178.11, 54.82, 0.0000, 205, 200, 190
L -1178.11, 54.82, 0.0000, -1178.11, 47.62, 0.0000, 205, 200, 190
L -1158.91, 47.62, 0.0000, -1148.51, 47.62, 0.0000, 205, 200, 190
L -1148.51, 47.62, 0.0000, -1148.51, 54.82, 0.0000, 205, 200, 190
L -1148.51, 54.82, 0.0000, -1158.91, 54.82, 0.0000, 205, 200, 190
L -1158.91, 54.82, 0.0000, -1158.91, 47.62, 0.0000, 205, 200, 190
L -1163.31, 55.62, 0.0000, -1166.11, 61.22, 0.0000, 205, 200, 190
L -1163.31, 55.62, 0.0000, -1160.51, 61.22, 0.0000, 205, 200, 190
L -1170.51, 67.22, 0.0000, -1170.51, 73.22, 0.0000, 205, 200, 190
L -1163.31, 67.22, 0.0000, -1163.31, 73.22, 0.0000, 205, 200, 190
L -1156.11, 67.22, 0.0000, -1156.11, 73.22, 0.0000, 205, 200, 190
L -1257.07, -392.83, 0.0000, -1176.34, -348.73, 0.0000, 205, 200, 190
L -1253.99, -398.49, 0.0000, -1260.16, -387.18, 0.0000, 205, 200, 190
L -1173.25, -354.38, 0.0000, -1179.42, -343.07, 0.0000, 205, 200, 190
L -1257.07, -348.73, 0.0000, -1176.34, -392.83, 0.0000, 205, 200, 190
L -1260.16, -354.38, 0.0000, -1253.99, -343.07, 0.0000, 205, 200, 190
L -1179.42, -398.49, 0.0000, -1173.25, -387.18, 0.0000, 205, 200, 190
L -1268.14, -52.83, 0.0000, -1187.40, -8.73, 0.0000, 205, 200, 190
L -1265.05, -58.49, 0.0000, -1271.23, -47.18, 0.0000, 205, 200, 190
L -1184.32, -14.38, 0.0000, -1190.49, -3.07, 0.0000, 205, 200, 190
L -1268.14, -8.73, 0.0000, -1187.40, -52.83, 0.0000, 205, 200, 190
L -1271.23, -14.38, 0.0000, -1265.05, -3.07, 0.0000, 205, 200, 190
L -1190.49, -58.49, 0.0000, -1184.32, -47.18, 0.0000, 205, 200, 190
L -1193.91, 287.17, 0.0000, -1113.17, 331.27, 0.0000, 205, 200, 190
L -1190.82, 281.51, 0.0000, -1197.00, 292.82, 0.0000, 205, 200, 190
L -1110.08, 325.62, 0.0000, -1116.26, 336.93, 0.0000, 205, 200, 190
L -1193.91, 331.27, 0.0000, -1113.17, 287.17, 0.0000, 205, 200, 190
L -1197.00, 325.62, 0.0000, -1190.82, 336.93, 0.0000, 205, 200, 190
L -1116.26, 281.51, 0.0000, -1110.08, 292.82, 0.0000, 205, 200, 190
L -1189.62, -172.78, 0.0000, -1189.62, -139.78, 0.0000, 52, 44, 60
L -1180.98, -154.78, 0.0000, -1183.51, -147.14, 0.0000, 52, 44, 60
L -1183.51, -147.14, 0.0000, -1189.62, -143.98, 0.0000, 52, 44, 60
L -1189.62, -143.98, 0.0000, -1195.73, -147.14, 0.0000, 52, 44, 60
L -1195.73, -147.14, 0.0000, -1198.26, -154.78, 0.0000, 52, 44, 60
L -1198.26, -154.78, 0.0000, -1195.73, -162.42, 0.0000, 52, 44, 60
L -1195.73, -162.42, 0.0000, -1189.62, -165.58, 0.0000, 52, 44, 60
L -1189.62, -165.58, 0.0000, -1183.51, -162.42, 0.0000, 52, 44, 60
L -1183.51, -162.42, 0.0000, -1180.98, -154.78, 0.0000, 52, 44, 60
L -1175.22, -154.78, 0.0000, -1179.44, -142.05, 0.0000, 52, 44, 60
L -1179.44, -142.05, 0.0000, -1189.62, -136.78, 0.0000, 52, 44, 60
L -1189.62, -136.78, 0.0000, -1199.80, -142.05, 0.0000, 52, 44, 60
L -1199.80, -142.05, 0.0000, -1204.02, -154.78, 0.0000, 52, 44, 60
L -1204.02, -154.78, 0.0000, -1199.80, -167.51, 0.0000, 52, 44, 60
L -1199.80, -167.51, 0.0000, -1189.62, -172.78, 0.0000, 52, 44, 60
L -1189.62, -172.78, 0.0000, -1179.44, -167.51, 0.0000, 52, 44, 60
L -1179.44, -167.51, 0.0000, -1175.22, -154.78, 0.0000, 52, 44, 60
L -1198.02, -175.18, 0.0000, -1213.59, -180.58, 0.0000, 52, 44, 60
L -1213.59, -180.58, 0.0000, -1229.56, -169.78, 0.0000, 52, 44, 60
L -1198.02, -165.58, 0.0000, -1205.82, -167.38, 0.0000, 52, 44, 60
L -1205.82, -167.38, 0.0000, -1216.62, -156.58, 0.0000, 52, 44, 60
L -1198.02, -155.98, 0.0000, -1193.13, -154.18, 0.0000, 52, 44, 60
L -1193.13, -154.18, 0.0000, -1195.47, -143.38, 0.0000, 52, 44, 60
L -1198.02, -146.38, 0.0000, -1179.37, -140.98, 0.0000, 52, 44, 60
L -1179.37, -140.98, 0.0000, -1172.54, -130.18, 0.0000, 52, 44, 60
L -1181.22, -175.18, 0.0000, -1165.65, -180.58, 0.0000, 52, 44, 60
L -1165.65, -180.58, 0.0000, -1149.68, -169.78, 0.0000, 52, 44, 60
L -1181.22, -165.58, 0.0000, -1173.42, -167.38, 0.0000, 52, 44, 60
L -1173.42, -167.38, 0.0000, -1162.62, -156.58, 0.0000, 52, 44, 60
L -1181.22, -155.98, 0.0000, -1186.11, -154.18, 0.0000, 52, 44, 60
L -1186.11, -154.18, 0.0000, -1183.77, -143.38, 0.0000, 52, 44, 60
L -1181.22, -146.38, 0.0000, -1199.87, -140.98, 0.0000, 52, 44, 60
L -1199.87, -140.98, 0.0000, -1206.70, -130.18, 0.0000, 52, 44, 60
L 565.88, 37.22, 0.0000, 565.88, 70.22, 0.0000, 52, 44, 60
L 574.52, 55.22, 0.0000, 571.99, 62.86, 0.0000, 52, 44, 60
L 571.99, 62.86, 0.0000, 565.88, 66.02, 0.0000, 52, 44, 60
L 565.88, 66.02, 0.0000, 559.77, 62.86, 0.0000, 52, 44, 60
L 559.77, 62.86, 0.0000, 557.24, 55.22, 0.0000, 52, 44, 60
L 557.24, 55.22, 0.0000, 559.77, 47.58, 0.0000, 52, 44, 60
L 559.77, 47.58, 0.0000, 565.88, 44.42, 0.0000, 52, 44, 60
L 565.88, 44.42, 0.0000, 571.99, 47.58, 0.0000, 52, 44, 60
L 571.99, 47.58, 0.0000, 574.52, 55.22, 0.0000, 52, 44, 60
L 580.28, 55.22, 0.0000, 576.06, 67.95, 0.0000, 52, 44, 60
L 576.06, 67.95, 0.0000, 565.88, 73.22, 0.0000, 52, 44, 60
L 565.88, 73.22, 0.0000, 555.70, 67.95, 0.0000, 52, 44, 60
L 555.70, 67.95, 0.0000, 551.48, 55.22, 0.0000, 52, 44, 60
L 551.48, 55.22, 0.0000, 555.70, 42.49, 0.0000, 52, 44, 60
L 555.70, 42.49, 0.0000, 565.88, 37.22, 0.0000, 52, 44, 60
L 565.88, 37.22, 0.0000, 576.06, 42.49, 0.0000, 52, 44, 60
L 576.06, 42.49, 0.0000, 580.28, 55.22, 0.0000, 52, 44, 60
L 557.48, 34.82, 0.0000, 541.91, 29.42, 0.0000, 52, 44, 60
L 541.91, 29.42, 0.0000, 525.94, 40.22, 0.0000, 52, 44, 60
L 557.48, 44.42, 0.0000, 549.68, 42.62, 0.0000, 52, 44, 60
L 549.68, 42.62, 0.0000, 538.88, 53.42, 0.0000, 52, 44, 60
L 557.48, 54.02, 0.0000, 562.37, 55.82, 0.0000, 52, 44, 60
L 562.37, 55.82, 0.0000, 560.03, 66.62, 0.0000, 52, 44, 60
L 557.48, 63.62, 0.0000, 576.13, 69.02, 0.0000, 52, 44, 60
L 576.13, 69.02, 0.0000, 582.96, 79.82, 0.0000, 52, 44, 60
L 574.28, 34.82, 0.0000, 589.85, 29.42, 0.0000, 52, 44, 60
L 589.85, 29.42, 0.0000, 605.82, 40.22, 0.0000, 52, 44, 60
L 574.28, 44.42, 0.0000, 582.08, 42.62, 0.0000, 52, 44, 60
L 582.08, 42.62, 0.0000, 592.88, 53.42, 0.0000, 52, 44, 60
L 574.28, 54.02, 0.0000, 569.39, 55.82, 0.0000, 52, 44, 60
L 569.39, 55.82, 0.0000, 571.73, 66.62, 0.0000, 52, 44, 60
L 574.28, 63.62, 0.0000, 555.63, 69.02, 0.0000, 52, 44, 60
L 555.63, 69.02, 0.0000, 548.80, 79.82, 0.0000, 52, 44, 60
L 527.21, 197.17, 0.0000, 607.94, 241.27, 0.0000, 205, 200, 190
L 530.29, 191.51, 0.0000, 524.12, 202.82, 0.0000, 205, 200, 190
L 611.03, 235.62, 0.0000, 604.86, 246.93, 0.0000, 205, 200, 190
L 527.21, 241.27, 0.0000, 607.94, 197.17, 0.0000, 205, 200, 190
L 524.12, 235.62, 0.0000, 530.29, 246.93, 0.0000, 205, 200, 190
L 604.86, 191.51, 0.0000, 611.03, 202.82, 0.0000, 205, 200, 190
L 587.88, -124.78, 0.0000, 586.21, -132.43, 0.0000, 205, 200, 190
L 586.21, -132.43, 0.0000, 581.44, -138.92, 0.0000, 205, 200, 190
L 581.44, -138.92, 0.0000, 574.30, -143.26, 0.0000, 205, 200, 190
L 574.30, -143.26, 0.0000, 565.88, -144.78, 0.0000, 205, 200, 190
L 565.88, -144.78, 0.0000, 557.46, -143.26, 0.0000, 205, 200, 190
L 557.46, -143.26, 0.0000, 550.32, -138.92, 0.0000, 205, 200, 190
L 550.32, -138.92, 0.0000, 545.55, -132.43, 0.0000, 205, 200, 190
L 545.55, -132.43, 0.0000, 543.88, -124.78, 0.0000, 205, 200, 190
L 543.88, -124.78, 0.0000, 552.68, -102.78, 0.0000, 205, 200, 190
L 587.88, -124.78, 0.0000, 579.08, -102.78, 0.0000, 205, 200, 190
L 552.68, -102.78, 0.0000, 579.08, -102.78, 0.0000, 205, 200, 190
L 551.08, -122.38, 0.0000, 561.48, -122.38, 0.0000, 205, 200, 190
L 561.48, -122.38, 0.0000, 561.48, -115.18, 0.0000, 205, 200, 190
L 561.48, -115.18, 0.0000, 551.08, -115.18, 0.0000, 205, 200, 190
L 551.08, -115.18, 0.0000, 551.08, -122.38, 0.0000, 205, 200, 190
L 570.28, -122.38, 0.0000, 580.68, -122.38, 0.0000, 205, 200, 190
L 580.68, -122.38, 0.0000, 580.68, -115.18, 0.0000, 205, 200, 190
L 580.68, -115.18, 0.0000, 570.28, -115.18, 0.0000, 205, 200, 190
L 570.28, -115.18, 0.0000, 570.28, -122.38, 0.0000, 205, 200, 190
L 565.88, -114.38, 0.0000, 563.08, -108.78, 0.0000, 205, 200, 190
L 565.88, -114.38, 0.0000, 568.68, -108.78, 0.0000, 205, 200, 190
L 558.68, -102.78, 0.0000, 558.68, -96.78, 0.0000, 205, 200, 190
L 565.88, -102.78, 0.0000, 565.88, -96.78, 0.0000, 205, 200, 190
L 573.08, -102.78, 0.0000, 573.08, -96.78, 0.0000, 205, 200, 190
L -746.48, 471.68, 0.0000, -672.76, 511.95, 0.0000, 205, 200, 190
L -743.66, 466.52, 0.0000, -749.30, 476.84, 0.0000, 205, 200, 190
L -669.94, 506.79, 0.0000, -675.58, 517.11, 0.0000, 205, 200, 190
L -746.48, 511.95, 0.0000, -672.76, 471.68, 0.0000, 205, 200, 190
L -749.30, 506.79, 0.0000, -743.66, 517.11, 0.0000, 205, 200, 190
L -675.58, 466.52, 0.0000, -669.94, 476.84, 0.0000, 205, 200, 190
L -481.31, 484.83, 0.0000, -407.59, 525.10, 0.0000, 205, 200, 190
L -478.49, 479.67, 0.0000, -484.13, 489.99, 0.0000, 205, 200, 190
L -404.78, 519.94, 0.0000, -410.41, 530.26, 0.0000, 205, 200, 190
L -481.31, 525.10, 0.0000, -407.59, 484.83, 0.0000, 205, 200, 190
L -484.13, 519.94, 0.0000, -478.49, 530.26, 0.0000, 205, 200, 190
L -410.41, 479.67, 0.0000, -404.78, 489.99, 0.0000, 205, 200, 190
L -216.15, 380.17, 0.0000, -142.43, 420.44, 0.0000, 205, 200, 190
L -213.33, 375.01, 0.0000, -218.96, 385.33, 0.0000, 205, 200, 190
L -139.61, 415.28, 0.0000, -145.25, 425.60, 0.0000, 205, 200, 190
L -216.15, 420.44, 0.0000, -142.43, 380.17, 0.0000, 205, 200, 190
L -218.96, 415.28, 0.0000, -213.33, 425.60, 0.0000, 205, 200, 190
L -145.25, 375.01, 0.0000, -139.61, 385.33, 0.0000, 205, 200, 190
L 108.98, 427.16, 0.0000, 107.22, 419.12, 0.0000, 205, 200, 190
L 107.22, 419.12, 0.0000, 102.21, 412.31, 0.0000, 205, 200, 190
L 102.21, 412.31, 0.0000, 94.72, 407.76, 0.0000, 205, 200, 190
L 94.72, 407.76, 0.0000, 85.88, 406.16, 0.0000, 205, 200, 190
L 85.88, 406.16, 0.0000, 77.04, 407.76, 0.0000, 205, 200, 190
L 77.04, 407.76, 0.0000, 69.55, 412.31, 0.0000, 205, 200, 190
L 69.55, 412.31, 0.0000, 64.54, 419.12, 0.0000, 205, 200, 190
L 64.54, 419.12, 0.0000, 62.78, 427.16, 0.0000, 205, 200, 190
L 62.78, 427.16, 0.0000, 72.02, 450.26, 0.0000, 205, 200, 190
L 108.98, 427.16, 0.0000, 99.74, 450.26, 0.0000, 205, 200, 190
L 72.02, 450.26, 0.0000, 99.74, 450.26, 0.0000, 205, 200, 190
L 70.34, 429.68, 0.0000, 81.26, 429.68, 0.0000, 205, 200, 190
L 81.26, 429.68, 0.0000, 81.26, 437.24, 0.0000, 205, 200, 190
L 81.26, 437.24, 0.0000, 70.34, 437.24, 0.0000, 205, 200, 190
L 70.34, 437.24, 0.0000, 70.34, 429.68, 0.0000, 205, 200, 190
L 90.50, 429.68, 0.0000, 101.42, 429.68, 0.0000, 205, 200, 190
L 101.42, 429.68, 0.0000, 101.42, 437.24, 0.0000, 205, 200, 190
L 101.42, 437.24, 0.0000, 90.50, 437.24, 0.0000, 205, 200, 190
L 90.50, 437.24, 0.0000, 90.50, 429.68, 0.0000, 205, 200, 190
L 85.88, 438.08, 0.0000, 82.94, 443.96, 0.0000, 205, 200, 190
L 85.88, 438.08, 0.0000, 88.82, 443.96, 0.0000, 205, 200, 190
L 78.32, 450.26, 0.0000, 78.32, 456.56, 0.0000, 205, 200, 190
L 85.88, 450.26, 0.0000, 85.88, 456.56, 0.0000, 205, 200, 190
L 93.44, 450.26, 0.0000, 93.44, 456.56, 0.0000, 205, 200, 190
L -1198.27, -91.00, 0.0000, -1186.85, -82.98, 0.0000, 200, 170, 60
L -1186.85, -82.98, 0.0000, -1179.26, -71.28, 0.0000, 200, 170, 60
L -1179.26, -71.28, 0.0000, -1176.60, -57.58, 0.0000, 200, 170, 60
L -1176.60, -57.58, 0.0000, -1179.26, -43.88, 0.0000, 200, 170, 60
L -1179.26, -43.88, 0.0000, -1186.85, -32.17, 0.0000, 200, 170, 60
L -1186.85, -32.17, 0.0000, -1198.27, -24.15, 0.0000, 200, 170, 60
L -1209.61, -79.03, 0.0000, -1202.74, -71.81, 0.0000, 200, 170, 60
L -1202.74, -71.81, 0.0000, -1199.05, -62.56, 0.0000, 200, 170, 60
L -1199.05, -62.56, 0.0000, -1199.05, -52.60, 0.0000, 200, 170, 60
L -1199.05, -52.60, 0.0000, -1202.74, -43.35, 0.0000, 200, 170, 60
L -1202.74, -43.35, 0.0000, -1209.61, -36.13, 0.0000, 200, 170, 60
L -1198.27, -91.00, 0.0000, -1209.61, -79.03, 0.0000, 200, 170, 60
L -1198.27, -24.15, 0.0000, -1209.61, -36.13, 0.0000, 200, 170, 60
L -1233.68, -189.90, 0.0000, -1223.32, -182.63, 0.0000, 200, 170, 60
L -1223.32, -182.63, 0.0000, -1216.44, -172.01, 0.0000, 200, 170, 60
L -1216.44, -172.01, 0.0000, -1214.03, -159.59, 0.0000, 200, 170, 60
L -1214.03, -159.59, 0.0000, -1216.44, -147.17, 0.0000, 200, 170, 60
L -1216.44, -147.17, 0.0000, -1223.32, -136.55, 0.0000, 200, 170, 60
L -1223.32, -136.55, 0.0000, -1233.68, -129.28, 0.0000, 200, 170, 60
L -1243.96, -179.04, 0.0000, -1237.74, -172.49, 0.0000, 200, 170, 60
L -1237.74, -172.49, 0.0000, -1234.39, -164.10, 0.0000, 200, 170, 60
L -1234.39, -164.10, 0.0000, -1234.39, -155.07, 0.0000, 200, 170, 60
L -1234.39, -155.07, 0.0000, -1237.74, -146.69, 0.0000, 200, 170, 60
L -1237.74, -146.69, 0.0000, -1243.96, -140.14, 0.0000, 200, 170, 60
L -1233.68, -189.90, 0.0000, -1243.96, -179.04, 0.0000, 200, 170, 60
L -1233.68, -129.28, 0.0000, -1243.96, -140.14, 0.0000, 200, 170, 60
L -1170.01, -310.26, 0.0000, -1156.90, -301.06, 0.0000, 200, 170, 60
L -1156.90, -301.06, 0.0000, -1148.19, -287.62, 0.0000, 200, 170, 60
L -1148.19, -287.62, 0.0000, -1145.14, -271.90, 0.0000, 200, 170, 60
L -1145.14, -271.90, 0.0000, -1148.19, -256.17, 0.0000, 200, 170, 60
L -1148.19, -256.17, 0.0000, -1156.90, -242.73, 0.0000, 200, 170, 60
L -1156.90, -242.73, 0.0000, -1170.01, -233.53, 0.0000, 200, 170, 60
L -1183.03, -296.51, 0.0000, -1175.15, -288.23, 0.0000, 200, 170, 60
L -1175.15, -288.23, 0.0000, -1170.91, -277.61, 0.0000, 200, 170, 60
L -1170.91, -277.61, 0.0000, -1170.91, -266.18, 0.0000, 200, 170, 60
L -1170.91, -266.18, 0.0000, -1175.15, -255.56, 0.0000, 200, 170, 60
L -1175.15, -255.56, 0.0000, -1183.03, -247.28, 0.0000, 200, 170, 60
L -1170.01, -310.26, 0.0000, -1183.03, -296.51, 0.0000, 200, 170, 60
L -1170.01, -233.53, 0.0000, -1183.03, -247.28, 0.0000, 200, 170, 60
L 531.61, 64.88, 0.0000, 531.61, 107.80, 0.0000, 200, 170, 60
L 531.61, 64.88, 0.0000, 490.79, 78.14, 0.0000, 200, 170, 60
L 531.61, 64.88, 0.0000, 506.38, 30.16, 0.0000, 200, 170, 60
L 531.61, 64.88, 0.0000, 556.84, 30.16, 0.0000, 200, 170, 60
L 531.61, 64.88, 0.0000, 572.43, 78.14, 0.0000, 200, 170, 60
L 548.74, -341.10, 0.0000, 515.34, -321.46, 0.0000, 200, 170, 60
L 515.34, -321.46, 0.0000, 527.13, -303.78, 0.0000, 200, 170, 60
L 527.13, -303.78, 0.0000, 542.84, -297.89, 0.0000, 200, 170, 60
L 542.84, -297.89, 0.0000, 531.06, -280.21, 0.0000, 200, 170, 60
L 531.06, -280.21, 0.0000, 509.45, -262.53, 0.0000, 200, 170, 60
L 536.33, -166.16, 0.0000, 502.25, -146.12, 0.0000, 200, 170, 60
L 502.25, -146.12, 0.0000, 514.28, -128.08, 0.0000, 200, 170, 60
L 514.28, -128.08, 0.0000, 530.32, -122.06, 0.0000, 200, 170, 60
L 530.32, -122.06, 0.0000, 518.29, -104.02, 0.0000, 200, 170, 60
L 518.29, -104.02, 0.0000, 496.24, -85.98, 0.0000, 200, 170, 60
L -1213.48, -234.21, 0.0000, -1238.65, -219.41, 0.0000, 200, 170, 60
L -1238.65, -219.41, 0.0000, -1229.77, -206.08, 0.0000, 200, 170, 60
L -1229.77, -206.08, 0.0000, -1217.92, -201.64, 0.0000, 200, 170, 60
L -1217.92, -201.64, 0.0000, -1226.80, -188.32, 0.0000, 200, 170, 60
L -1226.80, -188.32, 0.0000, -1243.09, -174.99, 0.0000, 200, 170, 60
L 506.75, -312.45, 0.0000, 506.75, -271.76, 0.0000, 200, 170, 60
L 506.75, -312.45, 0.0000, 468.05, -299.88, 0.0000, 200, 170, 60
L 506.75, -312.45, 0.0000, 482.83, -345.37, 0.0000, 200, 170, 60
L 506.75, -312.45, 0.0000, 530.66, -345.37, 0.0000, 200, 170, 60
L 506.75, -312.45, 0.0000, 545.44, -299.88, 0.0000, 200, 170, 60
L -1185.34, -162.83, 0.0000, -1174.19, -155.00, 0.0000, 200, 170, 60
L -1174.19, -155.00, 0.0000, -1166.78, -143.57, 0.0000, 200, 170, 60
L -1166.78, -143.57, 0.0000, -1164.19, -130.19, 0.0000, 200, 170, 60
L -1164.19, -130.19, 0.0000, -1166.78, -116.82, 0.0000, 200, 170, 60
L -1166.78, -116.82, 0.0000, -1174.19, -105.39, 0.0000, 200, 170, 60
L -1174.19, -105.39, 0.0000, -1185.34, -97.55, 0.0000, 200, 170, 60
L -1196.41, -151.14, 0.0000, -1189.71, -144.09, 0.0000, 200, 170, 60
L -1189.71, -144.09, 0.0000, -1186.11, -135.06, 0.0000, 200, 170, 60
L -1186.11, -135.06, 0.0000, -1186.11, -125.33, 0.0000, 200, 170, 60
L -1186.11, -125.33, 0.0000, -1189.71, -116.30, 0.0000, 200, 170, 60
L -1189.71, -116.30, 0.0000, -1196.41, -109.25, 0.0000, 200, 170, 60
L -1185.34, -162.83, 0.0000, -1196.41, -151.14, 0.0000, 200, 170, 60
L -1185.34, -97.55, 0.0000, -1196.41, -109.25, 0.0000, 200, 170, 60
L -705.13, 426.60, 0.0000, -693.05, 435.09, 0.0000, 200, 170, 60
L -693.05, 435.09, 0.0000, -685.02, 447.48, 0.0000, 200, 170, 60
L -685.02, 447.48, 0.0000, -682.20, 461.97, 0.0000, 200, 170, 60
L -682.20, 461.97, 0.0000, -685.02, 476.47, 0.0000, 200, 170, 60
L -685.02, 476.47, 0.0000, -693.05, 488.86, 0.0000, 200, 170, 60
L -693.05, 488.86, 0.0000, -705.13, 497.35, 0.0000, 200, 170, 60
L -717.13, 439.28, 0.0000, -709.87, 446.92, 0.0000, 200, 170, 60
L -709.87, 446.92, 0.0000, -705.96, 456.70, 0.0000, 200, 170, 60
L -705.96, 456.70, 0.0000, -705.96, 467.24, 0.0000, 200, 170, 60
L -705.96, 467.24, 0.0000, -709.87, 477.03, 0.0000, 200, 170, 60
L -709.87, 477.03, 0.0000, -717.13, 484.67, 0.0000, 200, 170, 60
L -705.13, 426.60, 0.0000, -717.13, 439.28, 0.0000, 200, 170, 60
L -705.13, 497.35, 0.0000, -717.13, 484.67, 0.0000, 200, 170, 60
L -565.57, 394.82, 0.0000, -591.48, 410.06, 0.0000, 200, 170, 60
L -591.48, 410.06, 0.0000, -582.34, 423.78, 0.0000, 200, 170, 60
L -582.34, 423.78, 0.0000, -570.14, 428.35, 0.0000, 200, 170, 60
L -570.14, 428.35, 0.0000, -579.29, 442.07, 0.0000, 200, 170, 60
L -579.29, 442.07, 0.0000, -596.06, 455.79, 0.0000, 200, 170, 60
L -363.42, 389.53, 0.0000, -387.49, 403.69, 0.0000, 200, 170, 60
L -387.49, 403.69, 0.0000, -379.00, 416.44, 0.0000, 200, 170, 60
L -379.00, 416.44, 0.0000, -367.67, 420.68, 0.0000, 200, 170, 60
L -367.67, 420.68, 0.0000, -376.16, 433.43, 0.0000, 200, 170, 60
L -376.16, 433.43, 0.0000, -391.74, 446.17, 0.0000, 200, 170, 60
L -244.05, 417.42, 0.0000, -268.91, 432.04, 0.0000, 200, 170, 60
L -268.91, 432.04, 0.0000, -260.14, 445.20, 0.0000, 200, 170, 60
L -260.14, 445.20, 0.0000, -248.44, 449.58, 0.0000, 200, 170, 60
L -248.44, 449.58, 0.0000, -257.21, 462.74, 0.0000, 200, 170, 60
L -257.21, 462.74, 0.0000, -273.30, 475.90, 0.0000, 200, 170, 60
L -67.44, 436.59, 0.0000, -95.47, 453.08, 0.0000, 200, 170, 60
L -95.47, 453.08, 0.0000, -85.58, 467.92, 0.0000, 200, 170, 60
L -85.58, 467.92, 0.0000, -72.39, 472.87, 0.0000, 200, 170, 60
L -72.39, 472.87, 0.0000, -82.28, 487.71, 0.0000, 200, 170, 60
L -82.28, 487.71, 0.0000, -100.42, 502.54, 0.0000, 200, 170, 60
L 78.06, 395.15, 0.0000, 90.68, 404.01, 0.0000, 200, 170, 60
L 90.68, 404.01, 0.0000, 99.07, 416.95, 0.0000, 200, 170, 60
L 99.07, 416.95, 0.0000, 102.00, 432.09, 0.0000, 200, 170, 60
L 102.00, 432.09, 0.0000, 99.07, 447.22, 0.0000, 200, 170, 60
L 99.07, 447.22, 0.0000, 90.68, 460.16, 0.0000, 200, 170, 60
L 90.68, 460.16, 0.0000, 78.06, 469.03, 0.0000, 200, 170, 60
L 65.53, 408.39, 0.0000, 73.11, 416.36, 0.0000, 200, 170, 60
L 73.11, 416.36, 0.0000, 77.20, 426.58, 0.0000, 200, 170, 60
L 77.20, 426.58, 0.0000, 77.20, 437.59, 0.0000, 200, 170, 60
L 77.20, 437.59, 0.0000, 73.11, 447.81, 0.0000, 200, 170, 60
L 73.11, 447.81, 0.0000, 65.53, 455.79, 0.0000, 200, 170, 60
L 78.06, 395.15, 0.0000, 65.53, 408.39, 0.0000, 200, 170, 60
L 78.06, 469.03, 0.0000, 65.53, 455.79, 0.0000, 200, 170, 60
L -956.47, -615.78, 0.0000, -956.47, -885.78, 0.0000, 155, 80, 120
L -948.47, -605.78, 0.0000, -948.47, -875.78, 0.0000, 60, 40, 60
L -956.47, -885.78, 0.0000, -778.27, -687.25, 0.0000, 155, 80, 120
L -948.47, -875.78, 0.0000, -770.27, -677.25, 0.0000, 60, 40, 60
L -778.27, -687.25, 0.0000, -778.27, -957.25, 0.0000, 155, 80, 120
L -770.27, -677.25, 0.0000, -770.27, -947.25, 0.0000, 60, 40, 60
L -734.27, -701.37, 0.0000, -645.17, -995.68, 0.0000, 155, 80, 120
L -726.27, -691.37, 0.0000, -637.17, -985.68, 0.0000, 60, 40, 60
L -645.17, -995.68, 0.0000, -556.07, -744.25, 0.0000, 155, 80, 120
L -637.17, -985.68, 0.0000, -548.07, -734.25, 0.0000, 60, 40, 60
L -689.72, -822.24, 0.0000, -600.62, -843.68, 0.0000, 155, 80, 120
L -681.72, -812.24, 0.0000, -592.62, -833.68, 0.0000, 60, 40, 60
L -369.51, -1034.58, 0.0000, -369.51, -818.58, 0.0000, 155, 80, 120
L -361.51, -1024.58, 0.0000, -361.51, -808.58, 0.0000, 60, 40, 60
L -369.51, -818.58, 0.0000, -405.15, -762.64, 0.0000, 155, 80, 120
L -361.51, -808.58, 0.0000, -397.15, -752.64, 0.0000, 60, 40, 60
L -405.15, -762.64, 0.0000, -458.61, -758.01, 0.0000, 155, 80, 120
L -397.15, -752.64, 0.0000, -450.61, -748.01, 0.0000, 60, 40, 60
L -458.61, -758.01, 0.0000, -494.25, -807.77, 0.0000, 155, 80, 120
L -450.61, -748.01, 0.0000, -486.25, -797.77, 0.0000, 60, 40, 60
L -111.67, -1021.31, 0.0000, -289.87, -1035.61, 0.0000, 155, 80, 120
L -103.67, -1011.31, 0.0000, -281.87, -1025.61, 0.0000, 60, 40, 60
L -289.87, -1035.61, 0.0000, -289.87, -765.61, 0.0000, 155, 80, 120
L -281.87, -1025.61, 0.0000, -281.87, -755.61, 0.0000, 60, 40, 60
L -289.87, -765.61, 0.0000, -111.67, -751.31, 0.0000, 155, 80, 120
L -281.87, -755.61, 0.0000, -103.67, -741.31, 0.0000, 60, 40, 60
L -289.87, -900.61, 0.0000, -165.13, -893.01, 0.0000, 155, 80, 120
L -281.87, -890.61, 0.0000, -157.13, -883.01, 0.0000, 60, 40, 60
L -67.67, -744.25, 0.0000, -67.67, -1014.25, 0.0000, 155, 80, 120
L -59.67, -734.25, 0.0000, -59.67, -1004.25, 0.0000, 60, 40, 60
L -67.67, -1014.25, 0.0000, 110.53, -701.37, 0.0000, 155, 80, 120
L -59.67, -1004.25, 0.0000, 118.53, -691.37, 0.0000, 60, 40, 60
L 110.53, -701.37, 0.0000, 110.53, -971.37, 0.0000, 155, 80, 120
L 118.53, -691.37, 0.0000, 118.53, -961.37, 0.0000, 60, 40, 60
L 154.53, -687.25, 0.0000, 243.63, -924.38, 0.0000, 155, 80, 120
L 162.53, -677.25, 0.0000, 251.63, -914.38, 0.0000, 60, 40, 60
L 243.63, -924.38, 0.0000, 332.73, -615.78, 0.0000, 155, 80, 120
L 251.63, -914.38, 0.0000, 340.73, -605.78, 0.0000, 60, 40, 60
L 199.08, -779.53, 0.0000, 288.18, -743.80, 0.0000, 155, 80, 120
L 207.08, -769.53, 0.0000, 296.18, -733.80, 0.0000, 60, 40, 60
L 695.88, -460.78, 0.0000, 693.91, -438.21, 0.0000, 150, 140, 160
L 693.91, -438.21, 0.0000, 688.04, -416.32, 0.0000, 150, 140, 160
L 688.04, -416.32, 0.0000, 678.46, -395.78, 0.0000, 150, 140, 160
L 678.46, -395.78, 0.0000, 665.47, -377.22, 0.0000, 150, 140, 160
L 665.47, -377.22, 0.0000, 649.44, -361.19, 0.0000, 150, 140, 160
L 649.44, -361.19, 0.0000, 630.88, -348.20, 0.0000, 150, 140, 160
L 630.88, -348.20, 0.0000, 610.34, -338.62, 0.0000, 150, 140, 160
L 610.34, -338.62, 0.0000, 588.45, -332.75, 0.0000, 150, 140, 160
L 588.45, -332.75, 0.0000, 565.88, -330.78, 0.0000, 150, 140, 160
L 565.88, -330.78, 0.0000, 543.31, -332.75, 0.0000, 150, 140, 160
L 543.31, -332.75, 0.0000, 521.42, -338.62, 0.0000, 150, 140, 160
L 521.42, -338.62, 0.0000, 500.88, -348.20, 0.0000, 150, 140, 160
L 500.88, -348.20, 0.0000, 482.32, -361.19, 0.0000, 150, 140, 160
L 482.32, -361.19, 0.0000, 466.29, -377.22, 0.0000, 150, 140, 160
L 466.29, -377.22, 0.0000, 453.30, -395.78, 0.0000, 150, 140, 160
L 453.30, -395.78, 0.0000, 443.72, -416.32, 0.0000, 150, 140, 160
L 443.72, -416.32, 0.0000, 437.85, -438.21, 0.0000, 150, 140, 160
L 437.85, -438.21, 0.0000, 435.88, -460.78, 0.0000, 150, 140, 160
L 435.88, -460.78, 0.0000, 437.85, -483.35, 0.0000, 150, 140, 160
L 437.85, -483.35, 0.0000, 443.72, -505.24, 0.0000, 150, 140, 160
L 443.72, -505.24, 0.0000, 453.30, -525.78, 0.0000, 150, 140, 160
L 453.30, -525.78, 0.0000, 466.29, -544.34, 0.0000, 150, 140, 160
L 466.29, -544.34, 0.0000, 482.32, -560.37, 0.0000, 150, 140, 160
L 482.32, -560.37, 0.0000, 500.88, -573.36, 0.0000, 150, 140, 160
L 500.88, -573.36, 0.0000, 521.42, -582.94, 0.0000, 150, 140, 160
L 521.42, -582.94, 0.0000, 543.31, -588.81, 0.0000, 150, 140, 160
L 543.31, -588.81, 0.0000, 565.88, -590.78, 0.0000, 150, 140, 160
L 565.88, -590.78, 0.0000, 588.45, -588.81, 0.0000, 150, 140, 160
L 588.45, -588.81, 0.0000, 610.34, -582.94, 0.0000, 150, 140, 160
L 610.34, -582.94, 0.0000, 630.88, -573.36, 0.0000, 150, 140, 160
L 630.88, -573.36, 0.0000, 649.44, -560.37, 0.0000, 150, 140, 160
L 649.44, -560.37, 0.0000, 665.47, -544.34, 0.0000, 150, 140, 160
L 665.47, -544.34, 0.0000, 678.46, -525.78, 0.0000, 150, 140, 160
L 678.46, -525.78, 0.0000, 688.04, -505.24, 0.0000, 150, 140, 160
L 688.04, -505.24, 0.0000, 693.91, -483.35, 0.0000, 150, 140, 160
L 693.91, -483.35, 0.0000, 695.88, -460.78, 0.0000, 150, 140, 160
L 712.78, -460.78, 0.0000, 710.55, -435.27, 0.0000, 110, 70, 120
L 710.55, -435.27, 0.0000, 703.92, -410.54, 0.0000, 110, 70, 120
L 703.92, -410.54, 0.0000, 693.10, -387.33, 0.0000, 110, 70, 120
L 693.10, -387.33, 0.0000, 678.41, -366.35, 0.0000, 110, 70, 120
L 678.41, -366.35, 0.0000, 660.31, -348.25, 0.0000, 110, 70, 120
L 660.31, -348.25, 0.0000, 639.33, -333.56, 0.0000, 110, 70, 120
L 639.33, -333.56, 0.0000, 616.12, -322.74, 0.0000, 110, 70, 120
L 616.12, -322.74, 0.0000, 591.39, -316.11, 0.0000, 110, 70, 120
L 591.39, -316.11, 0.0000, 565.88, -313.88, 0.0000, 110, 70, 120
L 565.88, -313.88, 0.0000, 540.37, -316.11, 0.0000, 110, 70, 120
L 540.37, -316.11, 0.0000, 515.64, -322.74, 0.0000, 110, 70, 120
L 515.64, -322.74, 0.0000, 492.43, -333.56, 0.0000, 110, 70, 120
L 492.43, -333.56, 0.0000, 471.45, -348.25, 0.0000, 110, 70, 120
L 471.45, -348.25, 0.0000, 453.35, -366.35, 0.0000, 110, 70, 120
L 453.35, -366.35, 0.0000, 438.66, -387.33, 0.0000, 110, 70, 120
L 438.66, -387.33, 0.0000, 427.84, -410.54, 0.0000, 110, 70, 120
L 427.84, -410.54, 0.0000, 421.21, -435.27, 0.0000, 110, 70, 120
L 421.21, -435.27, 0.0000, 418.98, -460.78, 0.0000, 110, 70, 120
L 418.98, -460.78, 0.0000, 421.21, -486.29, 0.0000, 110, 70, 120
L 421.21, -486.29, 0.0000, 427.84, -511.02, 0.0000, 110, 70, 120
L 427.84, -511.02, 0.0000, 438.66, -534.23, 0.0000, 110, 70, 120
L 438.66, -534.23, 0.0000, 453.35, -555.21, 0.0000, 110, 70, 120
L 453.35, -555.21, 0.0000, 471.45, -573.31, 0.0000, 110, 70, 120
L 471.45, -573.31, 0.0000, 492.43, -588.00, 0.0000, 110, 70, 120
L 492.43, -588.00, 0.0000, 515.64, -598.82, 0.0000, 110, 70, 120
L 515.64, -598.82, 0.0000, 540.37, -605.45, 0.0000, 110, 70, 120
L 540.37, -605.45, 0.0000, 565.88, -607.68, 0.0000, 110, 70, 120
L 565.88, -607.68, 0.0000, 591.39, -605.45, 0.0000, 110, 70, 120
L 591.39, -605.45, 0.0000, 616.12, -598.82, 0.0000, 110, 70, 120
L 616.12, -598.82, 0.0000, 639.33, -588.00, 0.0000, 110, 70, 120
L 639.33, -588.00, 0.0000, 660.31, -573.31, 0.0000, 110, 70, 120
L 660.31, -573.31, 0.0000, 678.41, -555.21, 0.0000, 110, 70, 120
L 678.41, -555.21, 0.0000, 693.10, -534.23, 0.0000, 110, 70, 120
L 693.10, -534.23, 0.0000, 703.92, -511.02, 0.0000, 110, 70, 120
L 703.92, -511.02, 0.0000, 710.55, -486.29, 0.0000, 110, 70, 120
L 710.55, -486.29, 0.0000, 712.78, -460.78, 0.0000, 110, 70, 120
L 565.88, -460.78, 0.0000, 565.88, -590.78, 0.0000, 150, 140, 160
L 565.88, -460.78, 0.0000, 621.03, -515.93, 0.0000, 110, 70, 120
L 565.88, -460.78, 0.0000, 695.88, -460.78, 0.0000, 150, 140, 160
L 565.88, -460.78, 0.0000, 621.03, -405.63, 0.0000, 110, 70, 120
L 565.88, -460.78, 0.0000, 565.88, -330.78, 0.0000, 150, 140, 160
L 565.88, -460.78, 0.0000, 510.73, -405.63, 0.0000, 110, 70, 120
L 565.88, -460.78, 0.0000, 435.88, -460.78, 0.0000, 150, 140, 160
L 565.88, -460.78, 0.0000, 510.73, -515.93, 0.0000, 110, 70, 120
L 540.92, -473.26, 0.0000, 542.43, -481.09, 0.0000, 205, 200, 190
L 542.43, -481.09, 0.0000, 546.76, -487.97, 0.0000, 205, 200, 190
L 546.76, -487.97, 0.0000, 553.40, -493.07, 0.0000, 205, 200, 190
L 553.40, -493.07, 0.0000, 561.55, -495.79, 0.0000, 205, 200, 190
L 561.55, -495.79, 0.0000, 570.21, -495.79, 0.0000, 205, 200, 190
L 570.21, -495.79, 0.0000, 578.36, -493.07, 0.0000, 205, 200, 190
L 578.36, -493.07, 0.0000, 585.00, -487.97, 0.0000, 205, 200, 190
L 585.00, -487.97, 0.0000, 589.33, -481.09, 0.0000, 205, 200, 190
L 589.33, -481.09, 0.0000, 590.84, -473.26, 0.0000, 205, 200, 190
L 540.92, -473.26, 0.0000, 554.23, -439.98, 0.0000, 205, 200, 190
L 590.84, -473.26, 0.0000, 577.53, -439.98, 0.0000, 205, 200, 190
L 554.23, -439.98, 0.0000, 577.53, -439.98, 0.0000, 205, 200, 190
L 547.99, -465.77, 0.0000, 560.47, -465.77, 0.0000, 110, 70, 120
L 560.47, -465.77, 0.0000, 554.23, -458.28, 0.0000, 110, 70, 120
L 554.23, -458.28, 0.0000, 547.99, -465.77, 0.0000, 110, 70, 120
L 571.29, -465.77, 0.0000, 583.77, -465.77, 0.0000, 110, 70, 120
L 583.77, -465.77, 0.0000, 577.53, -458.28, 0.0000, 110, 70, 120
L 577.53, -458.28, 0.0000, 571.29, -465.77, 0.0000, 110, 70, 120
L 565.88, -525.78, 0.0000, 565.88, -577.78, 0.0000, 95, 55, 110
L 557.88, -564.78, 0.0000, 565.88, -582.98, 0.0000, 95, 55, 110
L 573.88, -564.78, 0.0000, 565.88, -582.98, 0.0000, 95, 55, 110
P 565.88, -627.18, 0.0000, 70, 40, 85, 3, N
P 565.88, -294.38, 0.0000, 95, 55, 110, 1, S
P 732.28, -460.78, 0.0000, 95, 55, 110, 1, E
P 399.48, -460.78, 0.0000, 95, 55, 110, 1, W
