L -938.0000, -1581.0000, 0.0000, -846.6667, -1613.0000, 0.0000, 60, 30, 70
L -846.6667, -1613.0000, 0.0000, -755.3333, -1581.0000, 0.0000, 45, 75, 55
L -755.3333, -1581.0000, 0.0000, -664.0000, -1613.0000, 0.0000, 60, 30, 70
L -664.0000, -1613.0000, 0.0000, -572.6667, -1581.0000, 0.0000, 45, 75, 55
L -572.6667, -1581.0000, 0.0000, -481.3333, -1613.0000, 0.0000, 60, 30, 70
L -481.3333, -1613.0000, 0.0000, -390.0000, -1581.0000, 0.0000, 45, 75, 55
L -390.0000, -1581.0000, 0.0000, -298.6667, -1613.0000, 0.0000, 60, 30, 70
L -298.6667, -1613.0000, 0.0000, -207.3333, -1581.0000, 0.0000, 45, 75, 55
L -207.3333, -1581.0000, 0.0000, -116.0000, -1613.0000, 0.0000, 60, 30, 70
L -116.0000, -1613.0000, 0.0000, -24.6667, -1581.0000, 0.0000, 45, 75, 55
L -24.6667, -1581.0000, 0.0000, 66.6667, -1613.0000, 0.0000, 60, 30, 70
L 66.6667, -1613.0000, 0.0000, 158.0000, -1581.0000, 0.0000, 45, 75, 55
L 158.0000, -1581.0000, 0.0000, 249.3333, -1613.0000, 0.0000, 60, 30, 70
L 249.3333, -1613.0000, 0.0000, 340.6667, -1581.0000, 0.0000, 45, 75, 55
L 340.6667, -1581.0000, 0.0000, 432.0000, -1613.0000, 0.0000, 60, 30, 70
L 432.0000, -1613.0000, 0.0000, 523.3333, -1581.0000, 0.0000, 45, 75, 55
L 523.3333, -1581.0000, 0.0000, 614.6667, -1613.0000, 0.0000, 60, 30, 70
L 614.6667, -1613.0000, 0.0000, 706.0000, -1581.0000, 0.0000, 45, 75, 55
L 706.0000, -1581.0000, 0.0000, 797.3333, -1613.0000, 0.0000, 60, 30, 70
L 797.3333, -1613.0000, 0.0000, 888.6667, -1581.0000, 0.0000, 45, 75, 55
L 888.6667, -1581.0000, 0.0000, 980.0000, -1613.0000, 0.0000, 60, 30, 70
L 980.0000, -1581.0000, 0.0000, 1012.0000, -1490.6154, 0.0000, 60, 30, 70
L 1012.0000, -1490.6154, 0.0000, 980.0000, -1400.2308, 0.0000, 45, 75, 55
L 980.0000, -1400.2308, 0.0000, 1012.0000, -1309.8462, 0.0000, 60, 30, 70
L 1012.0000, -1309.8462, 0.0000, 980.0000, -1219.4615, 0.0000, 45, 75, 55
L 980.0000, -1219.4615, 0.0000, 1012.0000, -1129.0769, 0.0000, 60, 30, 70
L 1012.0000, -1129.0769, 0.0000, 980.0000, -1038.6923, 0.0000, 45, 75, 55
L 980.0000, -1038.6923, 0.0000, 1012.0000, -948.3077, 0.0000, 60, 30, 70
L 1012.0000, -948.3077, 0.0000, 980.0000, -857.9231, 0.0000, 45, 75, 55
L 980.0000, -857.9231, 0.0000, 1012.0000, -767.5385, 0.0000, 60, 30, 70
L 1012.0000, -767.5385, 0.0000, 980.0000, -677.1538, 0.0000, 45, 75, 55
L 980.0000, -677.1538, 0.0000, 1012.0000, -586.7692, 0.0000, 60, 30, 70
L 1012.0000, -586.7692, 0.0000, 980.0000, -496.3846, 0.0000, 45, 75, 55
L 980.0000, -496.3846, 0.0000, 1012.0000, -406.0000, 0.0000, 60, 30, 70
L 980.0000, -406.0000, 0.0000, 888.6667, -374.0000, 0.0000, 60, 30, 70
L 888.6667, -374.0000, 0.0000, 797.3333, -406.0000, 0.0000, 45, 75, 55
L 797.3333, -406.0000, 0.0000, 706.0000, -374.0000, 0.0000, 60, 30, 70
L 706.0000, -374.0000, 0.0000, 614.6667, -406.0000, 0.0000, 45, 75, 55
L 614.6667, -406.0000, 0.0000, 523.3333, -374.0000, 0.0000, 60, 30, 70
L 523.3333, -374.0000, 0.0000, 432.0000, -406.0000, 0.0000, 45, 75, 55
L 432.0000, -406.0000, 0.0000, 340.6667, -374.0000, 0.0000, 60, 30, 70
L 340.6667, -374.0000, 0.0000, 249.3333, -406.0000, 0.0000, 45, 75, 55
L 249.3333, -406.0000, 0.0000, 158.0000, -374.0000, 0.0000, 60, 30, 70
L 158.0000, -374.0000, 0.0000, 66.6667, -406.0000, 0.0000, 45, 75, 55
L 66.6667, -406.0000, 0.0000, -24.6667, -374.0000, 0.0000, 60, 30, 70
L -24.6667, -374.0000, 0.0000, -116.0000, -406.0000, 0.0000, 45, 75, 55
L -116.0000, -406.0000, 0.0000, -207.3333, -374.0000, 0.0000, 60, 30, 70
L -207.3333, -374.0000, 0.0000, -298.6667, -406.0000, 0.0000, 45, 75, 55
L -298.6667, -406.0000, 0.0000, -390.0000, -374.0000, 0.0000, 60, 30, 70
L -390.0000, -374.0000, 0.0000, -481.3333, -406.0000, 0.0000, 45, 75, 55
L -481.3333, -406.0000, 0.0000, -572.6667, -374.0000, 0.0000, 60, 30, 70
L -572.6667, -374.0000, 0.0000, -664.0000, -406.0000, 0.0000, 45, 75, 55
L -664.0000, -406.0000, 0.0000, -755.3333, -374.0000, 0.0000, 60, 30, 70
L -755.3333, -374.0000, 0.0000, -846.6667, -406.0000, 0.0000, 45, 75, 55
L -846.6667, -406.0000, 0.0000, -938.0000, -374.0000, 0.0000, 60, 30, 70
L -938.0000, -406.0000, 0.0000, -970.0000, -496.3846, 0.0000, 60, 30, 70
L -970.0000, -496.3846, 0.0000, -938.0000, -586.7692, 0.0000, 45, 75, 55
L -938.0000, -586.7692, 0.0000, -970.0000, -677.1538, 0.0000, 60, 30, 70
L -970.0000, -677.1538, 0.0000, -938.0000, -767.5385, 0.0000, 45, 75, 55
L -938.0000, -767.5385, 0.0000, -970.0000, -857.9231, 0.0000, 60, 30, 70
L -970.0000, -857.9231, 0.0000, -938.0000, -948.3077, 0.0000, 45, 75, 55
L -938.0000, -948.3077, 0.0000, -970.0000, -1038.6923, 0.0000, 60, 30, 70
L -970.0000, -1038.6923, 0.0000, -938.0000, -1129.0769, 0.0000, 45, 75, 55
L -938.0000, -1129.0769, 0.0000, -970.0000, -1219.4615, 0.0000, 60, 30, 70
L -970.0000, -1219.4615, 0.0000, -938.0000, -1309.8462, 0.0000, 45, 75, 55
L -938.0000, -1309.8462, 0.0000, -970.0000, -1400.2308, 0.0000, 60, 30, 70
L -970.0000, -1400.2308, 0.0000, -938.0000, -1490.6154, 0.0000, 45, 75, 55
L -938.0000, -1490.6154, 0.0000, -970.0000, -1581.0000, 0.0000, 60, 30, 70
L -978.0000, -1621.0000, 0.0000, -887.1818, -1653.0000, 0.0000, 60, 30, 70
L -887.1818, -1653.0000, 0.0000, -796.3636, -1621.0000, 0.0000, 45, 75, 55
L -796.3636, -1621.0000, 0.0000, -705.5455, -1653.0000, 0.0000, 60, 30, 70
L -705.5455, -1653.0000, 0.0000, -614.7273, -1621.0000, 0.0000, 45, 75, 55
L -614.7273, -1621.0000, 0.0000, -523.9091, -1653.0000, 0.0000, 60, 30, 70
L -523.9091, -1653.0000, 0.0000, -433.0909, -1621.0000, 0.0000, 45, 75, 55
L -433.0909, -1621.0000, 0.0000, -342.2727, -1653.0000, 0.0000, 60, 30, 70
L -342.2727, -1653.0000, 0.0000, -251.4545, -1621.0000, 0.0000, 45, 75, 55
L -251.4545, -1621.0000, 0.0000, -160.6364, -1653.0000, 0.0000, 60, 30, 70
L -160.6364, -1653.0000, 0.0000, -69.8182, -1621.0000, 0.0000, 45, 75, 55
L -69.8182, -1621.0000, 0.0000, 21.0000, -1653.0000, 0.0000, 60, 30, 70
L 21.0000, -1653.0000, 0.0000, 111.8182, -1621.0000, 0.0000, 45, 75, 55
L 111.8182, -1621.0000, 0.0000, 202.6364, -1653.0000, 0.0000, 60, 30, 70
L 202.6364, -1653.0000, 0.0000, 293.4545, -1621.0000, 0.0000, 45, 75, 55
L 293.4545, -1621.0000, 0.0000, 384.2727, -1653.0000, 0.0000, 60, 30, 70
L 384.2727, -1653.0000, 0.0000, 475.0909, -1621.0000, 0.0000, 45, 75, 55
L 475.0909, -1621.0000, 0.0000, 565.9091, -1653.0000, 0.0000, 60, 30, 70
L 565.9091, -1653.0000, 0.0000, 656.7273, -1621.0000, 0.0000, 45, 75, 55
L 656.7273, -1621.0000, 0.0000, 747.5455, -1653.0000, 0.0000, 60, 30, 70
L 747.5455, -1653.0000, 0.0000, 838.3636, -1621.0000, 0.0000, 45, 75, 55
L 838.3636, -1621.0000, 0.0000, 929.1818, -1653.0000, 0.0000, 60, 30, 70
L 929.1818, -1653.0000, 0.0000, 1020.0000, -1621.0000, 0.0000, 45, 75, 55
L 1020.0000, -1621.0000, 0.0000, 1052.0000, -1524.4615, 0.0000, 60, 30, 70
L 1052.0000, -1524.4615, 0.0000, 1020.0000, -1427.9231, 0.0000, 45, 75, 55
L 1020.0000, -1427.9231, 0.0000, 1052.0000, -1331.3846, 0.0000, 60, 30, 70
L 1052.0000, -1331.3846, 0.0000, 1020.0000, -1234.8462, 0.0000, 45, 75, 55
L 1020.0000, -1234.8462, 0.0000, 1052.0000, -1138.3077, 0.0000, 60, 30, 70
L 1052.0000, -1138.3077, 0.0000, 1020.0000, -1041.7692, 0.0000, 45, 75, 55
L 1020.0000, -1041.7692, 0.0000, 1052.0000, -945.2308, 0.0000, 60, 30, 70
L 1052.0000, -945.2308, 0.0000, 1020.0000, -848.6923, 0.0000, 45, 75, 55
L 1020.0000, -848.6923, 0.0000, 1052.0000, -752.1538, 0.0000, 60, 30, 70
L 1052.0000, -752.1538, 0.0000, 1020.0000, -655.6154, 0.0000, 45, 75, 55
L 1020.0000, -655.6154, 0.0000, 1052.0000, -559.0769, 0.0000, 60, 30, 70
L 1052.0000, -559.0769, 0.0000, 1020.0000, -462.5385, 0.0000, 45, 75, 55
L 1020.0000, -462.5385, 0.0000, 1052.0000, -366.0000, 0.0000, 60, 30, 70
L 1020.0000, -366.0000, 0.0000, 929.1818, -334.0000, 0.0000, 60, 30, 70
L 929.1818, -334.0000, 0.0000, 838.3636, -366.0000, 0.0000, 45, 75, 55
L 838.3636, -366.0000, 0.0000, 747.5455, -334.0000, 0.0000, 60, 30, 70
L 747.5455, -334.0000, 0.0000, 656.7273, -366.0000, 0.0000, 45, 75, 55
L 656.7273, -366.0000, 0.0000, 565.9091, -334.0000, 0.0000, 60, 30, 70
L 565.9091, -334.0000, 0.0000, 475.0909, -366.0000, 0.0000, 45, 75, 55
L 475.0909, -366.0000, 0.0000, 384.2727, -334.0000, 0.0000, 60, 30, 70
L 384.2727, -334.0000, 0.0000, 293.4545, -366.0000, 0.0000, 45, 75, 55
L 293.4545, -366.0000, 0.0000, 202.6364, -334.0000, 0.0000, 60, 30, 70
L 202.6364, -334.0000, 0.0000, 111.8182, -366.0000, 0.0000, 45, 75, 55
L 111.8182, -366.0000, 0.0000, 21.0000, -334.0000, 0.0000, 60, 30, 70
L 21.0000, -334.0000, 0.0000, -69.8182, -366.0000, 0.0000, 45, 75, 55
L -69.8182, -366.0000, 0.0000, -160.6364, -334.0000, 0.0000, 60, 30, 70
L -160.6364, -334.0000, 0.0000, -251.4545, -366.0000, 0.0000, 45, 75, 55
L -251.4545, -366.0000, 0.0000, -342.2727, -334.0000, 0.0000, 60, 30, 70
L -342.2727, -334.0000, 0.0000, -433.0909, -366.0000, 0.0000, 45, 75, 55
L -433.0909, -366.0000, 0.0000, -523.9091, -334.0000, 0.0000, 60, 30, 70
L -523.9091, -334.0000, 0.0000, -614.7273, -366.0000, 0.0000, 45, 75, 55
L -614.7273, -366.0000, 0.0000, -705.5455, -334.0000, 0.0000, 60, 30, 70
L -705.5455, -334.0000, 0.0000, -796.3636, -366.0000, 0.0000, 45, 75, 55
L -796.3636, -366.0000, 0.0000, -887.1818, -334.0000, 0.0000, 60, 30, 70
L -887.1818, -334.0000, 0.0000, -978.0000, -366.0000, 0.0000, 45, 75, 55
L -978.0000, -366.0000, 0.0000, -1010.0000, -462.5385, 0.0000, 60, 30, 70
L -1010.0000, -462.5385, 0.0000, -978.0000, -559.0769, 0.0000, 45, 75, 55
L -978.0000, -559.0769, 0.0000, -1010.0000, -655.6154, 0.0000, 60, 30, 70
L -1010.0000, -655.6154, 0.0000, -978.0000, -752.1538, 0.0000, 45, 75, 55
L -978.0000, -752.1538, 0.0000, -1010.0000, -848.6923, 0.0000, 60, 30, 70
L -1010.0000, -848.6923, 0.0000, -978.0000, -945.2308, 0.0000, 45, 75, 55
L -978.0000, -945.2308, 0.0000, -1010.0000, -1041.7692, 0.0000, 60, 30, 70
L -1010.0000, -1041.7692, 0.0000, -978.0000, -1138.3077, 0.0000, 45, 75, 55
L -978.0000, -1138.3077, 0.0000, -1010.0000, -1234.8462, 0.0000, 60, 30, 70
L -1010.0000, -1234.8462, 0.0000, -978.0000, -1331.3846, 0.0000, 45, 75, 55
L -978.0000, -1331.3846, 0.0000, -1010.0000, -1427.9231, 0.0000, 60, 30, 70
L -1010.0000, -1427.9231, 0.0000, -978.0000, -1524.4615, 0.0000, 45, 75, 55
L -978.0000, -1524.4615, 0.0000, -1010.0000, -1621.0000, 0.0000, 60, 30, 70
L -972.0000, -1388.4700, 0.0000, -926.0000, -1477.9782, 0.0000, 90, 85, 80
L -926.0000, -1477.9782, 0.0000, -880.0000, -1540.8030, 0.0000, 90, 85, 80
L -880.0000, -1540.8030, 0.0000, -834.0000, -1564.8493, 0.0000, 90, 85, 80
L -834.0000, -1564.8493, 0.0000, -788.0000, -1480.8360, 0.0000, 90, 85, 80
L -788.0000, -1480.8360, 0.0000, -742.0000, -1388.4700, 0.0000, 90, 85, 80
L -834.0000, -1468.4700, 0.0000, -822.5000, -1456.9700, 0.0000, 65, 60, 58
L -820.2000, -1444.4700, 0.0000, -808.7000, -1432.9700, 0.0000, 65, 60, 58
L -806.4000, -1420.4700, 0.0000, -794.9000, -1408.9700, 0.0000, 65, 60, 58
L -712.0000, -1388.4700, 0.0000, -666.0000, -1478.6099, 0.0000, 90, 85, 80
L -666.0000, -1478.6099, 0.0000, -620.0000, -1546.6117, 0.0000, 90, 85, 80
L -620.0000, -1546.6117, 0.0000, -574.0000, -1531.3033, 0.0000, 90, 85, 80
L -574.0000, -1531.3033, 0.0000, -528.0000, -1484.9490, 0.0000, 90, 85, 80
L -528.0000, -1484.9490, 0.0000, -482.0000, -1388.4700, 0.0000, 90, 85, 80
L -574.0000, -1468.4700, 0.0000, -562.5000, -1456.9700, 0.0000, 65, 60, 58
L -560.2000, -1444.4700, 0.0000, -548.7000, -1432.9700, 0.0000, 65, 60, 58
L -546.4000, -1420.4700, 0.0000, -534.9000, -1408.9700, 0.0000, 65, 60, 58
L -452.0000, -1388.4700, 0.0000, -406.0000, -1499.0877, 0.0000, 90, 85, 80
L -406.0000, -1499.0877, 0.0000, -360.0000, -1561.7896, 0.0000, 90, 85, 80
L -360.0000, -1561.7896, 0.0000, -314.0000, -1550.5984, 0.0000, 90, 85, 80
L -314.0000, -1550.5984, 0.0000, -268.0000, -1482.4594, 0.0000, 90, 85, 80
L -268.0000, -1482.4594, 0.0000, -222.0000, -1388.4700, 0.0000, 90, 85, 80
L -314.0000, -1468.4700, 0.0000, -302.5000, -1456.9700, 0.0000, 65, 60, 58
L -300.2000, -1444.4700, 0.0000, -288.7000, -1432.9700, 0.0000, 65, 60, 58
L -286.4000, -1420.4700, 0.0000, -274.9000, -1408.9700, 0.0000, 65, 60, 58
L -192.0000, -1388.4700, 0.0000, -146.0000, -1479.3051, 0.0000, 90, 85, 80
L -146.0000, -1479.3051, 0.0000, -100.0000, -1571.1731, 0.0000, 90, 85, 80
L -100.0000, -1571.1731, 0.0000, -54.0000, -1559.6817, 0.0000, 90, 85, 80
L -54.0000, -1559.6817, 0.0000, -8.0000, -1482.8868, 0.0000, 90, 85, 80
L -8.0000, -1482.8868, 0.0000, 38.0000, -1388.4700, 0.0000, 90, 85, 80
L -54.0000, -1468.4700, 0.0000, -42.5000, -1456.9700, 0.0000, 65, 60, 58
L -40.2000, -1444.4700, 0.0000, -28.7000, -1432.9700, 0.0000, 65, 60, 58
L -26.4000, -1420.4700, 0.0000, -14.9000, -1408.9700, 0.0000, 65, 60, 58
L 366.1546, -1098.6500, 0.0000, 366.1546, -1114.8928, 0.0000, 90, 65, 35
L 366.1546, -1018.6500, 0.0000, 366.1546, -1034.8928, 0.0000, 90, 65, 35
L 428.0418, -1178.4597, 0.0000, 428.0418, -1195.5975, 0.0000, 90, 65, 35
L 451.0655, -1090.2956, 0.0000, 451.0655, -1105.7030, 0.0000, 90, 65, 35
L 419.4704, -1028.0539, 0.0000, 419.4704, -1045.9527, 0.0000, 90, 65, 35
L 419.3861, -967.4607, 0.0000, 419.3861, -1039.6201, 0.0000, 90, 65, 35
L 419.3861, -1029.1242, 0.0000, 403.6422, -1042.2441, 0.0000, 90, 65, 35
L 419.3861, -1029.1242, 0.0000, 435.1300, -1042.2441, 0.0000, 90, 65, 35
L 523.9070, -1255.8340, 0.0000, 523.9070, -1330.3397, 0.0000, 90, 65, 35
L 523.9070, -1319.5025, 0.0000, 507.6512, -1333.0490, 0.0000, 90, 65, 35
L 523.9070, -1319.5025, 0.0000, 540.1627, -1333.0490, 0.0000, 90, 65, 35
L 523.9070, -1175.8340, 0.0000, 523.9070, -1250.3397, 0.0000, 90, 65, 35
L 523.9070, -1239.5025, 0.0000, 507.6512, -1253.0490, 0.0000, 90, 65, 35
L 523.9070, -1239.5025, 0.0000, 540.1627, -1253.0490, 0.0000, 90, 65, 35
L 503.2486, -1125.3626, 0.0000, 503.2486, -1140.7103, 0.0000, 90, 65, 35
L 498.9751, -1009.6590, 0.0000, 498.9751, -1093.9150, 0.0000, 90, 65, 35
L 498.9751, -1081.6596, 0.0000, 480.5919, -1096.9788, 0.0000, 90, 65, 35
L 498.9751, -1081.6596, 0.0000, 517.3582, -1096.9788, 0.0000, 90, 65, 35
L 509.3723, -955.5743, 0.0000, 509.3723, -1043.3886, 0.0000, 90, 65, 35
L 509.3723, -1030.6156, 0.0000, 490.2128, -1046.5819, 0.0000, 90, 65, 35
L 509.3723, -1030.6156, 0.0000, 528.5318, -1046.5819, 0.0000, 90, 65, 35
L 589.4886, -1189.6550, 0.0000, 589.4886, -1205.5414, 0.0000, 90, 65, 35
L 589.4886, -1029.6550, 0.0000, 589.4886, -1045.5414, 0.0000, 90, 65, 35
L 589.8811, -943.0712, 0.0000, 589.8811, -1014.9584, 0.0000, 90, 65, 35
L 589.8811, -1004.5021, 0.0000, 574.1966, -1017.5725, 0.0000, 90, 65, 35
L 589.8811, -1004.5021, 0.0000, 605.5656, -1017.5725, 0.0000, 90, 65, 35
L 655.4750, -1282.0928, 0.0000, 655.4750, -1297.7179, 0.0000, 90, 65, 35
L 653.7005, -1181.0862, 0.0000, 653.7005, -1270.5240, 0.0000, 90, 65, 35
L 653.7005, -1257.5149, 0.0000, 634.1868, -1273.7763, 0.0000, 90, 65, 35
L 653.7005, -1257.5149, 0.0000, 673.2141, -1273.7763, 0.0000, 90, 65, 35
L 691.4707, -1131.4872, 0.0000, 691.4707, -1147.2457, 0.0000, 90, 65, 35
L 664.9070, -1030.8589, 0.0000, 664.9070, -1109.4376, 0.0000, 90, 65, 35
L 664.9070, -1098.0079, 0.0000, 647.7626, -1112.2950, 0.0000, 90, 65, 35
L 664.9070, -1098.0079, 0.0000, 682.0514, -1112.2950, 0.0000, 90, 65, 35
L 736.9757, -1182.8971, 0.0000, 736.9757, -1256.0017, 0.0000, 90, 65, 35
L 736.9757, -1245.3683, 0.0000, 721.0255, -1258.6601, 0.0000, 90, 65, 35
L 736.9757, -1245.3683, 0.0000, 752.9258, -1258.6601, 0.0000, 90, 65, 35
L 736.9757, -1102.8971, 0.0000, 736.9757, -1176.0017, 0.0000, 90, 65, 35
L 736.9757, -1165.3683, 0.0000, 721.0255, -1178.6601, 0.0000, 90, 65, 35
L 736.9757, -1165.3683, 0.0000, 752.9258, -1178.6601, 0.0000, 90, 65, 35
L 758.7935, -1017.4639, 0.0000, 758.7935, -1097.4667, 0.0000, 90, 65, 35
L 758.7935, -1085.8299, 0.0000, 741.3384, -1100.3759, 0.0000, 90, 65, 35
L 758.7935, -1085.8299, 0.0000, 776.2487, -1100.3759, 0.0000, 90, 65, 35
L -320.2535, -1638.7787, 0.0000, -313.3892, -1855.7787, 0.0000, 25, 12, 30
L -313.3892, -1855.7787, 0.0000, -327.3822, -1856.2213, 0.0000, 25, 12, 30
L -327.3822, -1856.2213, 0.0000, -334.2465, -1639.2213, 0.0000, 25, 12, 30
L -334.2465, -1639.2213, 0.0000, -320.2535, -1638.7787, 0.0000, 25, 12, 30
L -332.2535, -1650.7787, 0.0000, -320.2535, -1638.7787, 0.0000, 25, 12, 30
L -325.3892, -1867.7787, 0.0000, -313.3892, -1855.7787, 0.0000, 25, 12, 30
L -339.3822, -1868.2213, 0.0000, -327.3822, -1856.2213, 0.0000, 25, 12, 30
L -346.2465, -1651.2213, 0.0000, -334.2465, -1639.2213, 0.0000, 25, 12, 30
L -332.2535, -1650.7787, 0.0000, -325.3892, -1867.7787, 0.0000, 50, 25, 60
L -325.3892, -1867.7787, 0.0000, -339.3822, -1868.2213, 0.0000, 50, 25, 60
L -339.3822, -1868.2213, 0.0000, -346.2465, -1651.2213, 0.0000, 50, 25, 60
L -346.2465, -1651.2213, 0.0000, -332.2535, -1650.7787, 0.0000, 50, 25, 60
L -339.2500, -1651.0000, 0.0000, -332.3857, -1868.0000, 0.0000, 50, 25, 60
L -323.8269, -1849.9042, 0.0000, -282.6412, -1826.6542, 0.0000, 25, 12, 30
L -282.6412, -1826.6542, 0.0000, -275.7588, -1838.8458, 0.0000, 25, 12, 30
L -275.7588, -1838.8458, 0.0000, -316.9446, -1862.0958, 0.0000, 25, 12, 30
L -316.9446, -1862.0958, 0.0000, -323.8269, -1849.9042, 0.0000, 25, 12, 30
L -335.8269, -1861.9042, 0.0000, -323.8269, -1849.9042, 0.0000, 25, 12, 30
L -294.6412, -1838.6542, 0.0000, -282.6412, -1826.6542, 0.0000, 25, 12, 30
L -287.7588, -1850.8458, 0.0000, -275.7588, -1838.8458, 0.0000, 25, 12, 30
L -328.9446, -1874.0958, 0.0000, -316.9446, -1862.0958, 0.0000, 25, 12, 30
L -335.8269, -1861.9042, 0.0000, -294.6412, -1838.6542, 0.0000, 50, 25, 60
L -294.6412, -1838.6542, 0.0000, -287.7588, -1850.8458, 0.0000, 50, 25, 60
L -287.7588, -1850.8458, 0.0000, -328.9446, -1874.0958, 0.0000, 50, 25, 60
L -328.9446, -1874.0958, 0.0000, -335.8269, -1861.9042, 0.0000, 50, 25, 60
L -332.3857, -1868.0000, 0.0000, -291.2000, -1844.7500, 0.0000, 50, 25, 60
L -286.1774, -1833.3118, 0.0000, -293.0417, -1748.0618, 0.0000, 25, 12, 30
L -293.0417, -1748.0618, 0.0000, -279.0869, -1746.9382, 0.0000, 25, 12, 30
L -279.0869, -1746.9382, 0.0000, -272.2226, -1832.1882, 0.0000, 25, 12, 30
L -272.2226, -1832.1882, 0.0000, -286.1774, -1833.3118, 0.0000, 25, 12, 30
L -298.1774, -1845.3118, 0.0000, -286.1774, -1833.3118, 0.0000, 25, 12, 30
L -305.0417, -1760.0618, 0.0000, -293.0417, -1748.0618, 0.0000, 25, 12, 30
L -291.0869, -1758.9382, 0.0000, -279.0869, -1746.9382, 0.0000, 25, 12, 30
L -284.2226, -1844.1882, 0.0000, -272.2226, -1832.1882, 0.0000, 25, 12, 30
L -298.1774, -1845.3118, 0.0000, -305.0417, -1760.0618, 0.0000, 50, 25, 60
L -305.0417, -1760.0618, 0.0000, -291.0869, -1758.9382, 0.0000, 50, 25, 60
L -291.0869, -1758.9382, 0.0000, -284.2226, -1844.1882, 0.0000, 50, 25, 60
L -284.2226, -1844.1882, 0.0000, -298.1774, -1845.3118, 0.0000, 50, 25, 60
L -291.2000, -1844.7500, 0.0000, -298.0643, -1759.5000, 0.0000, 50, 25, 60
L -288.7228, -1753.9755, 0.0000, -326.4764, -1738.4755, 0.0000, 25, 12, 30
L -326.4764, -1738.4755, 0.0000, -321.1593, -1725.5245, 0.0000, 25, 12, 30
L -321.1593, -1725.5245, 0.0000, -283.4057, -1741.0245, 0.0000, 25, 12, 30
L -283.4057, -1741.0245, 0.0000, -288.7228, -1753.9755, 0.0000, 25, 12, 30
L -300.7228, -1765.9755, 0.0000, -288.7228, -1753.9755, 0.0000, 25, 12, 30
L -338.4764, -1750.4755, 0.0000, -326.4764, -1738.4755, 0.0000, 25, 12, 30
L -333.1593, -1737.5245, 0.0000, -321.1593, -1725.5245, 0.0000, 25, 12, 30
L -295.4057, -1753.0245, 0.0000, -283.4057, -1741.0245, 0.0000, 25, 12, 30
L -300.7228, -1765.9755, 0.0000, -338.4764, -1750.4755, 0.0000, 50, 25, 60
L -338.4764, -1750.4755, 0.0000, -333.1593, -1737.5245, 0.0000, 50, 25, 60
L -333.1593, -1737.5245, 0.0000, -295.4057, -1753.0245, 0.0000, 50, 25, 60
L -295.4057, -1753.0245, 0.0000, -300.7228, -1765.9755, 0.0000, 50, 25, 60
L -298.0643, -1759.5000, 0.0000, -335.8179, -1744.0000, 0.0000, 50, 25, 60
L -330.7989, -1731.4847, 0.0000, -323.9346, -1638.4847, 0.0000, 25, 12, 30
L -323.9346, -1638.4847, 0.0000, -309.9726, -1639.5153, 0.0000, 25, 12, 30
L -309.9726, -1639.5153, 0.0000, -316.8368, -1732.5153, 0.0000, 25, 12, 30
L -316.8368, -1732.5153, 0.0000, -330.7989, -1731.4847, 0.0000, 25, 12, 30
L -342.7989, -1743.4847, 0.0000, -330.7989, -1731.4847, 0.0000, 25, 12, 30
L -335.9346, -1650.4847, 0.0000, -323.9346, -1638.4847, 0.0000, 25, 12, 30
L -321.9726, -1651.5153, 0.0000, -309.9726, -1639.5153, 0.0000, 25, 12, 30
L -328.8368, -1744.5153, 0.0000, -316.8368, -1732.5153, 0.0000, 25, 12, 30
L -342.7989, -1743.4847, 0.0000, -335.9346, -1650.4847, 0.0000, 50, 25, 60
L -335.9346, -1650.4847, 0.0000, -321.9726, -1651.5153, 0.0000, 50, 25, 60
L -321.9726, -1651.5153, 0.0000, -328.8368, -1744.5153, 0.0000, 50, 25, 60
L -328.8368, -1744.5153, 0.0000, -342.7989, -1743.4847, 0.0000, 50, 25, 60
L -335.8179, -1744.0000, 0.0000, -328.9536, -1651.0000, 0.0000, 50, 25, 60
L -211.6497, -1638.2297, 0.0000, -187.6247, -1855.2297, 0.0000, 25, 12, 30
L -187.6247, -1855.2297, 0.0000, -201.5396, -1856.7703, 0.0000, 25, 12, 30
L -201.5396, -1856.7703, 0.0000, -225.5646, -1639.7703, 0.0000, 25, 12, 30
L -225.5646, -1639.7703, 0.0000, -211.6497, -1638.2297, 0.0000, 25, 12, 30
L -223.6497, -1650.2297, 0.0000, -211.6497, -1638.2297, 0.0000, 25, 12, 30
L -199.6247, -1867.2297, 0.0000, -187.6247, -1855.2297, 0.0000, 25, 12, 30
L -213.5396, -1868.7703, 0.0000, -201.5396, -1856.7703, 0.0000, 25, 12, 30
L -237.5646, -1651.7703, 0.0000, -225.5646, -1639.7703, 0.0000, 25, 12, 30
L -223.6497, -1650.2297, 0.0000, -199.6247, -1867.2297, 0.0000, 50, 25, 60
L -199.6247, -1867.2297, 0.0000, -213.5396, -1868.7703, 0.0000, 50, 25, 60
L -213.5396, -1868.7703, 0.0000, -237.5646, -1651.7703, 0.0000, 50, 25, 60
L -237.5646, -1651.7703, 0.0000, -223.6497, -1650.2297, 0.0000, 50, 25, 60
L -230.6071, -1651.0000, 0.0000, -206.5821, -1868.0000, 0.0000, 50, 25, 60
L -201.5396, -1855.2297, 0.0000, -177.5146, -1638.2297, 0.0000, 25, 12, 30
L -177.5146, -1638.2297, 0.0000, -163.5997, -1639.7703, 0.0000, 25, 12, 30
L -163.5997, -1639.7703, 0.0000, -187.6247, -1856.7703, 0.0000, 25, 12, 30
L -187.6247, -1856.7703, 0.0000, -201.5396, -1855.2297, 0.0000, 25, 12, 30
L -213.5396, -1867.2297, 0.0000, -201.5396, -1855.2297, 0.0000, 25, 12, 30
L -189.5146, -1650.2297, 0.0000, -177.5146, -1638.2297, 0.0000, 25, 12, 30
L -175.5997, -1651.7703, 0.0000, -163.5997, -1639.7703, 0.0000, 25, 12, 30
L -199.6247, -1868.7703, 0.0000, -187.6247, -1856.7703, 0.0000, 25, 12, 30
L -213.5396, -1867.2297, 0.0000, -189.5146, -1650.2297, 0.0000, 50, 25, 60
L -189.5146, -1650.2297, 0.0000, -175.5997, -1651.7703, 0.0000, 50, 25, 60
L -175.5997, -1651.7703, 0.0000, -199.6247, -1868.7703, 0.0000, 50, 25, 60
L -199.6247, -1868.7703, 0.0000, -213.5396, -1867.2297, 0.0000, 50, 25, 60
L -206.5821, -1868.0000, 0.0000, -182.5571, -1651.0000, 0.0000, 50, 25, 60
L -210.3700, -1709.5000, 0.0000, -178.7943, -1709.5000, 0.0000, 25, 12, 30
L -178.7943, -1709.5000, 0.0000, -178.7943, -1723.5000, 0.0000, 25, 12, 30
L -178.7943, -1723.5000, 0.0000, -210.3700, -1723.5000, 0.0000, 25, 12, 30
L -210.3700, -1723.5000, 0.0000, -210.3700, -1709.5000, 0.0000, 25, 12, 30
L -222.3700, -1721.5000, 0.0000, -210.3700, -1709.5000, 0.0000, 25, 12, 30
L -190.7943, -1721.5000, 0.0000, -178.7943, -1709.5000, 0.0000, 25, 12, 30
L -190.7943, -1735.5000, 0.0000, -178.7943, -1723.5000, 0.0000, 25, 12, 30
L -222.3700, -1735.5000, 0.0000, -210.3700, -1723.5000, 0.0000, 25, 12, 30
L -222.3700, -1721.5000, 0.0000, -190.7943, -1721.5000, 0.0000, 50, 25, 60
L -190.7943, -1721.5000, 0.0000, -190.7943, -1735.5000, 0.0000, 50, 25, 60
L -190.7943, -1735.5000, 0.0000, -222.3700, -1735.5000, 0.0000, 50, 25, 60
L -222.3700, -1735.5000, 0.0000, -222.3700, -1721.5000, 0.0000, 50, 25, 60
L -222.3700, -1728.5000, 0.0000, -190.7943, -1728.5000, 0.0000, 50, 25, 60
L -201.5548, -1855.3824, 0.0000, -194.6906, -1777.8824, 0.0000, 25, 12, 30
L -194.6906, -1777.8824, 0.0000, -180.7452, -1779.1176, 0.0000, 25, 12, 30
L -180.7452, -1779.1176, 0.0000, -187.6094, -1856.6176, 0.0000, 25, 12, 30
L -187.6094, -1856.6176, 0.0000, -201.5548, -1855.3824, 0.0000, 25, 12, 30
L -213.5548, -1867.3824, 0.0000, -201.5548, -1855.3824, 0.0000, 25, 12, 30
L -206.6906, -1789.8824, 0.0000, -194.6906, -1777.8824, 0.0000, 25, 12, 30
L -192.7452, -1791.1176, 0.0000, -180.7452, -1779.1176, 0.0000, 25, 12, 30
L -199.6094, -1868.6176, 0.0000, -187.6094, -1856.6176, 0.0000, 25, 12, 30
L -213.5548, -1867.3824, 0.0000, -206.6906, -1789.8824, 0.0000, 50, 25, 60
L -206.6906, -1789.8824, 0.0000, -192.7452, -1791.1176, 0.0000, 50, 25, 60
L -192.7452, -1791.1176, 0.0000, -199.6094, -1868.6176, 0.0000, 50, 25, 60
L -199.6094, -1868.6176, 0.0000, -213.5548, -1867.3824, 0.0000, 50, 25, 60
L -206.5821, -1868.0000, 0.0000, -199.7179, -1790.5000, 0.0000, 50, 25, 60
L -96.1140, -1638.5580, 0.0000, -82.3854, -1855.5580, 0.0000, 25, 12, 30
L -82.3854, -1855.5580, 0.0000, -96.3575, -1856.4420, 0.0000, 25, 12, 30
L -96.3575, -1856.4420, 0.0000, -110.0860, -1639.4420, 0.0000, 25, 12, 30
L -110.0860, -1639.4420, 0.0000, -96.1140, -1638.5580, 0.0000, 25, 12, 30
L -108.1140, -1650.5580, 0.0000, -96.1140, -1638.5580, 0.0000, 25, 12, 30
L -94.3854, -1867.5580, 0.0000, -82.3854, -1855.5580, 0.0000, 25, 12, 30
L -108.3575, -1868.4420, 0.0000, -96.3575, -1856.4420, 0.0000, 25, 12, 30
L -122.0860, -1651.4420, 0.0000, -110.0860, -1639.4420, 0.0000, 25, 12, 30
L -108.1140, -1650.5580, 0.0000, -94.3854, -1867.5580, 0.0000, 50, 25, 60
L -94.3854, -1867.5580, 0.0000, -108.3575, -1868.4420, 0.0000, 50, 25, 60
L -108.3575, -1868.4420, 0.0000, -122.0860, -1651.4420, 0.0000, 50, 25, 60
L -122.0860, -1651.4420, 0.0000, -108.1140, -1650.5580, 0.0000, 50, 25, 60
L -115.1000, -1651.0000, 0.0000, -101.3714, -1868.0000, 0.0000, 50, 25, 60
L -111.5061, -1849.1719, 0.0000, -77.1847, -1841.4219, 0.0000, 25, 12, 30
L -77.1847, -1841.4219, 0.0000, -74.1010, -1855.0781, 0.0000, 25, 12, 30
L -74.1010, -1855.0781, 0.0000, -108.4225, -1862.8281, 0.0000, 25, 12, 30
L -108.4225, -1862.8281, 0.0000, -111.5061, -1849.1719, 0.0000, 25, 12, 30
L -123.5061, -1861.1719, 0.0000, -111.5061, -1849.1719, 0.0000, 25, 12, 30
L -89.1847, -1853.4219, 0.0000, -77.1847, -1841.4219, 0.0000, 25, 12, 30
L -86.1010, -1867.0781, 0.0000, -74.1010, -1855.0781, 0.0000, 25, 12, 30
L -120.4225, -1874.8281, 0.0000, -108.4225, -1862.8281, 0.0000, 25, 12, 30
L -123.5061, -1861.1719, 0.0000, -89.1847, -1853.4219, 0.0000, 50, 25, 60
L -89.1847, -1853.4219, 0.0000, -86.1010, -1867.0781, 0.0000, 50, 25, 60
L -86.1010, -1867.0781, 0.0000, -120.4225, -1874.8281, 0.0000, 50, 25, 60
L -120.4225, -1874.8281, 0.0000, -123.5061, -1861.1719, 0.0000, 50, 25, 60
L -121.9643, -1868.0000, 0.0000, -87.6429, -1860.2500, 0.0000, 50, 25, 60
L -111.5061, -1639.9219, 0.0000, -77.1847, -1632.1719, 0.0000, 25, 12, 30
L -77.1847, -1632.1719, 0.0000, -74.1010, -1645.8281, 0.0000, 25, 12, 30
L -74.1010, -1645.8281, 0.0000, -108.4225, -1653.5781, 0.0000, 25, 12, 30
L -108.4225, -1653.5781, 0.0000, -111.5061, -1639.9219, 0.0000, 25, 12, 30
L -123.5061, -1651.9219, 0.0000, -111.5061, -1639.9219, 0.0000, 25, 12, 30
L -89.1847, -1644.1719, 0.0000, -77.1847, -1632.1719, 0.0000, 25, 12, 30
L -86.1010, -1657.8281, 0.0000, -74.1010, -1645.8281, 0.0000, 25, 12, 30
L -120.4225, -1665.5781, 0.0000, -108.4225, -1653.5781, 0.0000, 25, 12, 30
L -123.5061, -1651.9219, 0.0000, -89.1847, -1644.1719, 0.0000, 50, 25, 60
L -89.1847, -1644.1719, 0.0000, -86.1010, -1657.8281, 0.0000, 50, 25, 60
L -86.1010, -1657.8281, 0.0000, -120.4225, -1665.5781, 0.0000, 50, 25, 60
L -120.4225, -1665.5781, 0.0000, -123.5061, -1651.9219, 0.0000, 50, 25, 60
L -121.9643, -1658.7500, 0.0000, -87.6429, -1651.0000, 0.0000, 50, 25, 60
L 5.6751, -1638.7787, 0.0000, 12.5394, -1855.7787, 0.0000, 25, 12, 30
L 12.5394, -1855.7787, 0.0000, -1.4536, -1856.2213, 0.0000, 25, 12, 30
L -1.4536, -1856.2213, 0.0000, -8.3179, -1639.2213, 0.0000, 25, 12, 30
L -8.3179, -1639.2213, 0.0000, 5.6751, -1638.7787, 0.0000, 25, 12, 30
L -6.3249, -1650.7787, 0.0000, 5.6751, -1638.7787, 0.0000, 25, 12, 30
L 0.5394, -1867.7787, 0.0000, 12.5394, -1855.7787, 0.0000, 25, 12, 30
L -13.4536, -1868.2213, 0.0000, -1.4536, -1856.2213, 0.0000, 25, 12, 30
L -20.3179, -1651.2213, 0.0000, -8.3179, -1639.2213, 0.0000, 25, 12, 30
L -6.3249, -1650.7787, 0.0000, 0.5394, -1867.7787, 0.0000, 50, 25, 60
L 0.5394, -1867.7787, 0.0000, -13.4536, -1868.2213, 0.0000, 50, 25, 60
L -13.4536, -1868.2213, 0.0000, -20.3179, -1651.2213, 0.0000, 50, 25, 60
L -20.3179, -1651.2213, 0.0000, -6.3249, -1650.7787, 0.0000, 50, 25, 60
L -13.3214, -1651.0000, 0.0000, -6.4571, -1868.0000, 0.0000, 50, 25, 60
L -1.3279, -1854.6612, 0.0000, 36.4257, -1660.9112, 0.0000, 25, 12, 30
L 36.4257, -1660.9112, 0.0000, 50.1672, -1663.5888, 0.0000, 25, 12, 30
L 50.1672, -1663.5888, 0.0000, 12.4136, -1857.3388, 0.0000, 25, 12, 30
L 12.4136, -1857.3388, 0.0000, -1.3279, -1854.6612, 0.0000, 25, 12, 30
L -13.3279, -1866.6612, 0.0000, -1.3279, -1854.6612, 0.0000, 25, 12, 30
L 24.4257, -1672.9112, 0.0000, 36.4257, -1660.9112, 0.0000, 25, 12, 30
L 38.1672, -1675.5888, 0.0000, 50.1672, -1663.5888, 0.0000, 25, 12, 30
L 0.4136, -1869.3388, 0.0000, 12.4136, -1857.3388, 0.0000, 25, 12, 30
L -13.3279, -1866.6612, 0.0000, 24.4257, -1672.9112, 0.0000, 50, 25, 60
L 24.4257, -1672.9112, 0.0000, 38.1672, -1675.5888, 0.0000, 50, 25, 60
L 38.1672, -1675.5888, 0.0000, 0.4136, -1869.3388, 0.0000, 50, 25, 60
L 0.4136, -1869.3388, 0.0000, -13.3279, -1866.6612, 0.0000, 50, 25, 60
L -6.4571, -1868.0000, 0.0000, 31.2964, -1674.2500, 0.0000, 50, 25, 60
L 50.2920, -1662.0022, 0.0000, 57.1563, -1855.7522, 0.0000, 25, 12, 30
L 57.1563, -1855.7522, 0.0000, 43.1651, -1856.2478, 0.0000, 25, 12, 30
L 43.1651, -1856.2478, 0.0000, 36.3008, -1662.4978, 0.0000, 25, 12, 30
L 36.3008, -1662.4978, 0.0000, 50.2920, -1662.0022, 0.0000, 25, 12, 30
L 38.2920, -1674.0022, 0.0000, 50.2920, -1662.0022, 0.0000, 25, 12, 30
L 45.1563, -1867.7522, 0.0000, 57.1563, -1855.7522, 0.0000, 25, 12, 30
L 31.1651, -1868.2478, 0.0000, 43.1651, -1856.2478, 0.0000, 25, 12, 30
L 24.3008, -1674.4978, 0.0000, 36.3008, -1662.4978, 0.0000, 25, 12, 30
L 38.2920, -1674.0022, 0.0000, 45.1563, -1867.7522, 0.0000, 50, 25, 60
L 45.1563, -1867.7522, 0.0000, 31.1651, -1868.2478, 0.0000, 50, 25, 60
L 31.1651, -1868.2478, 0.0000, 24.3008, -1674.4978, 0.0000, 50, 25, 60
L 24.3008, -1674.4978, 0.0000, 38.2920, -1674.0022, 0.0000, 50, 25, 60
L 31.2964, -1674.2500, 0.0000, 38.1607, -1868.0000, 0.0000, 50, 25, 60
L 43.1624, -1856.1550, 0.0000, 38.3574, -1639.1550, 0.0000, 25, 12, 30
L 38.3574, -1639.1550, 0.0000, 52.3540, -1638.8450, 0.0000, 25, 12, 30
L 52.3540, -1638.8450, 0.0000, 57.1590, -1855.8450, 0.0000, 25, 12, 30
L 57.1590, -1855.8450, 0.0000, 43.1624, -1856.1550, 0.0000, 25, 12, 30
L 31.1624, -1868.1550, 0.0000, 43.1624, -1856.1550, 0.0000, 25, 12, 30
L 26.3574, -1651.1550, 0.0000, 38.3574, -1639.1550, 0.0000, 25, 12, 30
L 40.3540, -1650.8450, 0.0000, 52.3540, -1638.8450, 0.0000, 25, 12, 30
L 45.1590, -1867.8450, 0.0000, 57.1590, -1855.8450, 0.0000, 25, 12, 30
L 31.1624, -1868.1550, 0.0000, 26.3574, -1651.1550, 0.0000, 50, 25, 60
L 26.3574, -1651.1550, 0.0000, 40.3540, -1650.8450, 0.0000, 50, 25, 60
L 40.3540, -1650.8450, 0.0000, 45.1590, -1867.8450, 0.0000, 50, 25, 60
L 45.1590, -1867.8450, 0.0000, 31.1624, -1868.1550, 0.0000, 50, 25, 60
L 38.1607, -1868.0000, 0.0000, 33.3557, -1651.0000, 0.0000, 50, 25, 60
L 121.1822, -1639.2213, 0.0000, 114.3179, -1856.2213, 0.0000, 25, 12, 30
L 114.3179, -1856.2213, 0.0000, 100.3249, -1855.7787, 0.0000, 25, 12, 30
L 100.3249, -1855.7787, 0.0000, 107.1892, -1638.7787, 0.0000, 25, 12, 30
L 107.1892, -1638.7787, 0.0000, 121.1822, -1639.2213, 0.0000, 25, 12, 30
L 109.1822, -1651.2213, 0.0000, 121.1822, -1639.2213, 0.0000, 25, 12, 30
L 102.3179, -1868.2213, 0.0000, 114.3179, -1856.2213, 0.0000, 25, 12, 30
L 88.3249, -1867.7787, 0.0000, 100.3249, -1855.7787, 0.0000, 25, 12, 30
L 95.1892, -1650.7787, 0.0000, 107.1892, -1638.7787, 0.0000, 25, 12, 30
L 109.1822, -1651.2213, 0.0000, 102.3179, -1868.2213, 0.0000, 50, 25, 60
L 102.3179, -1868.2213, 0.0000, 88.3249, -1867.7787, 0.0000, 50, 25, 60
L 88.3249, -1867.7787, 0.0000, 95.1892, -1650.7787, 0.0000, 50, 25, 60
L 95.1892, -1650.7787, 0.0000, 109.1822, -1651.2213, 0.0000, 50, 25, 60
L 102.1857, -1651.0000, 0.0000, 95.3214, -1868.0000, 0.0000, 50, 25, 60
L 105.0243, -1849.3876, 0.0000, 149.6422, -1833.8876, 0.0000, 25, 12, 30
L 149.6422, -1833.8876, 0.0000, 154.2364, -1847.1124, 0.0000, 25, 12, 30
L 154.2364, -1847.1124, 0.0000, 109.6185, -1862.6124, 0.0000, 25, 12, 30
L 109.6185, -1862.6124, 0.0000, 105.0243, -1849.3876, 0.0000, 25, 12, 30
L 93.0243, -1861.3876, 0.0000, 105.0243, -1849.3876, 0.0000, 25, 12, 30
L 137.6422, -1845.8876, 0.0000, 149.6422, -1833.8876, 0.0000, 25, 12, 30
L 142.2364, -1859.1124, 0.0000, 154.2364, -1847.1124, 0.0000, 25, 12, 30
L 97.6185, -1874.6124, 0.0000, 109.6185, -1862.6124, 0.0000, 25, 12, 30
L 93.0243, -1861.3876, 0.0000, 137.6422, -1845.8876, 0.0000, 50, 25, 60
L 137.6422, -1845.8876, 0.0000, 142.2364, -1859.1124, 0.0000, 50, 25, 60
L 142.2364, -1859.1124, 0.0000, 97.6185, -1874.6124, 0.0000, 50, 25, 60
L 97.6185, -1874.6124, 0.0000, 93.0243, -1861.3876, 0.0000, 50, 25, 60
L 95.3214, -1868.0000, 0.0000, 139.9393, -1852.5000, 0.0000, 50, 25, 60
L 107.7457, -1740.6936, 0.0000, 140.0078, -1732.9436, 0.0000, 25, 12, 30
L 140.0078, -1732.9436, 0.0000, 143.2779, -1746.5564, 0.0000, 25, 12, 30
L 143.2779, -1746.5564, 0.0000, 111.0157, -1754.3064, 0.0000, 25, 12, 30
L 111.0157, -1754.3064, 0.0000, 107.7457, -1740.6936, 0.0000, 25, 12, 30
L 95.7457, -1752.6936, 0.0000, 107.7457, -1740.6936, 0.0000, 25, 12, 30
L 128.0078, -1744.9436, 0.0000, 140.0078, -1732.9436, 0.0000, 25, 12, 30
L 131.2779, -1758.5564, 0.0000, 143.2779, -1746.5564, 0.0000, 25, 12, 30
L 99.0157, -1766.3064, 0.0000, 111.0157, -1754.3064, 0.0000, 25, 12, 30
L 95.7457, -1752.6936, 0.0000, 128.0078, -1744.9436, 0.0000, 50, 25, 60
L 128.0078, -1744.9436, 0.0000, 131.2779, -1758.5564, 0.0000, 50, 25, 60
L 131.2779, -1758.5564, 0.0000, 99.0157, -1766.3064, 0.0000, 50, 25, 60
L 99.0157, -1766.3064, 0.0000, 95.7457, -1752.6936, 0.0000, 50, 25, 60
L 97.3807, -1759.5000, 0.0000, 129.6429, -1751.7500, 0.0000, 50, 25, 60
L 116.6513, -1632.4486, 0.0000, 157.8370, -1647.9486, 0.0000, 25, 12, 30
L 157.8370, -1647.9486, 0.0000, 152.9058, -1661.0514, 0.0000, 25, 12, 30
L 152.9058, -1661.0514, 0.0000, 111.7201, -1645.5514, 0.0000, 25, 12, 30
L 111.7201, -1645.5514, 0.0000, 116.6513, -1632.4486, 0.0000, 25, 12, 30
L 104.6513, -1644.4486, 0.0000, 116.6513, -1632.4486, 0.0000, 25, 12, 30
L 145.8370, -1659.9486, 0.0000, 157.8370, -1647.9486, 0.0000, 25, 12, 30
L 140.9058, -1673.0514, 0.0000, 152.9058, -1661.0514, 0.0000, 25, 12, 30
L 99.7201, -1657.5514, 0.0000, 111.7201, -1645.5514, 0.0000, 25, 12, 30
L 104.6513, -1644.4486, 0.0000, 145.8370, -1659.9486, 0.0000, 50, 25, 60
L 145.8370, -1659.9486, 0.0000, 140.9058, -1673.0514, 0.0000, 50, 25, 60
L 140.9058, -1673.0514, 0.0000, 99.7201, -1657.5514, 0.0000, 50, 25, 60
L 99.7201, -1657.5514, 0.0000, 104.6513, -1644.4486, 0.0000, 50, 25, 60
L 102.1857, -1651.0000, 0.0000, 143.3714, -1666.5000, 0.0000, 50, 25, 60
L 229.8251, -1639.2213, 0.0000, 222.9608, -1856.2213, 0.0000, 25, 12, 30
L 222.9608, -1856.2213, 0.0000, 208.9678, -1855.7787, 0.0000, 25, 12, 30
L 208.9678, -1855.7787, 0.0000, 215.8321, -1638.7787, 0.0000, 25, 12, 30
L 215.8321, -1638.7787, 0.0000, 229.8251, -1639.2213, 0.0000, 25, 12, 30
L 217.8251, -1651.2213, 0.0000, 229.8251, -1639.2213, 0.0000, 25, 12, 30
L 210.9608, -1868.2213, 0.0000, 222.9608, -1856.2213, 0.0000, 25, 12, 30
L 196.9678, -1867.7787, 0.0000, 208.9678, -1855.7787, 0.0000, 25, 12, 30
L 203.8321, -1650.7787, 0.0000, 215.8321, -1638.7787, 0.0000, 25, 12, 30
L 217.8251, -1651.2213, 0.0000, 210.9608, -1868.2213, 0.0000, 50, 25, 60
L 210.9608, -1868.2213, 0.0000, 196.9678, -1867.7787, 0.0000, 50, 25, 60
L 196.9678, -1867.7787, 0.0000, 203.8321, -1650.7787, 0.0000, 50, 25, 60
L 203.8321, -1650.7787, 0.0000, 217.8251, -1651.2213, 0.0000, 50, 25, 60
L 210.8286, -1651.0000, 0.0000, 203.9643, -1868.0000, 0.0000, 50, 25, 60
L 213.6672, -1849.3876, 0.0000, 258.2850, -1833.8876, 0.0000, 25, 12, 30
L 258.2850, -1833.8876, 0.0000, 262.8792, -1847.1124, 0.0000, 25, 12, 30
L 262.8792, -1847.1124, 0.0000, 218.2614, -1862.6124, 0.0000, 25, 12, 30
L 218.2614, -1862.6124, 0.0000, 213.6672, -1849.3876, 0.0000, 25, 12, 30
L 201.6672, -1861.3876, 0.0000, 213.6672, -1849.3876, 0.0000, 25, 12, 30
L 246.2850, -1845.8876, 0.0000, 258.2850, -1833.8876, 0.0000, 25, 12, 30
L 250.8792, -1859.1124, 0.0000, 262.8792, -1847.1124, 0.0000, 25, 12, 30
L 206.2614, -1874.6124, 0.0000, 218.2614, -1862.6124, 0.0000, 25, 12, 30
L 201.6672, -1861.3876, 0.0000, 246.2850, -1845.8876, 0.0000, 50, 25, 60
L 246.2850, -1845.8876, 0.0000, 250.8792, -1859.1124, 0.0000, 50, 25, 60
L 250.8792, -1859.1124, 0.0000, 206.2614, -1874.6124, 0.0000, 50, 25, 60
L 206.2614, -1874.6124, 0.0000, 201.6672, -1861.3876, 0.0000, 50, 25, 60
L 203.9643, -1868.0000, 0.0000, 248.5821, -1852.5000, 0.0000, 50, 25, 60
L 216.3885, -1740.6936, 0.0000, 248.6507, -1732.9436, 0.0000, 25, 12, 30
L 248.6507, -1732.9436, 0.0000, 251.9207, -1746.5564, 0.0000, 25, 12, 30
L 251.9207, -1746.5564, 0.0000, 219.6586, -1754.3064, 0.0000, 25, 12, 30
L 219.6586, -1754.3064, 0.0000, 216.3885, -1740.6936, 0.0000, 25, 12, 30
L 204.3885, -1752.6936, 0.0000, 216.3885, -1740.6936, 0.0000, 25, 12, 30
L 236.6507, -1744.9436, 0.0000, 248.6507, -1732.9436, 0.0000, 25, 12, 30
L 239.9207, -1758.5564, 0.0000, 251.9207, -1746.5564, 0.0000, 25, 12, 30
L 207.6586, -1766.3064, 0.0000, 219.6586, -1754.3064, 0.0000, 25, 12, 30
L 204.3885, -1752.6936, 0.0000, 236.6507, -1744.9436, 0.0000, 50, 25, 60
L 236.6507, -1744.9436, 0.0000, 239.9207, -1758.5564, 0.0000, 50, 25, 60
L 239.9207, -1758.5564, 0.0000, 207.6586, -1766.3064, 0.0000, 50, 25, 60
L 207.6586, -1766.3064, 0.0000, 204.3885, -1752.6936, 0.0000, 50, 25, 60
L 206.0236, -1759.5000, 0.0000, 238.2857, -1751.7500, 0.0000, 50, 25, 60
L 225.2942, -1632.4486, 0.0000, 266.4799, -1647.9486, 0.0000, 25, 12, 30
L 266.4799, -1647.9486, 0.0000, 261.5487, -1661.0514, 0.0000, 25, 12, 30
L 261.5487, -1661.0514, 0.0000, 220.3630, -1645.5514, 0.0000, 25, 12, 30
L 220.3630, -1645.5514, 0.0000, 225.2942, -1632.4486, 0.0000, 25, 12, 30
L 213.2942, -1644.4486, 0.0000, 225.2942, -1632.4486, 0.0000, 25, 12, 30
L 254.4799, -1659.9486, 0.0000, 266.4799, -1647.9486, 0.0000, 25, 12, 30
L 249.5487, -1673.0514, 0.0000, 261.5487, -1661.0514, 0.0000, 25, 12, 30
L 208.3630, -1657.5514, 0.0000, 220.3630, -1645.5514, 0.0000, 25, 12, 30
L 213.2942, -1644.4486, 0.0000, 254.4799, -1659.9486, 0.0000, 50, 25, 60
L 254.4799, -1659.9486, 0.0000, 249.5487, -1673.0514, 0.0000, 50, 25, 60
L 249.5487, -1673.0514, 0.0000, 208.3630, -1657.5514, 0.0000, 50, 25, 60
L 208.3630, -1657.5514, 0.0000, 213.2942, -1644.4486, 0.0000, 50, 25, 60
L 210.8286, -1651.0000, 0.0000, 252.0143, -1666.5000, 0.0000, 50, 25, 60
L 327.9114, -1856.3318, 0.0000, 317.6150, -1639.3318, 0.0000, 25, 12, 30
L 317.6150, -1639.3318, 0.0000, 331.5993, -1638.6682, 0.0000, 25, 12, 30
L 331.5993, -1638.6682, 0.0000, 341.8957, -1855.6682, 0.0000, 25, 12, 30
L 341.8957, -1855.6682, 0.0000, 327.9114, -1856.3318, 0.0000, 25, 12, 30
L 315.9114, -1868.3318, 0.0000, 327.9114, -1856.3318, 0.0000, 25, 12, 30
L 305.6150, -1651.3318, 0.0000, 317.6150, -1639.3318, 0.0000, 25, 12, 30
L 319.5993, -1650.6682, 0.0000, 331.5993, -1638.6682, 0.0000, 25, 12, 30
L 329.8957, -1867.6682, 0.0000, 341.8957, -1855.6682, 0.0000, 25, 12, 30
L 315.9114, -1868.3318, 0.0000, 305.6150, -1651.3318, 0.0000, 50, 25, 60
L 305.6150, -1651.3318, 0.0000, 319.5993, -1650.6682, 0.0000, 50, 25, 60
L 319.5993, -1650.6682, 0.0000, 329.8957, -1867.6682, 0.0000, 50, 25, 60
L 329.8957, -1867.6682, 0.0000, 315.9114, -1868.3318, 0.0000, 50, 25, 60
L 322.9036, -1868.0000, 0.0000, 312.6071, -1651.0000, 0.0000, 50, 25, 60
L 327.3006, -1632.5389, 0.0000, 371.9184, -1651.1389, 0.0000, 25, 12, 30
L 371.9184, -1651.1389, 0.0000, 366.5316, -1664.0611, 0.0000, 25, 12, 30
L 366.5316, -1664.0611, 0.0000, 321.9137, -1645.4611, 0.0000, 25, 12, 30
L 321.9137, -1645.4611, 0.0000, 327.3006, -1632.5389, 0.0000, 25, 12, 30
L 315.3006, -1644.5389, 0.0000, 327.3006, -1632.5389, 0.0000, 25, 12, 30
L 359.9184, -1663.1389, 0.0000, 371.9184, -1651.1389, 0.0000, 25, 12, 30
L 354.5316, -1676.0611, 0.0000, 366.5316, -1664.0611, 0.0000, 25, 12, 30
L 309.9137, -1657.4611, 0.0000, 321.9137, -1645.4611, 0.0000, 25, 12, 30
L 315.3006, -1644.5389, 0.0000, 359.9184, -1663.1389, 0.0000, 50, 25, 60
L 359.9184, -1663.1389, 0.0000, 354.5316, -1676.0611, 0.0000, 50, 25, 60
L 354.5316, -1676.0611, 0.0000, 309.9137, -1657.4611, 0.0000, 50, 25, 60
L 309.9137, -1657.4611, 0.0000, 315.3006, -1644.5389, 0.0000, 50, 25, 60
L 312.6071, -1651.0000, 0.0000, 357.2250, -1669.6000, 0.0000, 50, 25, 60
L 475.0000, -560.0000, 0.0000, 471.4222, -532.8240, 0.0000, 90, 40, 120
L 471.4222, -532.8240, 0.0000, 460.9327, -507.5000, 0.0000, 90, 40, 120
L 460.9327, -507.5000, 0.0000, 444.2462, -485.7538, 0.0000, 90, 40, 120
L 444.2462, -485.7538, 0.0000, 422.5000, -469.0673, 0.0000, 90, 40, 120
L 422.5000, -469.0673, 0.0000, 397.1760, -458.5778, 0.0000, 90, 40, 120
L 397.1760, -458.5778, 0.0000, 370.0000, -455.0000, 0.0000, 90, 40, 120
L 370.0000, -455.0000, 0.0000, 342.8240, -458.5778, 0.0000, 90, 40, 120
L 342.8240, -458.5778, 0.0000, 317.5000, -469.0673, 0.0000, 90, 40, 120
L 317.5000, -469.0673, 0.0000, 295.7538, -485.7538, 0.0000, 90, 40, 120
L 295.7538, -485.7538, 0.0000, 279.0673, -507.5000, 0.0000, 90, 40, 120
L 279.0673, -507.5000, 0.0000, 268.5778, -532.8240, 0.0000, 90, 40, 120
L 268.5778, -532.8240, 0.0000, 265.0000, -560.0000, 0.0000, 90, 40, 120
L 265.0000, -560.0000, 0.0000, 268.5778, -587.1760, 0.0000, 90, 40, 120
L 268.5778, -587.1760, 0.0000, 279.0673, -612.5000, 0.0000, 90, 40, 120
L 279.0673, -612.5000, 0.0000, 295.7538, -634.2462, 0.0000, 90, 40, 120
L 295.7538, -634.2462, 0.0000, 317.5000, -650.9327, 0.0000, 90, 40, 120
L 317.5000, -650.9327, 0.0000, 342.8240, -661.4222, 0.0000, 90, 40, 120
L 342.8240, -661.4222, 0.0000, 370.0000, -665.0000, 0.0000, 90, 40, 120
L 370.0000, -665.0000, 0.0000, 397.1760, -661.4222, 0.0000, 90, 40, 120
L 397.1760, -661.4222, 0.0000, 422.5000, -650.9327, 0.0000, 90, 40, 120
L 422.5000, -650.9327, 0.0000, 444.2462, -634.2462, 0.0000, 90, 40, 120
L 444.2462, -634.2462, 0.0000, 460.9327, -612.5000, 0.0000, 90, 40, 120
L 460.9327, -612.5000, 0.0000, 471.4222, -587.1760, 0.0000, 90, 40, 120
L 471.4222, -587.1760, 0.0000, 475.0000, -560.0000, 0.0000, 90, 40, 120
L 433.0000, -560.0000, 0.0000, 430.8533, -543.6944, 0.0000, 90, 40, 120
L 430.8533, -543.6944, 0.0000, 424.5596, -528.5000, 0.0000, 90, 40, 120
L 424.5596, -528.5000, 0.0000, 414.5477, -515.4523, 0.0000, 90, 40, 120
L 414.5477, -515.4523, 0.0000, 401.5000, -505.4404, 0.0000, 90, 40, 120
L 401.5000, -505.4404, 0.0000, 386.3056, -499.1467, 0.0000, 90, 40, 120
L 386.3056, -499.1467, 0.0000, 370.0000, -497.0000, 0.0000, 90, 40, 120
L 370.0000, -497.0000, 0.0000, 353.6944, -499.1467, 0.0000, 90, 40, 120
L 353.6944, -499.1467, 0.0000, 338.5000, -505.4404, 0.0000, 90, 40, 120
L 338.5000, -505.4404, 0.0000, 325.4523, -515.4523, 0.0000, 90, 40, 120
L 325.4523, -515.4523, 0.0000, 315.4404, -528.5000, 0.0000, 90, 40, 120
L 315.4404, -528.5000, 0.0000, 309.1467, -543.6944, 0.0000, 90, 40, 120
L 309.1467, -543.6944, 0.0000, 307.0000, -560.0000, 0.0000, 90, 40, 120
L 307.0000, -560.0000, 0.0000, 309.1467, -576.3056, 0.0000, 90, 40, 120
L 309.1467, -576.3056, 0.0000, 315.4404, -591.5000, 0.0000, 90, 40, 120
L 315.4404, -591.5000, 0.0000, 325.4523, -604.5477, 0.0000, 90, 40, 120
L 325.4523, -604.5477, 0.0000, 338.5000, -614.5596, 0.0000, 90, 40, 120
L 338.5000, -614.5596, 0.0000, 353.6944, -620.8533, 0.0000, 90, 40, 120
L 353.6944, -620.8533, 0.0000, 370.0000, -623.0000, 0.0000, 90, 40, 120
L 370.0000, -623.0000, 0.0000, 386.3056, -620.8533, 0.0000, 90, 40, 120
L 386.3056, -620.8533, 0.0000, 401.5000, -614.5596, 0.0000, 90, 40, 120
L 401.5000, -614.5596, 0.0000, 414.5477, -604.5477, 0.0000, 90, 40, 120
L 414.5477, -604.5477, 0.0000, 424.5596, -591.5000, 0.0000, 90, 40, 120
L 424.5596, -591.5000, 0.0000, 430.8533, -576.3056, 0.0000, 90, 40, 120
L 430.8533, -576.3056, 0.0000, 433.0000, -560.0000, 0.0000, 90, 40, 120
L 370.0000, -560.0000, 0.0000, 382.6000, -596.7500, 0.0000, 90, 40, 120
L 382.6000, -596.7500, 0.0000, 370.0000, -665.0000, 0.0000, 90, 40, 120
L 370.0000, -560.0000, 0.0000, 357.4000, -596.7500, 0.0000, 90, 40, 120
L 357.4000, -596.7500, 0.0000, 370.0000, -665.0000, 0.0000, 90, 40, 120
L 370.0000, -560.0000, 0.0000, 357.4000, -523.2500, 0.0000, 90, 40, 120
L 357.4000, -523.2500, 0.0000, 370.0000, -455.0000, 0.0000, 90, 40, 120
L 370.0000, -560.0000, 0.0000, 382.6000, -523.2500, 0.0000, 90, 40, 120
L 382.6000, -523.2500, 0.0000, 370.0000, -455.0000, 0.0000, 90, 40, 120
L 370.0000, -560.0000, 0.0000, 406.7500, -547.4000, 0.0000, 90, 40, 120
L 406.7500, -547.4000, 0.0000, 475.0000, -560.0000, 0.0000, 90, 40, 120
L 370.0000, -560.0000, 0.0000, 406.7500, -572.6000, 0.0000, 90, 40, 120
L 406.7500, -572.6000, 0.0000, 475.0000, -560.0000, 0.0000, 90, 40, 120
L 370.0000, -560.0000, 0.0000, 333.2500, -572.6000, 0.0000, 90, 40, 120
L 333.2500, -572.6000, 0.0000, 265.0000, -560.0000, 0.0000, 90, 40, 120
L 370.0000, -560.0000, 0.0000, 333.2500, -547.4000, 0.0000, 90, 40, 120
L 333.2500, -547.4000, 0.0000, 265.0000, -560.0000, 0.0000, 90, 40, 120
L 370.0000, -560.0000, 0.0000, 421.9723, -508.0277, 0.0000, 90, 40, 120
L 370.0000, -560.0000, 0.0000, 318.0277, -508.0277, 0.0000, 90, 40, 120
L 370.0000, -560.0000, 0.0000, 318.0277, -611.9723, 0.0000, 90, 40, 120
L 370.0000, -560.0000, 0.0000, 421.9723, -611.9723, 0.0000, 90, 40, 120
P 370.0000, -689.0000, 0.0000, 50, 25, 60, 2, N
P 370.0000, -427.0000, 0.0000, 50, 25, 60, 2, S
P 499.0000, -560.0000, 0.0000, 50, 25, 60, 2, E
P 241.0000, -560.0000, 0.0000, 50, 25, 60, 2, W
L 404.7477, -1131.1314, 0.0000, 403.5659, -1121.8103, 0.0000, 60, 90, 50
L 403.5659, -1121.8103, 0.0000, 395.5629, -1114.6010, 0.0000, 60, 90, 50
L 395.5629, -1114.6010, 0.0000, 390.5834, -1106.8735, 0.0000, 60, 90, 50
L 390.5834, -1106.8735, 0.0000, 380.7659, -1104.3981, 0.0000, 60, 90, 50
L 380.7659, -1104.3981, 0.0000, 373.3116, -1097.8552, 0.0000, 60, 90, 50
L 373.3116, -1097.8552, 0.0000, 364.4475, -1098.3124, 0.0000, 60, 90, 50
L 364.4475, -1098.3124, 0.0000, 355.9335, -1098.5325, 0.0000, 60, 90, 50
L 355.9335, -1098.5325, 0.0000, 349.4285, -1105.6047, 0.0000, 60, 90, 50
L 349.4285, -1105.6047, 0.0000, 341.4621, -1108.8586, 0.0000, 60, 90, 50
L 341.4621, -1108.8586, 0.0000, 338.5611, -1117.1454, 0.0000, 60, 90, 50
L 338.5611, -1117.1454, 0.0000, 329.4016, -1124.5548, 0.0000, 60, 90, 50
L 329.4016, -1124.5548, 0.0000, 327.1849, -1133.6337, 0.0000, 60, 90, 50
L 327.1849, -1133.6337, 0.0000, 327.7340, -1143.8437, 0.0000, 60, 90, 50
L 327.7340, -1143.8437, 0.0000, 335.1733, -1152.1795, 0.0000, 60, 90, 50
L 335.1733, -1152.1795, 0.0000, 339.1564, -1160.2746, 0.0000, 60, 90, 50
L 339.1564, -1160.2746, 0.0000, 348.1996, -1163.3314, 0.0000, 60, 90, 50
L 348.1996, -1163.3314, 0.0000, 357.0187, -1170.1834, 0.0000, 60, 90, 50
L 357.0187, -1170.1834, 0.0000, 367.5587, -1170.1052, 0.0000, 60, 90, 50
L 367.5587, -1170.1052, 0.0000, 377.8323, -1171.6097, 0.0000, 60, 90, 50
L 377.8323, -1171.6097, 0.0000, 386.0192, -1166.2851, 0.0000, 60, 90, 50
L 386.0192, -1166.2851, 0.0000, 391.3504, -1161.1616, 0.0000, 60, 90, 50
L 391.3504, -1161.1616, 0.0000, 391.8832, -1150.7496, 0.0000, 60, 90, 50
L 391.8832, -1150.7496, 0.0000, 401.7913, -1141.7563, 0.0000, 60, 90, 50
L 401.7913, -1141.7563, 0.0000, 404.7477, -1131.1314, 0.0000, 60, 90, 50
L 352.5035, -1143.2606, 0.0000, 355.3339, -1146.3016, 0.0000, 45, 75, 55
L 355.3339, -1146.3016, 0.0000, 358.8225, -1148.5574, 0.0000, 45, 75, 55
L 358.8225, -1148.5574, 0.0000, 362.7572, -1149.8907, 0.0000, 45, 75, 55
L 362.7572, -1149.8907, 0.0000, 366.8985, -1150.2204, 0.0000, 45, 75, 55
L 352.5991, -1142.1101, 0.0000, 354.3176, -1144.3301, 0.0000, 45, 75, 55
L 354.3176, -1144.3301, 0.0000, 356.3952, -1146.2183, 0.0000, 45, 75, 55
L 356.3952, -1146.2183, 0.0000, 358.7690, -1147.7172, 0.0000, 45, 75, 55
L 358.7690, -1147.7172, 0.0000, 361.3668, -1148.7815, 0.0000, 45, 75, 55
L 361.8702, -1167.3108, 0.0000, 366.1546, -1173.3804, 0.0000, 60, 90, 50
L 366.1546, -1173.3804, 0.0000, 370.4390, -1167.3108, 0.0000, 60, 90, 50
L 394.4350, -1049.4045, 0.0000, 393.8096, -1042.7198, 0.0000, 60, 90, 50
L 393.8096, -1042.7198, 0.0000, 388.5088, -1037.3162, 0.0000, 60, 90, 50
L 388.5088, -1037.3162, 0.0000, 385.0563, -1028.6817, 0.0000, 60, 90, 50
L 385.0563, -1028.6817, 0.0000, 378.6833, -1023.9164, 0.0000, 60, 90, 50
L 378.6833, -1023.9164, 0.0000, 371.7766, -1021.8374, 0.0000, 60, 90, 50
L 371.7766, -1021.8374, 0.0000, 364.4563, -1024.5884, 0.0000, 60, 90, 50
L 364.4563, -1024.5884, 0.0000, 358.8889, -1026.1521, 0.0000, 60, 90, 50
L 358.8889, -1026.1521, 0.0000, 355.3209, -1032.1320, 0.0000, 60, 90, 50
L 355.3209, -1032.1320, 0.0000, 350.2750, -1036.0384, 0.0000, 60, 90, 50
L 350.2750, -1036.0384, 0.0000, 349.2038, -1042.7203, 0.0000, 60, 90, 50
L 349.2038, -1042.7203, 0.0000, 345.8255, -1049.8769, 0.0000, 60, 90, 50
L 345.8255, -1049.8769, 0.0000, 347.2940, -1056.9363, 0.0000, 60, 90, 50
L 347.2940, -1056.9363, 0.0000, 349.2578, -1063.7839, 0.0000, 60, 90, 50
L 349.2578, -1063.7839, 0.0000, 355.1680, -1067.8161, 0.0000, 60, 90, 50
L 355.1680, -1067.8161, 0.0000, 360.5596, -1073.9507, 0.0000, 60, 90, 50
L 360.5596, -1073.9507, 0.0000, 367.5964, -1075.5252, 0.0000, 60, 90, 50
L 367.5964, -1075.5252, 0.0000, 372.5851, -1075.2874, 0.0000, 60, 90, 50
L 372.5851, -1075.2874, 0.0000, 376.9845, -1070.2379, 0.0000, 60, 90, 50
L 376.9845, -1070.2379, 0.0000, 385.2129, -1067.4074, 0.0000, 60, 90, 50
L 385.2129, -1067.4074, 0.0000, 390.2440, -1060.9331, 0.0000, 60, 90, 50
L 390.2440, -1060.9331, 0.0000, 394.6902, -1055.7600, 0.0000, 60, 90, 50
L 394.6902, -1055.7600, 0.0000, 394.4350, -1049.4045, 0.0000, 60, 90, 50
L 359.9982, -1044.2105, 0.0000, 359.0896, -1046.3988, 0.0000, 45, 75, 55
L 359.0896, -1046.3988, 0.0000, 358.6822, -1048.7329, 0.0000, 45, 75, 55
L 358.6822, -1048.7329, 0.0000, 358.7959, -1051.0996, 0.0000, 45, 75, 55
L 358.7959, -1051.0996, 0.0000, 359.4250, -1053.3840, 0.0000, 45, 75, 55
L 364.2543, -1059.5179, 0.0000, 366.2804, -1060.3172, 0.0000, 45, 75, 55
L 366.2804, -1060.3172, 0.0000, 368.4218, -1060.7150, 0.0000, 45, 75, 55
L 368.4218, -1060.7150, 0.0000, 370.5998, -1060.6965, 0.0000, 45, 75, 55
L 370.5998, -1060.6965, 0.0000, 372.7342, -1060.2626, 0.0000, 45, 75, 55
L 383.9654, -1048.0144, 0.0000, 383.3940, -1045.1338, 0.0000, 45, 75, 55
L 383.3940, -1045.1338, 0.0000, 382.2584, -1042.4256, 0.0000, 45, 75, 55
L 382.2584, -1042.4256, 0.0000, 380.6042, -1039.9991, 0.0000, 45, 75, 55
L 380.6042, -1039.9991, 0.0000, 378.4984, -1037.9522, 0.0000, 45, 75, 55
L 366.5065, -1072.4302, 0.0000, 369.4151, -1076.5507, 0.0000, 60, 90, 50
L 369.4151, -1076.5507, 0.0000, 372.3237, -1072.4302, 0.0000, 60, 90, 50
L 479.6942, -1203.2896, 0.0000, 485.2943, -1185.8909, 0.0000, 60, 90, 50
L 485.2943, -1185.8909, 0.0000, 480.7449, -1171.4903, 0.0000, 60, 90, 50
L 480.7449, -1171.4903, 0.0000, 469.7097, -1157.5477, 0.0000, 60, 90, 50
L 469.7097, -1157.5477, 0.0000, 451.8622, -1151.7041, 0.0000, 60, 90, 50
L 451.8622, -1151.7041, 0.0000, 435.3562, -1148.3110, 0.0000, 60, 90, 50
L 435.3562, -1148.3110, 0.0000, 418.3481, -1155.4890, 0.0000, 60, 90, 50
L 418.3481, -1155.4890, 0.0000, 402.7939, -1161.0084, 0.0000, 60, 90, 50
L 402.7939, -1161.0084, 0.0000, 393.5568, -1175.0186, 0.0000, 60, 90, 50
L 393.5568, -1175.0186, 0.0000, 384.5691, -1187.2579, 0.0000, 60, 90, 50
L 384.5691, -1187.2579, 0.0000, 385.7382, -1202.4703, 0.0000, 60, 90, 50
L 385.7382, -1202.4703, 0.0000, 384.4985, -1217.5964, 0.0000, 60, 90, 50
L 384.4985, -1217.5964, 0.0000, 393.2926, -1229.3578, 0.0000, 60, 90, 50
L 393.2926, -1229.3578, 0.0000, 399.8578, -1247.3085, 0.0000, 60, 90, 50
L 399.8578, -1247.3085, 0.0000, 412.5961, -1256.6632, 0.0000, 60, 90, 50
L 412.5961, -1256.6632, 0.0000, 431.3956, -1257.5442, 0.0000, 60, 90, 50
L 431.3956, -1257.5442, 0.0000, 450.4663, -1247.8457, 0.0000, 60, 90, 50
L 450.4663, -1247.8457, 0.0000, 465.3932, -1241.7284, 0.0000, 60, 90, 50
L 465.3932, -1241.7284, 0.0000, 473.6735, -1227.3756, 0.0000, 60, 90, 50
L 473.6735, -1227.3756, 0.0000, 481.7265, -1216.9363, 0.0000, 60, 90, 50
L 481.7265, -1216.9363, 0.0000, 479.6942, -1203.2896, 0.0000, 60, 90, 50
L 460.7087, -1202.1166, 0.0000, 460.1675, -1195.8727, 0.0000, 45, 75, 55
L 460.1675, -1195.8727, 0.0000, 458.2453, -1189.9074, 0.0000, 45, 75, 55
L 458.2453, -1189.9074, 0.0000, 455.0394, -1184.5221, 0.0000, 45, 75, 55
L 455.0394, -1184.5221, 0.0000, 450.7116, -1179.9888, 0.0000, 45, 75, 55
L 458.2264, -1194.5082, 0.0000, 456.7155, -1190.3524, 0.0000, 45, 75, 55
L 456.7155, -1190.3524, 0.0000, 454.5298, -1186.5084, 0.0000, 45, 75, 55
L 454.5298, -1186.5084, 0.0000, 451.7311, -1183.0848, 0.0000, 45, 75, 55
L 451.7311, -1183.0848, 0.0000, 448.3984, -1180.1784, 0.0000, 45, 75, 55
L 463.6115, -1199.5334, 0.0000, 462.4110, -1192.6756, 0.0000, 45, 75, 55
L 462.4110, -1192.6756, 0.0000, 459.7024, -1186.2620, 0.0000, 45, 75, 55
L 459.7024, -1186.2620, 0.0000, 455.6238, -1180.6196, 0.0000, 45, 75, 55
L 455.6238, -1180.6196, 0.0000, 450.3834, -1176.0362, 0.0000, 45, 75, 55
L 426.4858, -1251.6565, 0.0000, 432.8356, -1260.6521, 0.0000, 60, 90, 50
L 432.8356, -1260.6521, 0.0000, 439.1854, -1251.6565, 0.0000, 60, 90, 50
L 542.7731, -1124.9619, 0.0000, 545.6078, -1109.4705, 0.0000, 60, 90, 50
L 545.6078, -1109.4705, 0.0000, 538.0706, -1096.5299, 0.0000, 60, 90, 50
L 538.0706, -1096.5299, 0.0000, 533.0011, -1082.9614, 0.0000, 60, 90, 50
L 533.0011, -1082.9614, 0.0000, 520.5279, -1077.0915, 0.0000, 60, 90, 50
L 520.5279, -1077.0915, 0.0000, 509.5996, -1064.6065, 0.0000, 60, 90, 50
L 509.5996, -1064.6065, 0.0000, 496.1472, -1062.5000, 0.0000, 60, 90, 50
L 496.1472, -1062.5000, 0.0000, 481.2197, -1063.5628, 0.0000, 60, 90, 50
L 481.2197, -1063.5628, 0.0000, 468.8723, -1074.9901, 0.0000, 60, 90, 50
L 468.8723, -1074.9901, 0.0000, 456.8058, -1083.7707, 0.0000, 60, 90, 50
L 456.8058, -1083.7707, 0.0000, 452.3822, -1100.0126, 0.0000, 60, 90, 50
L 452.3822, -1100.0126, 0.0000, 439.6303, -1107.9868, 0.0000, 60, 90, 50
L 439.6303, -1107.9868, 0.0000, 437.2516, -1118.5062, 0.0000, 60, 90, 50
L 437.2516, -1118.5062, 0.0000, 440.5480, -1134.7720, 0.0000, 60, 90, 50
L 440.5480, -1134.7720, 0.0000, 454.2392, -1148.5825, 0.0000, 60, 90, 50
L 454.2392, -1148.5825, 0.0000, 456.0114, -1162.5999, 0.0000, 60, 90, 50
L 456.0114, -1162.5999, 0.0000, 465.2263, -1168.9566, 0.0000, 60, 90, 50
L 465.2263, -1168.9566, 0.0000, 480.7259, -1174.7581, 0.0000, 60, 90, 50
L 480.7259, -1174.7581, 0.0000, 499.1295, -1170.2810, 0.0000, 60, 90, 50
L 499.1295, -1170.2810, 0.0000, 515.6022, -1175.0960, 0.0000, 60, 90, 50
L 515.6022, -1175.0960, 0.0000, 528.3425, -1169.9034, 0.0000, 60, 90, 50
L 528.3425, -1169.9034, 0.0000, 538.5452, -1162.0552, 0.0000, 60, 90, 50
L 538.5452, -1162.0552, 0.0000, 540.9692, -1146.8878, 0.0000, 60, 90, 50
L 540.9692, -1146.8878, 0.0000, 546.9762, -1137.4929, 0.0000, 60, 90, 50
L 546.9762, -1137.4929, 0.0000, 542.7731, -1124.9619, 0.0000, 60, 90, 50
L 514.5660, -1106.3291, 0.0000, 510.8612, -1102.6743, 0.0000, 45, 75, 55
L 510.8612, -1102.6743, 0.0000, 506.4646, -1099.8898, 0.0000, 45, 75, 55
L 506.4646, -1099.8898, 0.0000, 501.5768, -1098.1028, 0.0000, 45, 75, 55
L 501.5768, -1098.1028, 0.0000, 496.4211, -1097.3947, 0.0000, 45, 75, 55
L 494.0236, -1147.9964, 0.0000, 499.2453, -1147.8106, 0.0000, 45, 75, 55
L 499.2453, -1147.8106, 0.0000, 504.3273, -1146.5965, 0.0000, 45, 75, 55
L 504.3273, -1146.5965, 0.0000, 509.0690, -1144.4019, 0.0000, 45, 75, 55
L 509.0690, -1144.4019, 0.0000, 513.2835, -1141.3134, 0.0000, 45, 75, 55
L 489.2951, -1172.4785, 0.0000, 495.7037, -1181.5573, 0.0000, 60, 90, 50
L 495.7037, -1181.5573, 0.0000, 502.1122, -1172.4785, 0.0000, 60, 90, 50
L 465.0389, -1065.2683, 0.0000, 465.6385, -1055.2104, 0.0000, 60, 90, 50
L 465.6385, -1055.2104, 0.0000, 459.1198, -1047.0322, 0.0000, 60, 90, 50
L 459.1198, -1047.0322, 0.0000, 457.9339, -1037.3580, 0.0000, 60, 90, 50
L 457.9339, -1037.3580, 0.0000, 451.6009, -1032.9479, 0.0000, 60, 90, 50
L 451.6009, -1032.9479, 0.0000, 441.5244, -1026.2545, 0.0000, 60, 90, 50
L 441.5244, -1026.2545, 0.0000, 429.6047, -1026.6889, 0.0000, 60, 90, 50
L 429.6047, -1026.6889, 0.0000, 420.1554, -1024.0359, 0.0000, 60, 90, 50
L 420.1554, -1024.0359, 0.0000, 412.7448, -1028.4572, 0.0000, 60, 90, 50
L 412.7448, -1028.4572, 0.0000, 406.4398, -1034.9299, 0.0000, 60, 90, 50
L 406.4398, -1034.9299, 0.0000, 404.9502, -1046.9717, 0.0000, 60, 90, 50
L 404.9502, -1046.9717, 0.0000, 396.8553, -1053.8627, 0.0000, 60, 90, 50
L 396.8553, -1053.8627, 0.0000, 395.8208, -1062.8404, 0.0000, 60, 90, 50
L 395.8208, -1062.8404, 0.0000, 395.1730, -1071.5318, 0.0000, 60, 90, 50
L 395.1730, -1071.5318, 0.0000, 401.7424, -1078.7687, 0.0000, 60, 90, 50
L 401.7424, -1078.7687, 0.0000, 404.4328, -1089.8731, 0.0000, 60, 90, 50
L 404.4328, -1089.8731, 0.0000, 412.4820, -1095.9290, 0.0000, 60, 90, 50
L 412.4820, -1095.9290, 0.0000, 419.9481, -1101.0866, 0.0000, 60, 90, 50
L 419.9481, -1101.0866, 0.0000, 429.6508, -1099.2297, 0.0000, 60, 90, 50
L 429.6508, -1099.2297, 0.0000, 443.0879, -1102.3218, 0.0000, 60, 90, 50
L 443.0879, -1102.3218, 0.0000, 454.4229, -1098.3581, 0.0000, 60, 90, 50
L 454.4229, -1098.3581, 0.0000, 462.5723, -1092.9215, 0.0000, 60, 90, 50
L 462.5723, -1092.9215, 0.0000, 465.3360, -1082.4653, 0.0000, 60, 90, 50
L 465.3360, -1082.4653, 0.0000, 468.7231, -1074.8916, 0.0000, 60, 90, 50
L 468.7231, -1074.8916, 0.0000, 465.0389, -1065.2683, 0.0000, 60, 90, 50
L 416.0333, -1074.1046, 0.0000, 419.1899, -1077.8719, 0.0000, 45, 75, 55
L 419.1899, -1077.8719, 0.0000, 423.2242, -1080.6790, 0.0000, 45, 75, 55
L 423.2242, -1080.6790, 0.0000, 427.8536, -1082.3295, 0.0000, 45, 75, 55
L 427.8536, -1082.3295, 0.0000, 432.7539, -1082.7077, 0.0000, 45, 75, 55
L 422.3458, -1052.4615, 0.0000, 420.3139, -1054.4309, 0.0000, 45, 75, 55
L 420.3139, -1054.4309, 0.0000, 418.6880, -1056.7469, 0.0000, 45, 75, 55
L 418.6880, -1056.7469, 0.0000, 417.5262, -1059.3271, 0.0000, 45, 75, 55
L 417.5262, -1059.3271, 0.0000, 416.8698, -1062.0796, 0.0000, 45, 75, 55
L 427.3027, -1099.1377, 0.0000, 431.7201, -1105.3957, 0.0000, 60, 90, 50
L 431.7201, -1105.3957, 0.0000, 436.1375, -1099.1377, 0.0000, 60, 90, 50
L 554.0119, -1337.1985, 0.0000, 554.2508, -1326.2285, 0.0000, 60, 90, 50
L 554.2508, -1326.2285, 0.0000, 549.0918, -1317.1947, 0.0000, 60, 90, 50
L 549.0918, -1317.1947, 0.0000, 541.5466, -1310.8280, 0.0000, 60, 90, 50
L 541.5466, -1310.8280, 0.0000, 530.8057, -1309.2232, 0.0000, 60, 90, 50
L 530.8057, -1309.2232, 0.0000, 518.4962, -1307.0695, 0.0000, 60, 90, 50
L 518.4962, -1307.0695, 0.0000, 507.2032, -1310.5598, 0.0000, 60, 90, 50
L 507.2032, -1310.5598, 0.0000, 499.0710, -1317.4807, 0.0000, 60, 90, 50
L 499.0710, -1317.4807, 0.0000, 495.4376, -1327.9579, 0.0000, 60, 90, 50
L 495.4376, -1327.9579, 0.0000, 492.2866, -1338.7555, 0.0000, 60, 90, 50
L 492.2866, -1338.7555, 0.0000, 494.8625, -1349.2556, 0.0000, 60, 90, 50
L 494.8625, -1349.2556, 0.0000, 499.4477, -1357.7424, 0.0000, 60, 90, 50
L 499.4477, -1357.7424, 0.0000, 508.4166, -1362.5318, 0.0000, 60, 90, 50
L 508.4166, -1362.5318, 0.0000, 519.4302, -1367.7948, 0.0000, 60, 90, 50
L 519.4302, -1367.7948, 0.0000, 531.2718, -1367.3831, 0.0000, 60, 90, 50
L 531.2718, -1367.3831, 0.0000, 540.6493, -1364.6723, 0.0000, 60, 90, 50
L 540.6493, -1364.6723, 0.0000, 547.0492, -1357.0603, 0.0000, 60, 90, 50
L 547.0492, -1357.0603, 0.0000, 553.2143, -1348.1391, 0.0000, 60, 90, 50
L 553.2143, -1348.1391, 0.0000, 554.0119, -1337.1985, 0.0000, 60, 90, 50
L 511.4531, -1343.2439, 0.0000, 513.1622, -1345.9015, 0.0000, 45, 75, 55
L 513.1622, -1345.9015, 0.0000, 515.4281, -1348.1037, 0.0000, 45, 75, 55
L 515.4281, -1348.1037, 0.0000, 518.1333, -1349.7364, 0.0000, 45, 75, 55
L 518.1333, -1349.7364, 0.0000, 521.1376, -1350.7151, 0.0000, 45, 75, 55
L 513.5115, -1343.0579, 0.0000, 515.1089, -1345.2371, 0.0000, 45, 75, 55
L 515.1089, -1345.2371, 0.0000, 517.1542, -1347.0027, 0.0000, 45, 75, 55
L 517.1542, -1347.0027, 0.0000, 519.5432, -1348.2649, 0.0000, 45, 75, 55
L 519.5432, -1348.2649, 0.0000, 522.1544, -1348.9593, 0.0000, 45, 75, 55
L 513.0095, -1350.1858, 0.0000, 516.9559, -1352.6480, 0.0000, 45, 75, 55
L 516.9559, -1352.6480, 0.0000, 521.4215, -1353.9497, 0.0000, 45, 75, 55
L 521.4215, -1353.9497, 0.0000, 526.0728, -1353.9938, 0.0000, 45, 75, 55
L 526.0728, -1353.9938, 0.0000, 530.5623, -1352.7769, 0.0000, 45, 75, 55
L 520.4662, -1364.3527, 0.0000, 523.9070, -1369.2272, 0.0000, 60, 90, 50
L 523.9070, -1369.2272, 0.0000, 527.3478, -1364.3527, 0.0000, 60, 90, 50
L 549.9921, -1253.6213, 0.0000, 549.3185, -1244.5580, 0.0000, 60, 90, 50
L 549.3185, -1244.5580, 0.0000, 542.9177, -1237.0886, 0.0000, 60, 90, 50
L 542.9177, -1237.0886, 0.0000, 537.5332, -1230.5976, 0.0000, 60, 90, 50
L 537.5332, -1230.5976, 0.0000, 528.3360, -1228.6679, 0.0000, 60, 90, 50
L 528.3360, -1228.6679, 0.0000, 521.4911, -1225.2262, 0.0000, 60, 90, 50
L 521.4911, -1225.2262, 0.0000, 514.0644, -1227.7007, 0.0000, 60, 90, 50
L 514.0644, -1227.7007, 0.0000, 505.2867, -1226.8307, 0.0000, 60, 90, 50
L 505.2867, -1226.8307, 0.0000, 499.2239, -1231.2493, 0.0000, 60, 90, 50
L 499.2239, -1231.2493, 0.0000, 491.8478, -1235.5360, 0.0000, 60, 90, 50
L 491.8478, -1235.5360, 0.0000, 489.4527, -1243.0676, 0.0000, 60, 90, 50
L 489.4527, -1243.0676, 0.0000, 486.5881, -1252.2544, 0.0000, 60, 90, 50
L 486.5881, -1252.2544, 0.0000, 489.6665, -1261.5906, 0.0000, 60, 90, 50
L 489.6665, -1261.5906, 0.0000, 493.4410, -1269.9670, 0.0000, 60, 90, 50
L 493.4410, -1269.9670, 0.0000, 502.1593, -1275.0420, 0.0000, 60, 90, 50
L 502.1593, -1275.0420, 0.0000, 506.1542, -1280.3569, 0.0000, 60, 90, 50
L 506.1542, -1280.3569, 0.0000, 512.6408, -1280.2744, 0.0000, 60, 90, 50
L 512.6408, -1280.2744, 0.0000, 522.0168, -1281.7951, 0.0000, 60, 90, 50
L 522.0168, -1281.7951, 0.0000, 530.7221, -1277.4090, 0.0000, 60, 90, 50
L 530.7221, -1277.4090, 0.0000, 539.9205, -1276.9756, 0.0000, 60, 90, 50
L 539.9205, -1276.9756, 0.0000, 545.1786, -1272.0909, 0.0000, 60, 90, 50
L 545.1786, -1272.0909, 0.0000, 550.3998, -1263.8120, 0.0000, 60, 90, 50
L 550.3998, -1263.8120, 0.0000, 549.9921, -1253.6213, 0.0000, 60, 90, 50
L 504.2184, -1252.9094, 0.0000, 504.4261, -1255.5168, 0.0000, 45, 75, 55
L 504.4261, -1255.5168, 0.0000, 505.0977, -1258.0448, 0.0000, 45, 75, 55
L 505.0977, -1258.0448, 0.0000, 506.2115, -1260.4115, 0.0000, 45, 75, 55
L 506.2115, -1260.4115, 0.0000, 507.7314, -1262.5404, 0.0000, 45, 75, 55
L 518.6894, -1235.9185, 0.0000, 514.7946, -1236.3818, 0.0000, 45, 75, 55
L 514.7946, -1236.3818, 0.0000, 511.1069, -1237.7182, 0.0000, 45, 75, 55
L 511.1069, -1237.7182, 0.0000, 507.8195, -1239.8577, 0.0000, 45, 75, 55
L 507.8195, -1239.8577, 0.0000, 505.1044, -1242.6883, 0.0000, 45, 75, 55
L 519.1405, -1266.3482, 0.0000, 521.4481, -1266.0779, 0.0000, 45, 75, 55
L 521.4481, -1266.0779, 0.0000, 523.6733, -1265.4099, 0.0000, 45, 75, 55
L 523.6733, -1265.4099, 0.0000, 525.7481, -1264.3646, 0.0000, 45, 75, 55
L 525.7481, -1264.3646, 0.0000, 527.6092, -1262.9739, 0.0000, 45, 75, 55
L 515.1871, -1281.3013, 0.0000, 518.7540, -1286.3544, 0.0000, 60, 90, 50
L 518.7540, -1286.3544, 0.0000, 522.3209, -1281.3013, 0.0000, 60, 90, 50
L 622.7050, -1242.8959, 0.0000, 624.1428, -1232.6732, 0.0000, 60, 90, 50
L 624.1428, -1232.6732, 0.0000, 618.8441, -1224.5241, 0.0000, 60, 90, 50
L 618.8441, -1224.5241, 0.0000, 611.0999, -1212.6473, 0.0000, 60, 90, 50
L 611.0999, -1212.6473, 0.0000, 599.2988, -1206.5345, 0.0000, 60, 90, 50
L 599.2988, -1206.5345, 0.0000, 587.5801, -1203.0781, 0.0000, 60, 90, 50
L 587.5801, -1203.0781, 0.0000, 576.1970, -1206.6622, 0.0000, 60, 90, 50
L 576.1970, -1206.6622, 0.0000, 568.3187, -1212.2710, 0.0000, 60, 90, 50
L 568.3187, -1212.2710, 0.0000, 564.4109, -1223.7034, 0.0000, 60, 90, 50
L 564.4109, -1223.7034, 0.0000, 557.2078, -1232.2460, 0.0000, 60, 90, 50
L 557.2078, -1232.2460, 0.0000, 556.6709, -1243.0783, 0.0000, 60, 90, 50
L 556.6709, -1243.0783, 0.0000, 555.4730, -1253.6071, 0.0000, 60, 90, 50
L 555.4730, -1253.6071, 0.0000, 561.0229, -1262.0993, 0.0000, 60, 90, 50
L 561.0229, -1262.0993, 0.0000, 568.1165, -1272.2202, 0.0000, 60, 90, 50
L 568.1165, -1272.2202, 0.0000, 579.4040, -1276.6762, 0.0000, 60, 90, 50
L 579.4040, -1276.6762, 0.0000, 589.8154, -1281.7652, 0.0000, 60, 90, 50
L 589.8154, -1281.7652, 0.0000, 600.1689, -1279.8060, 0.0000, 60, 90, 50
L 600.1689, -1279.8060, 0.0000, 611.5957, -1273.4345, 0.0000, 60, 90, 50
L 611.5957, -1273.4345, 0.0000, 618.8513, -1261.3814, 0.0000, 60, 90, 50
L 618.8513, -1261.3814, 0.0000, 624.1706, -1253.0932, 0.0000, 60, 90, 50
L 624.1706, -1253.0932, 0.0000, 622.7050, -1242.8959, 0.0000, 60, 90, 50
L 598.4281, -1259.8905, 0.0000, 601.3172, -1257.9685, 0.0000, 45, 75, 55
L 601.3172, -1257.9685, 0.0000, 603.8040, -1255.5484, 0.0000, 45, 75, 55
L 603.8040, -1255.5484, 0.0000, 605.8038, -1252.7126, 0.0000, 45, 75, 55
L 605.8038, -1252.7126, 0.0000, 607.2487, -1249.5576, 0.0000, 45, 75, 55
L 582.1614, -1258.4981, 0.0000, 585.0775, -1259.5899, 0.0000, 45, 75, 55
L 585.0775, -1259.5899, 0.0000, 588.1448, -1260.1262, 0.0000, 45, 75, 55
L 588.1448, -1260.1262, 0.0000, 591.2584, -1260.0886, 0.0000, 45, 75, 55
L 591.2584, -1260.0886, 0.0000, 594.3119, -1259.4786, 0.0000, 45, 75, 55
L 585.2705, -1276.8177, 0.0000, 589.4996, -1282.8088, 0.0000, 60, 90, 50
L 589.4996, -1282.8088, 0.0000, 593.7287, -1276.8177, 0.0000, 60, 90, 50
L 627.1752, -1052.0977, 0.0000, 628.6797, -1036.7864, 0.0000, 60, 90, 50
L 628.6797, -1036.7864, 0.0000, 621.8138, -1024.5367, 0.0000, 60, 90, 50
L 621.8138, -1024.5367, 0.0000, 610.3623, -1011.8956, 0.0000, 60, 90, 50
L 610.3623, -1011.8956, 0.0000, 594.1266, -1006.7741, 0.0000, 60, 90, 50
L 594.1266, -1006.7741, 0.0000, 574.8669, -1004.6274, 0.0000, 60, 90, 50
L 574.8669, -1004.6274, 0.0000, 557.2877, -1011.2334, 0.0000, 60, 90, 50
L 557.2877, -1011.2334, 0.0000, 549.2869, -1021.2461, 0.0000, 60, 90, 50
L 549.2869, -1021.2461, 0.0000, 547.8702, -1037.2657, 0.0000, 60, 90, 50
L 547.8702, -1037.2657, 0.0000, 540.1168, -1053.1150, 0.0000, 60, 90, 50
L 540.1168, -1053.1150, 0.0000, 541.2760, -1068.9548, 0.0000, 60, 90, 50
L 541.2760, -1068.9548, 0.0000, 549.0496, -1080.5331, 0.0000, 60, 90, 50
L 549.0496, -1080.5331, 0.0000, 563.8438, -1086.6208, 0.0000, 60, 90, 50
L 563.8438, -1086.6208, 0.0000, 576.2442, -1097.9774, 0.0000, 60, 90, 50
L 576.2442, -1097.9774, 0.0000, 590.1932, -1100.5570, 0.0000, 60, 90, 50
L 590.1932, -1100.5570, 0.0000, 606.4687, -1096.4376, 0.0000, 60, 90, 50
L 606.4687, -1096.4376, 0.0000, 618.6684, -1084.3920, 0.0000, 60, 90, 50
L 618.6684, -1084.3920, 0.0000, 627.0713, -1069.8699, 0.0000, 60, 90, 50
L 627.0713, -1069.8699, 0.0000, 627.1752, -1052.0977, 0.0000, 60, 90, 50
L 564.6002, -1057.4222, 0.0000, 565.5035, -1060.3819, 0.0000, 45, 75, 55
L 565.5035, -1060.3819, 0.0000, 566.8515, -1063.1672, 0.0000, 45, 75, 55
L 566.8515, -1063.1672, 0.0000, 568.6121, -1065.7118, 0.0000, 45, 75, 55
L 568.6121, -1065.7118, 0.0000, 570.7434, -1067.9552, 0.0000, 45, 75, 55
L 589.0094, -1079.7399, 0.0000, 594.6498, -1078.0670, 0.0000, 45, 75, 55
L 594.6498, -1078.0670, 0.0000, 599.7965, -1075.2165, 0.0000, 45, 75, 55
L 599.7965, -1075.2165, 0.0000, 604.2070, -1071.3228, 0.0000, 45, 75, 55
L 604.2070, -1071.3228, 0.0000, 607.6735, -1066.5693, 0.0000, 45, 75, 55
L 564.7811, -1053.1188, 0.0000, 565.5212, -1058.3736, 0.0000, 45, 75, 55
L 565.5212, -1058.3736, 0.0000, 567.6584, -1063.2309, 0.0000, 45, 75, 55
L 567.6584, -1063.2309, 0.0000, 571.0327, -1067.3267, 0.0000, 45, 75, 55
L 571.0327, -1067.3267, 0.0000, 575.3912, -1070.3540, 0.0000, 45, 75, 55
L 578.8195, -1095.4032, 0.0000, 584.1670, -1102.9789, 0.0000, 60, 90, 50
L 584.1670, -1102.9789, 0.0000, 589.5146, -1095.4032, 0.0000, 60, 90, 50
L 702.0356, -1309.4292, 0.0000, 697.8694, -1295.5686, 0.0000, 60, 90, 50
L 697.8694, -1295.5686, 0.0000, 685.7601, -1283.8125, 0.0000, 60, 90, 50
L 685.7601, -1283.8125, 0.0000, 680.2390, -1271.7905, 0.0000, 60, 90, 50
L 680.2390, -1271.7905, 0.0000, 670.1190, -1266.5781, 0.0000, 60, 90, 50
L 670.1190, -1266.5781, 0.0000, 656.1135, -1264.1238, 0.0000, 60, 90, 50
L 656.1135, -1264.1238, 0.0000, 642.2489, -1269.8853, 0.0000, 60, 90, 50
L 642.2489, -1269.8853, 0.0000, 628.7071, -1272.0372, 0.0000, 60, 90, 50
L 628.7071, -1272.0372, 0.0000, 620.3670, -1280.5502, 0.0000, 60, 90, 50
L 620.3670, -1280.5502, 0.0000, 611.9724, -1293.4285, 0.0000, 60, 90, 50
L 611.9724, -1293.4285, 0.0000, 611.4698, -1308.5956, 0.0000, 60, 90, 50
L 611.4698, -1308.5956, 0.0000, 613.0811, -1321.1569, 0.0000, 60, 90, 50
L 613.0811, -1321.1569, 0.0000, 622.4809, -1331.0986, 0.0000, 60, 90, 50
L 622.4809, -1331.0986, 0.0000, 629.5567, -1342.1670, 0.0000, 60, 90, 50
L 629.5567, -1342.1670, 0.0000, 641.6196, -1346.7047, 0.0000, 60, 90, 50
L 641.6196, -1346.7047, 0.0000, 656.7523, -1350.3841, 0.0000, 60, 90, 50
L 656.7523, -1350.3841, 0.0000, 671.9012, -1345.8464, 0.0000, 60, 90, 50
L 671.9012, -1345.8464, 0.0000, 682.4564, -1339.9235, 0.0000, 60, 90, 50
L 682.4564, -1339.9235, 0.0000, 688.0187, -1327.4745, 0.0000, 60, 90, 50
L 688.0187, -1327.4745, 0.0000, 698.9464, -1319.6846, 0.0000, 60, 90, 50
L 698.9464, -1319.6846, 0.0000, 702.0356, -1309.4292, 0.0000, 60, 90, 50
L 677.9666, -1309.0423, 0.0000, 677.8885, -1303.2669, 0.0000, 45, 75, 55
L 677.8885, -1303.2669, 0.0000, 676.2607, -1297.7250, 0.0000, 45, 75, 55
L 676.2607, -1297.7250, 0.0000, 673.2031, -1292.8247, 0.0000, 45, 75, 55
L 673.2031, -1292.8247, 0.0000, 668.9407, -1288.9268, 0.0000, 45, 75, 55
L 663.0893, -1330.2937, 0.0000, 667.4829, -1328.6834, 0.0000, 45, 75, 55
L 667.4829, -1328.6834, 0.0000, 671.4933, -1326.2722, 0.0000, 45, 75, 55
L 671.4933, -1326.2722, 0.0000, 674.9759, -1323.1467, 0.0000, 45, 75, 55
L 674.9759, -1323.1467, 0.0000, 677.8055, -1319.4197, 0.0000, 45, 75, 55
L 667.4366, -1319.9644, 0.0000, 669.8402, -1317.6733, 0.0000, 45, 75, 55
L 669.8402, -1317.6733, 0.0000, 671.7583, -1314.9625, 0.0000, 45, 75, 55
L 671.7583, -1314.9625, 0.0000, 673.1191, -1311.9335, 0.0000, 45, 75, 55
L 673.1191, -1311.9335, 0.0000, 673.8718, -1308.6993, 0.0000, 45, 75, 55
L 651.9085, -1345.4708, 0.0000, 656.8387, -1352.4553, 0.0000, 60, 90, 50
L 656.8387, -1352.4553, 0.0000, 661.7690, -1345.4708, 0.0000, 60, 90, 50
L 718.8783, -1141.8970, 0.0000, 723.3045, -1128.5840, 0.0000, 60, 90, 50
L 723.3045, -1128.5840, 0.0000, 718.9581, -1117.4887, 0.0000, 60, 90, 50
L 718.9581, -1117.4887, 0.0000, 713.5475, -1105.3848, 0.0000, 60, 90, 50
L 713.5475, -1105.3848, 0.0000, 701.4746, -1099.4040, 0.0000, 60, 90, 50
L 701.4746, -1099.4040, 0.0000, 689.9042, -1096.1443, 0.0000, 60, 90, 50
L 689.9042, -1096.1443, 0.0000, 675.4730, -1101.4690, 0.0000, 60, 90, 50
L 675.4730, -1101.4690, 0.0000, 662.1305, -1096.5020, 0.0000, 60, 90, 50
L 662.1305, -1096.5020, 0.0000, 651.3177, -1100.2229, 0.0000, 60, 90, 50
L 651.3177, -1100.2229, 0.0000, 639.9442, -1107.5895, 0.0000, 60, 90, 50
L 639.9442, -1107.5895, 0.0000, 635.1430, -1121.1756, 0.0000, 60, 90, 50
L 635.1430, -1121.1756, 0.0000, 625.9559, -1132.1774, 0.0000, 60, 90, 50
L 625.9559, -1132.1774, 0.0000, 625.6813, -1144.7432, 0.0000, 60, 90, 50
L 625.6813, -1144.7432, 0.0000, 625.7606, -1155.8702, 0.0000, 60, 90, 50
L 625.7606, -1155.8702, 0.0000, 634.4922, -1164.3485, 0.0000, 60, 90, 50
L 634.4922, -1164.3485, 0.0000, 639.0512, -1176.9891, 0.0000, 60, 90, 50
L 639.0512, -1176.9891, 0.0000, 649.9885, -1183.2113, 0.0000, 60, 90, 50
L 649.9885, -1183.2113, 0.0000, 661.6113, -1189.8697, 0.0000, 60, 90, 50
L 661.6113, -1189.8697, 0.0000, 675.6197, -1187.7996, 0.0000, 60, 90, 50
L 675.6197, -1187.7996, 0.0000, 688.3688, -1187.2584, 0.0000, 60, 90, 50
L 688.3688, -1187.2584, 0.0000, 698.6206, -1178.0200, 0.0000, 60, 90, 50
L 698.6206, -1178.0200, 0.0000, 711.3363, -1174.4531, 0.0000, 60, 90, 50
L 711.3363, -1174.4531, 0.0000, 717.4165, -1164.7342, 0.0000, 60, 90, 50
L 717.4165, -1164.7342, 0.0000, 722.4921, -1154.5778, 0.0000, 60, 90, 50
L 722.4921, -1154.5778, 0.0000, 718.8783, -1141.8970, 0.0000, 60, 90, 50
L 651.5970, -1144.1655, 0.0000, 653.2106, -1149.9760, 0.0000, 45, 75, 55
L 653.2106, -1149.9760, 0.0000, 656.2400, -1155.1902, 0.0000, 45, 75, 55
L 656.2400, -1155.1902, 0.0000, 660.4887, -1159.4697, 0.0000, 45, 75, 55
L 660.4887, -1159.4697, 0.0000, 665.6809, -1162.5368, 0.0000, 45, 75, 55
L 665.0043, -1116.2451, 0.0000, 660.3799, -1118.6909, 0.0000, 45, 75, 55
L 660.3799, -1118.6909, 0.0000, 656.3258, -1121.9971, 0.0000, 45, 75, 55
L 656.3258, -1121.9971, 0.0000, 652.9998, -1126.0351, 0.0000, 45, 75, 55
L 652.9998, -1126.0351, 0.0000, 650.5315, -1130.6475, 0.0000, 45, 75, 55
L 669.5967, -1183.7697, 0.0000, 675.0259, -1191.4610, 0.0000, 60, 90, 50
L 675.0259, -1191.4610, 0.0000, 680.4550, -1183.7697, 0.0000, 60, 90, 50
L 763.0747, -1265.0950, 0.0000, 763.6894, -1256.0379, 0.0000, 60, 90, 50
L 763.6894, -1256.0379, 0.0000, 758.9224, -1248.6963, 0.0000, 60, 90, 50
L 758.9224, -1248.6963, 0.0000, 754.2046, -1241.2153, 0.0000, 60, 90, 50
L 754.2046, -1241.2153, 0.0000, 746.2101, -1238.3352, 0.0000, 60, 90, 50
L 746.2101, -1238.3352, 0.0000, 739.0834, -1236.7210, 0.0000, 60, 90, 50
L 739.0834, -1236.7210, 0.0000, 731.6863, -1240.7489, 0.0000, 60, 90, 50
L 731.6863, -1240.7489, 0.0000, 721.8395, -1241.6936, 0.0000, 60, 90, 50
L 721.8395, -1241.6936, 0.0000, 715.2450, -1247.2565, 0.0000, 60, 90, 50
L 715.2450, -1247.2565, 0.0000, 708.3760, -1253.6893, 0.0000, 60, 90, 50
L 708.3760, -1253.6893, 0.0000, 706.8196, -1262.0410, 0.0000, 60, 90, 50
L 706.8196, -1262.0410, 0.0000, 706.8817, -1273.3272, 0.0000, 60, 90, 50
L 706.8817, -1273.3272, 0.0000, 712.3655, -1283.0290, 0.0000, 60, 90, 50
L 712.3655, -1283.0290, 0.0000, 718.6997, -1287.4671, 0.0000, 60, 90, 50
L 718.6997, -1287.4671, 0.0000, 728.6231, -1287.5437, 0.0000, 60, 90, 50
L 728.6231, -1287.5437, 0.0000, 737.1469, -1293.7824, 0.0000, 60, 90, 50
L 737.1469, -1293.7824, 0.0000, 745.7886, -1294.3738, 0.0000, 60, 90, 50
L 745.7886, -1294.3738, 0.0000, 755.8650, -1290.8802, 0.0000, 60, 90, 50
L 755.8650, -1290.8802, 0.0000, 762.7615, -1282.7182, 0.0000, 60, 90, 50
L 762.7615, -1282.7182, 0.0000, 765.5566, -1274.9139, 0.0000, 60, 90, 50
L 765.5566, -1274.9139, 0.0000, 763.0747, -1265.0950, 0.0000, 60, 90, 50
L 736.3064, -1252.3048, 0.0000, 733.8471, -1252.8685, 0.0000, 45, 75, 55
L 733.8471, -1252.8685, 0.0000, 731.5584, -1253.9304, 0.0000, 45, 75, 55
L 731.5584, -1253.9304, 0.0000, 729.5400, -1255.4445, 0.0000, 45, 75, 55
L 729.5400, -1255.4445, 0.0000, 727.8800, -1257.3446, 0.0000, 45, 75, 55
L 722.3150, -1257.4654, 0.0000, 721.0981, -1261.5323, 0.0000, 45, 75, 55
L 721.0981, -1261.5323, 0.0000, 720.9336, -1265.7742, 0.0000, 45, 75, 55
L 720.9336, -1265.7742, 0.0000, 721.8318, -1269.9231, 0.0000, 45, 75, 55
L 721.8318, -1269.9231, 0.0000, 723.7360, -1273.7172, 0.0000, 45, 75, 55
L 725.4108, -1262.4683, 0.0000, 725.2865, -1264.8296, 0.0000, 45, 75, 55
L 725.2865, -1264.8296, 0.0000, 725.6095, -1267.1720, 0.0000, 45, 75, 55
L 725.6095, -1267.1720, 0.0000, 726.3682, -1269.4115, 0.0000, 45, 75, 55
L 726.3682, -1269.4115, 0.0000, 727.5356, -1271.4678, 0.0000, 45, 75, 55
L 734.3728, -1291.1333, 0.0000, 737.7620, -1295.9345, 0.0000, 60, 90, 50
L 737.7620, -1295.9345, 0.0000, 741.1511, -1291.1333, 0.0000, 60, 90, 50
L 757.1527, -1178.9140, 0.0000, 756.0099, -1169.0112, 0.0000, 60, 90, 50
L 756.0099, -1169.0112, 0.0000, 748.8143, -1161.6669, 0.0000, 60, 90, 50
L 748.8143, -1161.6669, 0.0000, 743.3049, -1153.7079, 0.0000, 60, 90, 50
L 743.3049, -1153.7079, 0.0000, 734.5506, -1151.4632, 0.0000, 60, 90, 50
L 734.5506, -1151.4632, 0.0000, 722.4967, -1149.7598, 0.0000, 60, 90, 50
L 722.4967, -1149.7598, 0.0000, 711.5575, -1154.5325, 0.0000, 60, 90, 50
L 711.5575, -1154.5325, 0.0000, 701.5293, -1159.5505, 0.0000, 60, 90, 50
L 701.5293, -1159.5505, 0.0000, 696.6043, -1168.7086, 0.0000, 60, 90, 50
L 696.6043, -1168.7086, 0.0000, 692.3977, -1179.5474, 0.0000, 60, 90, 50
L 692.3977, -1179.5474, 0.0000, 694.7575, -1190.6385, 0.0000, 60, 90, 50
L 694.7575, -1190.6385, 0.0000, 699.6539, -1201.3059, 0.0000, 60, 90, 50
L 699.6539, -1201.3059, 0.0000, 709.8752, -1208.1227, 0.0000, 60, 90, 50
L 709.8752, -1208.1227, 0.0000, 720.0930, -1212.5449, 0.0000, 60, 90, 50
L 720.0930, -1212.5449, 0.0000, 731.8773, -1210.5852, 0.0000, 60, 90, 50
L 731.8773, -1210.5852, 0.0000, 743.7990, -1208.8220, 0.0000, 60, 90, 50
L 743.7990, -1208.8220, 0.0000, 752.4618, -1201.3525, 0.0000, 60, 90, 50
L 752.4618, -1201.3525, 0.0000, 757.9159, -1191.1971, 0.0000, 60, 90, 50
L 757.9159, -1191.1971, 0.0000, 757.1527, -1178.9140, 0.0000, 60, 90, 50
L 716.0587, -1193.9610, 0.0000, 719.7033, -1196.5002, 0.0000, 45, 75, 55
L 719.7033, -1196.5002, 0.0000, 723.8677, -1198.0457, 0.0000, 45, 75, 55
L 723.8677, -1198.0457, 0.0000, 728.2865, -1198.4990, 0.0000, 45, 75, 55
L 728.2865, -1198.4990, 0.0000, 732.6779, -1197.8311, 0.0000, 45, 75, 55
L 711.3424, -1184.9505, 0.0000, 712.9197, -1189.0304, 0.0000, 45, 75, 55
L 712.9197, -1189.0304, 0.0000, 715.4857, -1192.5729, 0.0000, 45, 75, 55
L 715.4857, -1192.5729, 0.0000, 718.8706, -1195.3435, 0.0000, 45, 75, 55
L 718.8706, -1195.3435, 0.0000, 722.8503, -1197.1588, 0.0000, 45, 75, 55
L 731.2304, -1164.1796, 0.0000, 728.2315, -1163.8472, 0.0000, 45, 75, 55
L 728.2315, -1163.8472, 0.0000, 725.2209, -1164.0481, 0.0000, 45, 75, 55
L 725.2209, -1164.0481, 0.0000, 722.2927, -1164.7760, 0.0000, 45, 75, 55
L 722.2927, -1164.7760, 0.0000, 719.5384, -1166.0082, 0.0000, 45, 75, 55
L 723.9153, -1212.1241, 0.0000, 727.8581, -1217.7097, 0.0000, 60, 90, 50
L 727.8581, -1217.7097, 0.0000, 731.8009, -1212.1241, 0.0000, 60, 90, 50
L 800.9285, -1110.7064, 0.0000, 800.7652, -1097.0711, 0.0000, 60, 90, 50
L 800.7652, -1097.0711, 0.0000, 794.1047, -1085.6251, 0.0000, 60, 90, 50
L 794.1047, -1085.6251, 0.0000, 786.9756, -1079.4426, 0.0000, 60, 90, 50
L 786.9756, -1079.4426, 0.0000, 775.7557, -1078.7620, 0.0000, 60, 90, 50
L 775.7557, -1078.7620, 0.0000, 764.4143, -1075.9535, 0.0000, 60, 90, 50
L 764.4143, -1075.9535, 0.0000, 753.1686, -1080.0005, 0.0000, 60, 90, 50
L 753.1686, -1080.0005, 0.0000, 740.7825, -1082.2796, 0.0000, 60, 90, 50
L 740.7825, -1082.2796, 0.0000, 732.9723, -1089.6642, 0.0000, 60, 90, 50
L 732.9723, -1089.6642, 0.0000, 729.8956, -1097.3955, 0.0000, 60, 90, 50
L 729.8956, -1097.3955, 0.0000, 733.3172, -1107.3127, 0.0000, 60, 90, 50
L 733.3172, -1107.3127, 0.0000, 733.3127, -1119.0685, 0.0000, 60, 90, 50
L 733.3127, -1119.0685, 0.0000, 739.8498, -1128.7716, 0.0000, 60, 90, 50
L 739.8498, -1128.7716, 0.0000, 743.5454, -1138.8952, 0.0000, 60, 90, 50
L 743.5454, -1138.8952, 0.0000, 751.2380, -1143.4483, 0.0000, 60, 90, 50
L 751.2380, -1143.4483, 0.0000, 763.3444, -1147.1678, 0.0000, 60, 90, 50
L 763.3444, -1147.1678, 0.0000, 775.7272, -1144.0367, 0.0000, 60, 90, 50
L 775.7272, -1144.0367, 0.0000, 784.9458, -1139.9746, 0.0000, 60, 90, 50
L 784.9458, -1139.9746, 0.0000, 790.4225, -1130.1675, 0.0000, 60, 90, 50
L 790.4225, -1130.1675, 0.0000, 798.8947, -1121.6153, 0.0000, 60, 90, 50
L 798.8947, -1121.6153, 0.0000, 800.9285, -1110.7064, 0.0000, 60, 90, 50
L 778.3878, -1099.8501, 0.0000, 776.0148, -1097.1125, 0.0000, 45, 75, 55
L 776.0148, -1097.1125, 0.0000, 773.0990, -1094.9623, 0.0000, 45, 75, 55
L 773.0990, -1094.9623, 0.0000, 769.7823, -1093.5044, 0.0000, 45, 75, 55
L 769.7823, -1093.5044, 0.0000, 766.2266, -1092.8098, 0.0000, 45, 75, 55
L 773.0842, -1126.3296, 0.0000, 776.2574, -1124.4122, 0.0000, 45, 75, 55
L 776.2574, -1124.4122, 0.0000, 778.9986, -1121.9159, 0.0000, 45, 75, 55
L 778.9986, -1121.9159, 0.0000, 781.2036, -1118.9353, 0.0000, 45, 75, 55
L 781.2036, -1118.9353, 0.0000, 782.7887, -1115.5837, 0.0000, 45, 75, 55
L 760.7640, -1141.7300, 0.0000, 764.8776, -1147.5577, 0.0000, 60, 90, 50
L 764.8776, -1147.5577, 0.0000, 768.9913, -1141.7300, 0.0000, 60, 90, 50
