P -19.0187, 146.2837, -0.3740, 160, 105, 0, 3, to_South_Qeynos
P -59.7918, -1331.7235, 0.6260, 160, 105, 0, 3, to_Qeynos_Hills
P -484.0000, -183.0000, 3.7510, 150, 0, 200, 3, Knowledge_Portal
P -341.9560, -190.6448, -24.3456, 160, 105, 0, 3, to_Qeynos_Catacombs
P 162.1703, -300.3462, -2.6932, 160, 105, 0, 3, to_Qeynos_Catacombs
P -358.0000, -91.0000, 3.7510, 35, 95, 55, 2, Bar_Merchants
P -301.0000, -342.0000, 0.6260, 165, 60, 20, 3, LuSun_(GM_Monk)
P -393.0000, -290.0000, 0.6260, 165, 60, 20, 3, _Sorast_(GM_Monk)
P -313.0000, -257.0000, 14.6260, 165, 60, 20, 3, Seta_(GM_Monk)
P -302.0000, -257.0000, 14.6260, 35, 95, 55, 2, Shenro_(Merchant)
P -243.0000, -132.0000, 0.6260, 35, 95, 55, 2, Sneed_(Merchant)
P -204.0000, -125.0000, 0.6260, 35, 95, 55, 2, Tanlyn_(Merchant)
P -235.0000, -6.0000, -0.3740, 30, 70, 90, 2, Priest_of_Discord
P -212.0000, -24.0000, -0.3740, 165, 60, 20, 3, Phin_(GM_Monk)
P -94.0000, -217.0000, 0.6260, 35, 95, 55, 2, Tubal_(Merchant)
P 450.3208, 87.4346, 35.2526, 30, 70, 90, 2, Temple_of_Life
P 692.0000, 155.0000, -14.3740, 165, 60, 20, 3, Tonmerk_(GM_Cleric)
P 700.0000, 148.0000, -14.3740, 165, 60, 20, 3, Suuspa_(GM_Paladin)
P 677.0000, 108.0000, -13.3740, 165, 60, 20, 3, Filian_(GM_Paladin)
P 677.0000, 58.0000, -13.3740, 165, 60, 20, 3, Jahnda_(GM_Cleric)
P 603.0000, 132.0000, -13.3740, 165, 60, 20, 3, Caulria_(GM_Cleric)
P 676.0000, 205.0000, -13.3740, 165, 60, 20, 3, Camlend_(GM_Paladin)
P 748.0000, 131.0000, -13.3740, 35, 95, 55, 2, Balhallia_(Spells)
P 470.0000, 174.0000, 33.7510, 165, 60, 20, 3, Astaed_(GM_Paladin)
P 424.0000, 227.0000, 23.7510, 165, 60, 20, 3, Davloran_(GM_Paladin)
P 260.0000, 232.0000, 3.7510, 165, 60, 20, 3, Nomsoe_(GM_Cleric)
P 239.0000, 220.0000, 3.7510, 35, 95, 55, 2, Spell_Merchants
P 115.0000, 127.0000, 3.7510, 165, 60, 20, 3, Roesager_(GM_Paladin)
P 124.0000, 143.0000, 3.7510, 35, 95, 55, 2, Spell_Merchants
P 145.0000, 160.0000, 3.7510, 35, 95, 55, 2, Tyokan_(Weapons)
P 160.0000, 160.0000, 3.7510, 35, 95, 55, 2, Berane_(Spells)
P 6.0000, 88.0000, 17.7510, 30, 70, 90, 2, Roger_(Cobbler)
P -19.0000, 63.0000, 3.7510, 30, 70, 90, 2, Gerault_(Cobbler)
P -34.0000, -60.0000, 3.7510, 30, 70, 90, 2, Svena_(Gems)
P -60.0000, -52.0000, 3.7510, 30, 70, 90, 2, Ziska_(Jewelry)
P -86.0000, -50.0000, 3.7510, 35, 95, 55, 2, Rendallen_(Weapons)
P -24.0000, 22.0000, 3.7510, 35, 95, 55, 2, Connie_(Smith)
P 5.0000, 11.0000, 3.7510, 35, 95, 55, 2, Nerissa_(Armorer)
P -160.0000, -69.0000, -29.2490, 35, 95, 55, 2, Pelshia_(Weapons)
P -168.0000, -63.0000, -29.2490, 35, 95, 55, 2, Ghil_(Merchant)
P -149.0000, -31.0000, -27.2490, 30, 70, 90, 2, Rogue_Guild
P -52.0000, -21.0000, 3.7510, 35, 95, 55, 2, Dren_(Smith)
P -342.8757, -133.7029, 3.7510, 30, 70, 90, 2, Crow's_Bar
P -105.0515, -173.8259, -38.2177, 160, 105, 0, 3, to_Qeynos_Catacombs
P -398.2469, 21.4772, -0.9990, 160, 105, 0, 3, to_South_Qeynos
