L -1273.5311, -1029.6250, 0.0000,  -1235.2067, -1014.4240, 0.0000,  70, 65, 60
L -1235.2067, -1014.4240, 0.0000,  -1196.8821, -1029.6250, 0.0000,  70, 65, 60
L -1196.8821, -1029.6250, 0.0000,  -1158.5575, -997.4113, 0.0000,  70, 65, 60
L -1158.5575, -997.4113, 0.0000,  -1120.2330, -1029.6250, 0.0000,  70, 65, 60
L -1120.2330, -1029.6250, 0.0000,  -1081.9086, -1005.1149, 0.0000,  70, 65, 60
L -1081.9086, -1005.1149, 0.0000,  -1043.5840, -1029.6250, 0.0000,  70, 65, 60
L -1043.5840, -1029.6250, 0.0000,  -1005.2596, -1002.2458, 0.0000,  70, 65, 60
L -1005.2596, -1002.2458, 0.0000,  -966.9351, -1029.6250, 0.0000,  70, 65, 60
L -966.9351, -1029.6250, 0.0000,  -928.6105, -1015.7479, 0.0000,  70, 65, 60
L -928.6105, -1015.7479, 0.0000,  -890.2859, -1029.6250, 0.0000,  70, 65, 60
L -890.2859, -1029.6250, 0.0000,  -851.9615, -1016.4537, 0.0000,  70, 65, 60
L -851.9615, -1016.4537, 0.0000,  -813.6370, -1029.6250, 0.0000,  70, 65, 60
L -813.6370, -1029.6250, 0.0000,  -775.3125, -1002.5157, 0.0000,  70, 65, 60
L -775.3125, -1002.5157, 0.0000,  -736.9879, -1029.6250, 0.0000,  70, 65, 60
L -736.9879, -1029.6250, 0.0000,  -698.6634, -1008.3254, 0.0000,  70, 65, 60
L -698.6634, -1008.3254, 0.0000,  -660.3389, -1029.6250, 0.0000,  70, 65, 60
L -660.3389, -1029.6250, 0.0000,  -622.0143, -1016.1246, 0.0000,  70, 65, 60
L -622.0143, -1016.1246, 0.0000,  -583.6899, -1029.6250, 0.0000,  70, 65, 60
L -583.6899, -1029.6250, 0.0000,  -545.3653, -996.9875, 0.0000,  70, 65, 60
L -545.3653, -996.9875, 0.0000,  -507.0408, -1029.6250, 0.0000,  70, 65, 60
L -507.0408, -1029.6250, 0.0000,  -468.7163, -1003.7039, 0.0000,  70, 65, 60
L -468.7163, -1003.7039, 0.0000,  -430.3918, -1029.6250, 0.0000,  70, 65, 60
L -430.3918, -1029.6250, 0.0000,  -392.0673, -1000.0090, 0.0000,  70, 65, 60
L -392.0673, -1000.0090, 0.0000,  -353.7428, -1029.6250, 0.0000,  70, 65, 60
L -353.7428, -1029.6250, 0.0000,  -315.4182, -1015.8743, 0.0000,  70, 65, 60
L -315.4182, -1015.8743, 0.0000,  -277.0937, -1029.6250, 0.0000,  70, 65, 60
L -277.0937, -1029.6250, 0.0000,  -238.7692, -998.8022, 0.0000,  70, 65, 60
L -238.7692, -998.8022, 0.0000,  -200.4447, -1029.6250, 0.0000,  70, 65, 60
L -200.4447, -1029.6250, 0.0000,  -162.1202, -1016.2526, 0.0000,  70, 65, 60
L -162.1202, -1016.2526, 0.0000,  -123.7956, -1029.6250, 0.0000,  70, 65, 60
L -123.7956, -1029.6250, 0.0000,  -85.4711, -998.6577, 0.0000,  70, 65, 60
L -85.4711, -998.6577, 0.0000,  -47.1466, -1029.6250, 0.0000,  70, 65, 60
L -47.1466, -1029.6250, 0.0000,  -8.8221, -1007.6966, 0.0000,  70, 65, 60
L -8.8221, -1007.6966, 0.0000,  29.5024, -1029.6250, 0.0000,  70, 65, 60
L 29.5024, -1029.6250, 0.0000,  67.8269, -1010.2297, 0.0000,  70, 65, 60
L 67.8269, -1010.2297, 0.0000,  106.1515, -1029.6250, 0.0000,  70, 65, 60
L 106.1515, -1029.6250, 0.0000,  144.4760, -1005.5023, 0.0000,  70, 65, 60
L 144.4760, -1005.5023, 0.0000,  182.8005, -1029.6250, 0.0000,  70, 65, 60
L 182.8005, -1029.6250, 0.0000,  221.1250, -997.2455, 0.0000,  70, 65, 60
L 221.1250, -997.2455, 0.0000,  259.4495, -1029.6250, 0.0000,  70, 65, 60
L 259.4495, -1029.6250, 0.0000,  297.7741, -1011.8053, 0.0000,  70, 65, 60
L 297.7741, -1011.8053, 0.0000,  336.0986, -1029.6250, 0.0000,  70, 65, 60
L 336.0986, -1029.6250, 0.0000,  374.4231, -1014.8691, 0.0000,  70, 65, 60
L 374.4231, -1014.8691, 0.0000,  412.7476, -1029.6250, 0.0000,  70, 65, 60
L 412.7476, -1029.6250, 0.0000,  451.0721, -1006.0801, 0.0000,  70, 65, 60
L 451.0721, -1006.0801, 0.0000,  489.3966, -1029.6250, 0.0000,  70, 65, 60
L 489.3966, -1029.6250, 0.0000,  527.7212, -1012.4556, 0.0000,  70, 65, 60
L 527.7212, -1012.4556, 0.0000,  566.0457, -1029.6250, 0.0000,  70, 65, 60
L 566.0457, -1029.6250, 0.0000,  604.3702, -1015.3061, 0.0000,  70, 65, 60
L 604.3702, -1015.3061, 0.0000,  642.6946, -1029.6250, 0.0000,  70, 65, 60
L 642.6946, -1029.6250, 0.0000,  681.0192, -1014.1570, 0.0000,  70, 65, 60
L 681.0192, -1014.1570, 0.0000,  719.3438, -1029.6250, 0.0000,  70, 65, 60
L 719.3438, -1029.6250, 0.0000,  757.6683, -1016.6116, 0.0000,  70, 65, 60
L 757.6683, -1016.6116, 0.0000,  795.9928, -1029.6250, 0.0000,  70, 65, 60
L 795.9928, -1029.6250, 0.0000,  834.3173, -1013.2659, 0.0000,  70, 65, 60
L 834.3173, -1013.2659, 0.0000,  872.6418, -1029.6250, 0.0000,  70, 65, 60
L 872.6418, -1029.6250, 0.0000,  910.9664, -1010.8300, 0.0000,  70, 65, 60
L 910.9664, -1010.8300, 0.0000,  949.2909, -1029.6250, 0.0000,  70, 65, 60
L 949.2909, -1029.6250, 0.0000,  987.6154, -1010.9844, 0.0000,  70, 65, 60
L 987.6154, -1010.9844, 0.0000,  1025.9398, -1029.6250, 0.0000,  70, 65, 60
L 1025.9398, -1029.6250, 0.0000,  1064.2643, -1000.9401, 0.0000,  70, 65, 60
L 1064.2643, -1000.9401, 0.0000,  1102.5889, -1029.6250, 0.0000,  70, 65, 60
L 1102.5889, -1029.6250, 0.0000,  1140.9135, -1011.3169, 0.0000,  70, 65, 60
L 1140.9135, -1011.3169, 0.0000,  1179.2379, -1029.6250, 0.0000,  70, 65, 60
L 1179.2379, -1029.6250, 0.0000,  1217.5625, -1006.6730, 0.0000,  70, 65, 60
L 1217.5625, -1029.6250, 0.0000,  1201.7308, -991.1520, 0.0000,  70, 65, 60
L 1201.7308, -991.1520, 0.0000,  1217.5625, -952.6791, 0.0000,  70, 65, 60
L 1217.5625, -952.6791, 0.0000,  1197.9938, -914.2061, 0.0000,  70, 65, 60
L 1197.9938, -914.2061, 0.0000,  1217.5625, -875.7331, 0.0000,  70, 65, 60
L 1217.5625, -875.7331, 0.0000,  1205.2610, -837.2601, 0.0000,  70, 65, 60
L 1205.2610, -837.2601, 0.0000,  1217.5625, -798.7872, 0.0000,  70, 65, 60
L 1217.5625, -798.7872, 0.0000,  1200.1276, -760.3141, 0.0000,  70, 65, 60
L 1200.1276, -760.3141, 0.0000,  1217.5625, -721.8412, 0.0000,  70, 65, 60
L 1217.5625, -721.8412, 0.0000,  1205.3234, -683.3682, 0.0000,  70, 65, 60
L 1205.3234, -683.3682, 0.0000,  1217.5625, -644.8953, 0.0000,  70, 65, 60
L 1217.5625, -644.8953, 0.0000,  1189.4613, -606.4222, 0.0000,  70, 65, 60
L 1189.4613, -606.4222, 0.0000,  1217.5625, -567.9493, 0.0000,  70, 65, 60
L 1217.5625, -567.9493, 0.0000,  1193.4843, -529.4764, 0.0000,  70, 65, 60
L 1193.4843, -529.4764, 0.0000,  1217.5625, -491.0034, 0.0000,  70, 65, 60
L 1217.5625, -491.0034, 0.0000,  1201.4755, -452.5304, 0.0000,  70, 65, 60
L 1201.4755, -452.5304, 0.0000,  1217.5625, -414.0574, 0.0000,  70, 65, 60
L 1217.5625, -414.0574, 0.0000,  1195.1703, -375.5845, 0.0000,  70, 65, 60
L 1195.1703, -375.5845, 0.0000,  1217.5625, -337.1115, 0.0000,  70, 65, 60
L 1217.5625, -337.1115, 0.0000,  1185.0068, -298.6385, 0.0000,  70, 65, 60
L 1185.0068, -298.6385, 0.0000,  1217.5625, -260.1655, 0.0000,  70, 65, 60
L 1217.5625, -260.1655, 0.0000,  1203.3136, -221.6926, 0.0000,  70, 65, 60
L 1203.3136, -221.6926, 0.0000,  1217.5625, -183.2196, 0.0000,  70, 65, 60
L 1217.5625, -183.2196, 0.0000,  1187.5643, -144.7466, 0.0000,  70, 65, 60
L 1187.5643, -144.7466, 0.0000,  1217.5625, -106.2736, 0.0000,  70, 65, 60
L 1217.5625, -106.2736, 0.0000,  1196.1113, -67.8007, 0.0000,  70, 65, 60
L 1196.1113, -67.8007, 0.0000,  1217.5625, -29.3277, 0.0000,  70, 65, 60
L 1217.5625, -29.3277, 0.0000,  1194.7229, 9.1453, 0.0000,  70, 65, 60
L 1194.7229, 9.1453, 0.0000,  1217.5625, 47.6182, 0.0000,  70, 65, 60
L 1217.5625, 47.6182, 0.0000,  1187.2174, 86.0912, 0.0000,  70, 65, 60
L 1187.2174, 86.0912, 0.0000,  1217.5625, 124.5642, 0.0000,  70, 65, 60
L 1217.5625, 124.5642, 0.0000,  1196.9752, 163.0372, 0.0000,  70, 65, 60
L 1196.9752, 163.0372, 0.0000,  1217.5625, 201.5101, 0.0000,  70, 65, 60
L 1217.5625, 201.5101, 0.0000,  1194.4646, 239.9831, 0.0000,  70, 65, 60
L 1194.4646, 239.9831, 0.0000,  1217.5625, 278.4561, 0.0000,  70, 65, 60
L 1217.5625, 278.4561, 0.0000,  1190.4634, 316.9291, 0.0000,  70, 65, 60
L 1190.4634, 316.9291, 0.0000,  1217.5625, 355.4020, 0.0000,  70, 65, 60
L 1217.5625, 355.4020, 0.0000,  1183.9506, 393.8750, 0.0000,  70, 65, 60
L 1217.5625, 393.8750, 0.0000,  1179.2379, 374.4012, 0.0000,  70, 65, 60
L 1179.2379, 374.4012, 0.0000,  1140.9135, 393.8750, 0.0000,  70, 65, 60
L 1140.9135, 393.8750, 0.0000,  1102.5889, 363.5815, 0.0000,  70, 65, 60
L 1102.5889, 363.5815, 0.0000,  1064.2643, 393.8750, 0.0000,  70, 65, 60
L 1064.2643, 393.8750, 0.0000,  1025.9398, 366.3564, 0.0000,  70, 65, 60
L 1025.9398, 366.3564, 0.0000,  987.6154, 393.8750, 0.0000,  70, 65, 60
L 987.6154, 393.8750, 0.0000,  949.2909, 367.9199, 0.0000,  70, 65, 60
L 949.2909, 367.9199, 0.0000,  910.9664, 393.8750, 0.0000,  70, 65, 60
L 910.9664, 393.8750, 0.0000,  872.6418, 373.0312, 0.0000,  70, 65, 60
L 872.6418, 373.0312, 0.0000,  834.3173, 393.8750, 0.0000,  70, 65, 60
L 834.3173, 393.8750, 0.0000,  795.9928, 374.2941, 0.0000,  70, 65, 60
L 795.9928, 374.2941, 0.0000,  757.6683, 393.8750, 0.0000,  70, 65, 60
L 757.6683, 393.8750, 0.0000,  719.3438, 380.7730, 0.0000,  70, 65, 60
L 719.3438, 380.7730, 0.0000,  681.0192, 393.8750, 0.0000,  70, 65, 60
L 681.0192, 393.8750, 0.0000,  642.6946, 379.1060, 0.0000,  70, 65, 60
L 642.6946, 379.1060, 0.0000,  604.3702, 393.8750, 0.0000,  70, 65, 60
L 604.3702, 393.8750, 0.0000,  566.0457, 380.4120, 0.0000,  70, 65, 60
L 566.0457, 380.4120, 0.0000,  527.7212, 393.8750, 0.0000,  70, 65, 60
L 527.7212, 393.8750, 0.0000,  489.3966, 365.6013, 0.0000,  70, 65, 60
L 489.3966, 365.6013, 0.0000,  451.0721, 393.8750, 0.0000,  70, 65, 60
L 451.0721, 393.8750, 0.0000,  412.7476, 376.3264, 0.0000,  70, 65, 60
L 412.7476, 376.3264, 0.0000,  374.4231, 393.8750, 0.0000,  70, 65, 60
L 374.4231, 393.8750, 0.0000,  336.0986, 378.3673, 0.0000,  70, 65, 60
L 336.0986, 378.3673, 0.0000,  297.7741, 393.8750, 0.0000,  70, 65, 60
L 297.7741, 393.8750, 0.0000,  259.4495, 380.1079, 0.0000,  70, 65, 60
L 259.4495, 380.1079, 0.0000,  221.1250, 393.8750, 0.0000,  70, 65, 60
L 221.1250, 393.8750, 0.0000,  182.8005, 363.3830, 0.0000,  70, 65, 60
L 182.8005, 363.3830, 0.0000,  144.4760, 393.8750, 0.0000,  70, 65, 60
L 144.4760, 393.8750, 0.0000,  106.1515, 362.7361, 0.0000,  70, 65, 60
L 106.1515, 362.7361, 0.0000,  67.8269, 393.8750, 0.0000,  70, 65, 60
L 67.8269, 393.8750, 0.0000,  29.5024, 367.1560, 0.0000,  70, 65, 60
L 29.5024, 367.1560, 0.0000,  -8.8221, 393.8750, 0.0000,  70, 65, 60
L -8.8221, 393.8750, 0.0000,  -47.1466, 375.7443, 0.0000,  70, 65, 60
L -47.1466, 375.7443, 0.0000,  -85.4711, 393.8750, 0.0000,  70, 65, 60
L -85.4711, 393.8750, 0.0000,  -123.7956, 376.6221, 0.0000,  70, 65, 60
L -123.7956, 376.6221, 0.0000,  -162.1202, 393.8750, 0.0000,  70, 65, 60
L -162.1202, 393.8750, 0.0000,  -200.4447, 375.4984, 0.0000,  70, 65, 60
L -200.4447, 375.4984, 0.0000,  -238.7692, 393.8750, 0.0000,  70, 65, 60
L -238.7692, 393.8750, 0.0000,  -277.0937, 371.8211, 0.0000,  70, 65, 60
L -277.0937, 371.8211, 0.0000,  -315.4182, 393.8750, 0.0000,  70, 65, 60
L -315.4182, 393.8750, 0.0000,  -353.7428, 378.4935, 0.0000,  70, 65, 60
L -353.7428, 378.4935, 0.0000,  -392.0673, 393.8750, 0.0000,  70, 65, 60
L -392.0673, 393.8750, 0.0000,  -430.3918, 372.1223, 0.0000,  70, 65, 60
L -430.3918, 372.1223, 0.0000,  -468.7163, 393.8750, 0.0000,  70, 65, 60
L -468.7163, 393.8750, 0.0000,  -507.0408, 376.1573, 0.0000,  70, 65, 60
L -507.0408, 376.1573, 0.0000,  -545.3653, 393.8750, 0.0000,  70, 65, 60
L -545.3653, 393.8750, 0.0000,  -583.6899, 360.7195, 0.0000,  70, 65, 60
L -583.6899, 360.7195, 0.0000,  -622.0143, 393.8750, 0.0000,  70, 65, 60
L -622.0143, 393.8750, 0.0000,  -660.3389, 360.4800, 0.0000,  70, 65, 60
L -660.3389, 360.4800, 0.0000,  -698.6634, 393.8750, 0.0000,  70, 65, 60
L -698.6634, 393.8750, 0.0000,  -736.9879, 369.8847, 0.0000,  70, 65, 60
L -736.9879, 369.8847, 0.0000,  -775.3125, 393.8750, 0.0000,  70, 65, 60
L -775.3125, 393.8750, 0.0000,  -813.6370, 376.5727, 0.0000,  70, 65, 60
L -813.6370, 376.5727, 0.0000,  -851.9615, 393.8750, 0.0000,  70, 65, 60
L -851.9615, 393.8750, 0.0000,  -890.2859, 360.6338, 0.0000,  70, 65, 60
L -890.2859, 360.6338, 0.0000,  -928.6105, 393.8750, 0.0000,  70, 65, 60
L -928.6105, 393.8750, 0.0000,  -966.9351, 375.1340, 0.0000,  70, 65, 60
L -966.9351, 375.1340, 0.0000,  -1005.2596, 393.8750, 0.0000,  70, 65, 60
L -1005.2596, 393.8750, 0.0000,  -1043.5840, 374.0945, 0.0000,  70, 65, 60
L -1043.5840, 374.0945, 0.0000,  -1081.9086, 393.8750, 0.0000,  70, 65, 60
L -1081.9086, 393.8750, 0.0000,  -1120.2330, 381.9514, 0.0000,  70, 65, 60
L -1120.2330, 381.9514, 0.0000,  -1158.5575, 393.8750, 0.0000,  70, 65, 60
L -1158.5575, 393.8750, 0.0000,  -1196.8821, 373.5411, 0.0000,  70, 65, 60
L -1196.8821, 373.5411, 0.0000,  -1235.2067, 393.8750, 0.0000,  70, 65, 60
L -1235.2067, 393.8750, 0.0000,  -1273.5311, 371.4854, 0.0000,  70, 65, 60
L -1273.5311, 393.8750, 0.0000,  -1250.5200, 355.4020, 0.0000,  70, 65, 60
L -1250.5200, 355.4020, 0.0000,  -1273.5311, 316.9291, 0.0000,  70, 65, 60
L -1273.5311, 316.9291, 0.0000,  -1257.1895, 278.4561, 0.0000,  70, 65, 60
L -1257.1895, 278.4561, 0.0000,  -1273.5311, 239.9831, 0.0000,  70, 65, 60
L -1273.5311, 239.9831, 0.0000,  -1250.4764, 201.5101, 0.0000,  70, 65, 60
L -1250.4764, 201.5101, 0.0000,  -1273.5311, 163.0372, 0.0000,  70, 65, 60
L -1273.5311, 163.0372, 0.0000,  -1261.5217, 124.5642, 0.0000,  70, 65, 60
L -1261.5217, 124.5642, 0.0000,  -1273.5311, 86.0912, 0.0000,  70, 65, 60
L -1273.5311, 86.0912, 0.0000,  -1255.7931, 47.6182, 0.0000,  70, 65, 60
L -1255.7931, 47.6182, 0.0000,  -1273.5311, 9.1453, 0.0000,  70, 65, 60
L -1273.5311, 9.1453, 0.0000,  -1259.6476, -29.3277, 0.0000,  70, 65, 60
L -1259.6476, -29.3277, 0.0000,  -1273.5311, -67.8007, 0.0000,  70, 65, 60
L -1273.5311, -67.8007, 0.0000,  -1252.8019, -106.2736, 0.0000,  70, 65, 60
L -1252.8019, -106.2736, 0.0000,  -1273.5311, -144.7466, 0.0000,  70, 65, 60
L -1273.5311, -144.7466, 0.0000,  -1260.7103, -183.2196, 0.0000,  70, 65, 60
L -1260.7103, -183.2196, 0.0000,  -1273.5311, -221.6926, 0.0000,  70, 65, 60
L -1273.5311, -221.6926, 0.0000,  -1261.1340, -260.1655, 0.0000,  70, 65, 60
L -1261.1340, -260.1655, 0.0000,  -1273.5311, -298.6385, 0.0000,  70, 65, 60
L -1273.5311, -298.6385, 0.0000,  -1254.9073, -337.1115, 0.0000,  70, 65, 60
L -1254.9073, -337.1115, 0.0000,  -1273.5311, -375.5845, 0.0000,  70, 65, 60
L -1273.5311, -375.5845, 0.0000,  -1256.4861, -414.0574, 0.0000,  70, 65, 60
L -1256.4861, -414.0574, 0.0000,  -1273.5311, -452.5304, 0.0000,  70, 65, 60
L -1273.5311, -452.5304, 0.0000,  -1248.6897, -491.0034, 0.0000,  70, 65, 60
L -1248.6897, -491.0034, 0.0000,  -1273.5311, -529.4764, 0.0000,  70, 65, 60
L -1273.5311, -529.4764, 0.0000,  -1249.9360, -567.9493, 0.0000,  70, 65, 60
L -1249.9360, -567.9493, 0.0000,  -1273.5311, -606.4222, 0.0000,  70, 65, 60
L -1273.5311, -606.4222, 0.0000,  -1245.0442, -644.8953, 0.0000,  70, 65, 60
L -1245.0442, -644.8953, 0.0000,  -1273.5311, -683.3682, 0.0000,  70, 65, 60
L -1273.5311, -683.3682, 0.0000,  -1247.0995, -721.8412, 0.0000,  70, 65, 60
L -1247.0995, -721.8412, 0.0000,  -1273.5311, -760.3141, 0.0000,  70, 65, 60
L -1273.5311, -760.3141, 0.0000,  -1245.8076, -798.7872, 0.0000,  70, 65, 60
L -1245.8076, -798.7872, 0.0000,  -1273.5311, -837.2601, 0.0000,  70, 65, 60
L -1273.5311, -837.2601, 0.0000,  -1242.2032, -875.7331, 0.0000,  70, 65, 60
L -1242.2032, -875.7331, 0.0000,  -1273.5311, -914.2061, 0.0000,  70, 65, 60
L -1273.5311, -914.2061, 0.0000,  -1253.0228, -952.6791, 0.0000,  70, 65, 60
L -1253.0228, -952.6791, 0.0000,  -1273.5311, -991.1520, 0.0000,  70, 65, 60
L -1273.5311, -991.1520, 0.0000,  -1254.4236, -1029.6250, 0.0000,  70, 65, 60
L -1247.5311, -1003.6250, 0.0000,  -1203.1840, -983.8235, 0.0000,  120, 112, 102
L -1203.1840, -983.8235, 0.0000,  -1158.8368, -1003.6250, 0.0000,  120, 112, 102
L -1158.8368, -1003.6250, 0.0000,  -1114.4896, -994.6819, 0.0000,  120, 112, 102
L -1114.4896, -994.6819, 0.0000,  -1070.1426, -1003.6250, 0.0000,  120, 112, 102
L -1070.1426, -1003.6250, 0.0000,  -1025.7953, -987.2110, 0.0000,  120, 112, 102
L -1025.7953, -987.2110, 0.0000,  -981.4482, -1003.6250, 0.0000,  120, 112, 102
L -981.4482, -1003.6250, 0.0000,  -937.1011, -988.2631, 0.0000,  120, 112, 102
L -937.1011, -988.2631, 0.0000,  -892.7538, -1003.6250, 0.0000,  120, 112, 102
L -892.7538, -1003.6250, 0.0000,  -848.4068, -996.0558, 0.0000,  120, 112, 102
L -848.4068, -996.0558, 0.0000,  -804.0596, -1003.6250, 0.0000,  120, 112, 102
L -804.0596, -1003.6250, 0.0000,  -759.7125, -985.7662, 0.0000,  120, 112, 102
L -759.7125, -985.7662, 0.0000,  -715.3653, -1003.6250, 0.0000,  120, 112, 102
L -715.3653, -1003.6250, 0.0000,  -671.0181, -985.0297, 0.0000,  120, 112, 102
L -671.0181, -985.0297, 0.0000,  -626.6710, -1003.6250, 0.0000,  120, 112, 102
L -626.6710, -1003.6250, 0.0000,  -582.3238, -988.4697, 0.0000,  120, 112, 102
L -582.3238, -988.4697, 0.0000,  -537.9767, -1003.6250, 0.0000,  120, 112, 102
L -537.9767, -1003.6250, 0.0000,  -493.6295, -987.0849, 0.0000,  120, 112, 102
L -493.6295, -987.0849, 0.0000,  -449.2824, -1003.6250, 0.0000,  120, 112, 102
L -449.2824, -1003.6250, 0.0000,  -404.9352, -986.0662, 0.0000,  120, 112, 102
L -404.9352, -986.0662, 0.0000,  -360.5880, -1003.6250, 0.0000,  120, 112, 102
L -360.5880, -1003.6250, 0.0000,  -316.2409, -994.8140, 0.0000,  120, 112, 102
L -316.2409, -994.8140, 0.0000,  -271.8937, -1003.6250, 0.0000,  120, 112, 102
L -271.8937, -1003.6250, 0.0000,  -227.5466, -989.8162, 0.0000,  120, 112, 102
L -227.5466, -989.8162, 0.0000,  -183.1994, -1003.6250, 0.0000,  120, 112, 102
L -183.1994, -1003.6250, 0.0000,  -138.8522, -990.0682, 0.0000,  120, 112, 102
L -138.8522, -990.0682, 0.0000,  -94.5051, -1003.6250, 0.0000,  120, 112, 102
L -94.5051, -1003.6250, 0.0000,  -50.1579, -985.7708, 0.0000,  120, 112, 102
L -50.1579, -985.7708, 0.0000,  -5.8108, -1003.6250, 0.0000,  120, 112, 102
L -5.8108, -1003.6250, 0.0000,  38.5364, -986.1642, 0.0000,  120, 112, 102
L 38.5364, -986.1642, 0.0000,  82.8835, -1003.6250, 0.0000,  120, 112, 102
L 82.8835, -1003.6250, 0.0000,  127.2307, -985.8817, 0.0000,  120, 112, 102
L 127.2307, -985.8817, 0.0000,  171.5779, -1003.6250, 0.0000,  120, 112, 102
L 171.5779, -1003.6250, 0.0000,  215.9250, -989.0322, 0.0000,  120, 112, 102
L 215.9250, -989.0322, 0.0000,  260.2722, -1003.6250, 0.0000,  120, 112, 102
L 260.2722, -1003.6250, 0.0000,  304.6193, -985.0182, 0.0000,  120, 112, 102
L 304.6193, -985.0182, 0.0000,  348.9665, -1003.6250, 0.0000,  120, 112, 102
L 348.9665, -1003.6250, 0.0000,  393.3137, -987.7474, 0.0000,  120, 112, 102
L 393.3137, -987.7474, 0.0000,  437.6608, -1003.6250, 0.0000,  120, 112, 102
L 437.6608, -1003.6250, 0.0000,  482.0080, -987.6118, 0.0000,  120, 112, 102
L 482.0080, -987.6118, 0.0000,  526.3550, -1003.6250, 0.0000,  120, 112, 102
L 526.3550, -1003.6250, 0.0000,  570.7023, -993.6357, 0.0000,  120, 112, 102
L 570.7023, -993.6357, 0.0000,  615.0494, -1003.6250, 0.0000,  120, 112, 102
L 615.0494, -1003.6250, 0.0000,  659.3965, -996.2198, 0.0000,  120, 112, 102
L 659.3965, -996.2198, 0.0000,  703.7438, -1003.6250, 0.0000,  120, 112, 102
L 703.7438, -1003.6250, 0.0000,  748.0909, -994.8948, 0.0000,  120, 112, 102
L 748.0909, -994.8948, 0.0000,  792.4380, -1003.6250, 0.0000,  120, 112, 102
L 792.4380, -1003.6250, 0.0000,  836.7852, -991.9358, 0.0000,  120, 112, 102
L 836.7852, -991.9358, 0.0000,  881.1324, -1003.6250, 0.0000,  120, 112, 102
L 881.1324, -1003.6250, 0.0000,  925.4796, -995.2610, 0.0000,  120, 112, 102
L 925.4796, -995.2610, 0.0000,  969.8267, -1003.6250, 0.0000,  120, 112, 102
L 969.8267, -1003.6250, 0.0000,  1014.1739, -985.7593, 0.0000,  120, 112, 102
L 1014.1739, -985.7593, 0.0000,  1058.5210, -1003.6250, 0.0000,  120, 112, 102
L 1058.5210, -1003.6250, 0.0000,  1102.8682, -989.3641, 0.0000,  120, 112, 102
L 1102.8682, -989.3641, 0.0000,  1147.2152, -1003.6250, 0.0000,  120, 112, 102
L 1147.2152, -1003.6250, 0.0000,  1191.5625, -988.4640, 0.0000,  120, 112, 102
L 1191.5625, -1003.6250, 0.0000,  1176.4215, -959.3831, 0.0000,  120, 112, 102
L 1176.4215, -959.3831, 0.0000,  1191.5625, -915.1411, 0.0000,  120, 112, 102
L 1191.5625, -915.1411, 0.0000,  1175.7139, -870.8992, 0.0000,  120, 112, 102
L 1175.7139, -870.8992, 0.0000,  1191.5625, -826.6573, 0.0000,  120, 112, 102
L 1191.5625, -826.6573, 0.0000,  1178.2017, -782.4153, 0.0000,  120, 112, 102
L 1178.2017, -782.4153, 0.0000,  1191.5625, -738.1733, 0.0000,  120, 112, 102
L 1191.5625, -738.1733, 0.0000,  1184.5193, -693.9315, 0.0000,  120, 112, 102
L 1184.5193, -693.9315, 0.0000,  1191.5625, -649.6895, 0.0000,  120, 112, 102
L 1191.5625, -649.6895, 0.0000,  1174.1924, -605.4476, 0.0000,  120, 112, 102
L 1174.1924, -605.4476, 0.0000,  1191.5625, -561.2056, 0.0000,  120, 112, 102
L 1191.5625, -561.2056, 0.0000,  1174.8351, -516.9637, 0.0000,  120, 112, 102
L 1174.8351, -516.9637, 0.0000,  1191.5625, -472.7218, 0.0000,  120, 112, 102
L 1191.5625, -472.7218, 0.0000,  1178.0238, -428.4798, 0.0000,  120, 112, 102
L 1178.0238, -428.4798, 0.0000,  1191.5625, -384.2379, 0.0000,  120, 112, 102
L 1191.5625, -384.2379, 0.0000,  1177.6049, -339.9960, 0.0000,  120, 112, 102
L 1177.6049, -339.9960, 0.0000,  1191.5625, -295.7540, 0.0000,  120, 112, 102
L 1191.5625, -295.7540, 0.0000,  1175.9916, -251.5121, 0.0000,  120, 112, 102
L 1175.9916, -251.5121, 0.0000,  1191.5625, -207.2702, 0.0000,  120, 112, 102
L 1191.5625, -207.2702, 0.0000,  1183.7037, -163.0282, 0.0000,  120, 112, 102
L 1183.7037, -163.0282, 0.0000,  1191.5625, -118.7863, 0.0000,  120, 112, 102
L 1191.5625, -118.7863, 0.0000,  1174.9843, -74.5444, 0.0000,  120, 112, 102
L 1174.9843, -74.5444, 0.0000,  1191.5625, -30.3024, 0.0000,  120, 112, 102
L 1191.5625, -30.3024, 0.0000,  1181.2839, 13.9395, 0.0000,  120, 112, 102
L 1181.2839, 13.9395, 0.0000,  1191.5625, 58.1815, 0.0000,  120, 112, 102
L 1191.5625, 58.1815, 0.0000,  1183.5946, 102.4234, 0.0000,  120, 112, 102
L 1183.5946, 102.4234, 0.0000,  1191.5625, 146.6653, 0.0000,  120, 112, 102
L 1191.5625, 146.6653, 0.0000,  1181.1101, 190.9073, 0.0000,  120, 112, 102
L 1181.1101, 190.9073, 0.0000,  1191.5625, 235.1492, 0.0000,  120, 112, 102
L 1191.5625, 235.1492, 0.0000,  1175.0811, 279.3911, 0.0000,  120, 112, 102
L 1175.0811, 279.3911, 0.0000,  1191.5625, 323.6331, 0.0000,  120, 112, 102
L 1191.5625, 323.6331, 0.0000,  1181.8947, 367.8750, 0.0000,  120, 112, 102
L 1191.5625, 367.8750, 0.0000,  1147.2152, 351.2572, 0.0000,  120, 112, 102
L 1147.2152, 351.2572, 0.0000,  1102.8682, 367.8750, 0.0000,  120, 112, 102
L 1102.8682, 367.8750, 0.0000,  1058.5210, 348.1904, 0.0000,  120, 112, 102
L 1058.5210, 348.1904, 0.0000,  1014.1739, 367.8750, 0.0000,  120, 112, 102
L 1014.1739, 367.8750, 0.0000,  969.8267, 354.4537, 0.0000,  120, 112, 102
L 969.8267, 354.4537, 0.0000,  925.4796, 367.8750, 0.0000,  120, 112, 102
L 925.4796, 367.8750, 0.0000,  881.1324, 355.9017, 0.0000,  120, 112, 102
L 881.1324, 355.9017, 0.0000,  836.7852, 367.8750, 0.0000,  120, 112, 102
L 836.7852, 367.8750, 0.0000,  792.4380, 354.6479, 0.0000,  120, 112, 102
L 792.4380, 354.6479, 0.0000,  748.0909, 367.8750, 0.0000,  120, 112, 102
L 748.0909, 367.8750, 0.0000,  703.7438, 351.9869, 0.0000,  120, 112, 102
L 703.7438, 351.9869, 0.0000,  659.3965, 367.8750, 0.0000,  120, 112, 102
L 659.3965, 367.8750, 0.0000,  615.0494, 350.9044, 0.0000,  120, 112, 102
L 615.0494, 350.9044, 0.0000,  570.7023, 367.8750, 0.0000,  120, 112, 102
L 570.7023, 367.8750, 0.0000,  526.3550, 352.8543, 0.0000,  120, 112, 102
L 526.3550, 352.8543, 0.0000,  482.0080, 367.8750, 0.0000,  120, 112, 102
L 482.0080, 367.8750, 0.0000,  437.6608, 352.5191, 0.0000,  120, 112, 102
L 437.6608, 352.5191, 0.0000,  393.3137, 367.8750, 0.0000,  120, 112, 102
L 393.3137, 367.8750, 0.0000,  348.9665, 359.8679, 0.0000,  120, 112, 102
L 348.9665, 359.8679, 0.0000,  304.6193, 367.8750, 0.0000,  120, 112, 102
L 304.6193, 367.8750, 0.0000,  260.2722, 358.9585, 0.0000,  120, 112, 102
L 260.2722, 358.9585, 0.0000,  215.9250, 367.8750, 0.0000,  120, 112, 102
L 215.9250, 367.8750, 0.0000,  171.5779, 357.5738, 0.0000,  120, 112, 102
L 171.5779, 357.5738, 0.0000,  127.2307, 367.8750, 0.0000,  120, 112, 102
L 127.2307, 367.8750, 0.0000,  82.8835, 351.2132, 0.0000,  120, 112, 102
L 82.8835, 351.2132, 0.0000,  38.5364, 367.8750, 0.0000,  120, 112, 102
L 38.5364, 367.8750, 0.0000,  -5.8108, 356.9176, 0.0000,  120, 112, 102
L -5.8108, 356.9176, 0.0000,  -50.1579, 367.8750, 0.0000,  120, 112, 102
L -50.1579, 367.8750, 0.0000,  -94.5051, 353.4941, 0.0000,  120, 112, 102
L -94.5051, 353.4941, 0.0000,  -138.8522, 367.8750, 0.0000,  120, 112, 102
L -138.8522, 367.8750, 0.0000,  -183.1994, 360.7129, 0.0000,  120, 112, 102
L -183.1994, 360.7129, 0.0000,  -227.5466, 367.8750, 0.0000,  120, 112, 102
L -227.5466, 367.8750, 0.0000,  -271.8937, 360.0864, 0.0000,  120, 112, 102
L -271.8937, 360.0864, 0.0000,  -316.2409, 367.8750, 0.0000,  120, 112, 102
L -316.2409, 367.8750, 0.0000,  -360.5880, 357.3810, 0.0000,  120, 112, 102
L -360.5880, 357.3810, 0.0000,  -404.9352, 367.8750, 0.0000,  120, 112, 102
L -404.9352, 367.8750, 0.0000,  -449.2824, 352.1390, 0.0000,  120, 112, 102
L -449.2824, 352.1390, 0.0000,  -493.6295, 367.8750, 0.0000,  120, 112, 102
L -493.6295, 367.8750, 0.0000,  -537.9767, 351.8766, 0.0000,  120, 112, 102
L -537.9767, 351.8766, 0.0000,  -582.3238, 367.8750, 0.0000,  120, 112, 102
L -582.3238, 367.8750, 0.0000,  -626.6710, 352.0908, 0.0000,  120, 112, 102
L -626.6710, 352.0908, 0.0000,  -671.0181, 367.8750, 0.0000,  120, 112, 102
L -671.0181, 367.8750, 0.0000,  -715.3653, 357.0939, 0.0000,  120, 112, 102
L -715.3653, 357.0939, 0.0000,  -759.7125, 367.8750, 0.0000,  120, 112, 102
L -759.7125, 367.8750, 0.0000,  -804.0596, 354.1600, 0.0000,  120, 112, 102
L -804.0596, 354.1600, 0.0000,  -848.4068, 367.8750, 0.0000,  120, 112, 102
L -848.4068, 367.8750, 0.0000,  -892.7538, 354.8344, 0.0000,  120, 112, 102
L -892.7538, 354.8344, 0.0000,  -937.1011, 367.8750, 0.0000,  120, 112, 102
L -937.1011, 367.8750, 0.0000,  -981.4482, 354.8126, 0.0000,  120, 112, 102
L -981.4482, 354.8126, 0.0000,  -1025.7953, 367.8750, 0.0000,  120, 112, 102
L -1025.7953, 367.8750, 0.0000,  -1070.1426, 359.3345, 0.0000,  120, 112, 102
L -1070.1426, 359.3345, 0.0000,  -1114.4896, 367.8750, 0.0000,  120, 112, 102
L -1114.4896, 367.8750, 0.0000,  -1158.8368, 349.2574, 0.0000,  120, 112, 102
L -1158.8368, 349.2574, 0.0000,  -1203.1840, 367.8750, 0.0000,  120, 112, 102
L -1203.1840, 367.8750, 0.0000,  -1247.5311, 358.2847, 0.0000,  120, 112, 102
L -1247.5311, 367.8750, 0.0000,  -1227.8156, 323.6331, 0.0000,  120, 112, 102
L -1227.8156, 323.6331, 0.0000,  -1247.5311, 279.3911, 0.0000,  120, 112, 102
L -1247.5311, 279.3911, 0.0000,  -1228.3599, 235.1492, 0.0000,  120, 112, 102
L -1228.3599, 235.1492, 0.0000,  -1247.5311, 190.9073, 0.0000,  120, 112, 102
L -1247.5311, 190.9073, 0.0000,  -1240.3036, 146.6653, 0.0000,  120, 112, 102
L -1240.3036, 146.6653, 0.0000,  -1247.5311, 102.4234, 0.0000,  120, 112, 102
L -1247.5311, 102.4234, 0.0000,  -1234.5646, 58.1815, 0.0000,  120, 112, 102
L -1234.5646, 58.1815, 0.0000,  -1247.5311, 13.9395, 0.0000,  120, 112, 102
L -1247.5311, 13.9395, 0.0000,  -1229.8724, -30.3024, 0.0000,  120, 112, 102
L -1229.8724, -30.3024, 0.0000,  -1247.5311, -74.5444, 0.0000,  120, 112, 102
L -1247.5311, -74.5444, 0.0000,  -1227.9457, -118.7863, 0.0000,  120, 112, 102
L -1227.9457, -118.7863, 0.0000,  -1247.5311, -163.0282, 0.0000,  120, 112, 102
L -1247.5311, -163.0282, 0.0000,  -1234.6882, -207.2702, 0.0000,  120, 112, 102
L -1234.6882, -207.2702, 0.0000,  -1247.5311, -251.5121, 0.0000,  120, 112, 102
L -1247.5311, -251.5121, 0.0000,  -1237.0387, -295.7540, 0.0000,  120, 112, 102
L -1237.0387, -295.7540, 0.0000,  -1247.5311, -339.9960, 0.0000,  120, 112, 102
L -1247.5311, -339.9960, 0.0000,  -1237.8032, -384.2379, 0.0000,  120, 112, 102
L -1237.8032, -384.2379, 0.0000,  -1247.5311, -428.4798, 0.0000,  120, 112, 102
L -1247.5311, -428.4798, 0.0000,  -1228.2385, -472.7218, 0.0000,  120, 112, 102
L -1228.2385, -472.7218, 0.0000,  -1247.5311, -516.9637, 0.0000,  120, 112, 102
L -1247.5311, -516.9637, 0.0000,  -1237.7920, -561.2056, 0.0000,  120, 112, 102
L -1237.7920, -561.2056, 0.0000,  -1247.5311, -605.4476, 0.0000,  120, 112, 102
L -1247.5311, -605.4476, 0.0000,  -1232.9720, -649.6895, 0.0000,  120, 112, 102
L -1232.9720, -649.6895, 0.0000,  -1247.5311, -693.9315, 0.0000,  120, 112, 102
L -1247.5311, -693.9315, 0.0000,  -1238.6886, -738.1733, 0.0000,  120, 112, 102
L -1238.6886, -738.1733, 0.0000,  -1247.5311, -782.4153, 0.0000,  120, 112, 102
L -1247.5311, -782.4153, 0.0000,  -1233.7183, -826.6573, 0.0000,  120, 112, 102
L -1233.7183, -826.6573, 0.0000,  -1247.5311, -870.8992, 0.0000,  120, 112, 102
L -1247.5311, -870.8992, 0.0000,  -1228.1455, -915.1411, 0.0000,  120, 112, 102
L -1228.1455, -915.1411, 0.0000,  -1247.5311, -959.3831, 0.0000,  120, 112, 102
L -1247.5311, -959.3831, 0.0000,  -1238.8073, -1003.6250, 0.0000,  120, 112, 102
L -1200.0000, -993.6250, 0.0000,  -1200.0000, 357.8750, 0.0000,  95, 90, 82
L -1050.0000, -993.6250, 0.0000,  -1050.0000, 357.8750, 0.0000,  95, 90, 82
L -900.0000, -993.6250, 0.0000,  -900.0000, 357.8750, 0.0000,  95, 90, 82
L -750.0000, -993.6250, 0.0000,  -750.0000, 357.8750, 0.0000,  95, 90, 82
L -600.0000, -993.6250, 0.0000,  -600.0000, 357.8750, 0.0000,  95, 90, 82
L -450.0000, -993.6250, 0.0000,  -450.0000, 357.8750, 0.0000,  95, 90, 82
L -300.0000, -993.6250, 0.0000,  -300.0000, 357.8750, 0.0000,  95, 90, 82
L -150.0000, -993.6250, 0.0000,  -150.0000, 357.8750, 0.0000,  95, 90, 82
L 0.0000, -993.6250, 0.0000,  0.0000, 357.8750, 0.0000,  95, 90, 82
L 150.0000, -993.6250, 0.0000,  150.0000, 357.8750, 0.0000,  95, 90, 82
L 300.0000, -993.6250, 0.0000,  300.0000, 357.8750, 0.0000,  95, 90, 82
L 450.0000, -993.6250, 0.0000,  450.0000, 357.8750, 0.0000,  95, 90, 82
L 600.0000, -993.6250, 0.0000,  600.0000, 357.8750, 0.0000,  95, 90, 82
L 750.0000, -993.6250, 0.0000,  750.0000, 357.8750, 0.0000,  95, 90, 82
L 900.0000, -993.6250, 0.0000,  900.0000, 357.8750, 0.0000,  95, 90, 82
L 1050.0000, -993.6250, 0.0000,  1050.0000, 357.8750, 0.0000,  95, 90, 82
L -1237.5311, -900.0000, 0.0000,  1181.5625, -900.0000, 0.0000,  95, 90, 82
L -1237.5311, -750.0000, 0.0000,  1181.5625, -750.0000, 0.0000,  95, 90, 82
L -1237.5311, -600.0000, 0.0000,  1181.5625, -600.0000, 0.0000,  95, 90, 82
L -1237.5311, -450.0000, 0.0000,  1181.5625, -450.0000, 0.0000,  95, 90, 82
L -1237.5311, -300.0000, 0.0000,  1181.5625, -300.0000, 0.0000,  95, 90, 82
L -1237.5311, -150.0000, 0.0000,  1181.5625, -150.0000, 0.0000,  95, 90, 82
L -1237.5311, 0.0000, 0.0000,  1181.5625, 0.0000, 0.0000,  95, 90, 82
L -1237.5311, 150.0000, 0.0000,  1181.5625, 150.0000, 0.0000,  95, 90, 82
L -1237.5311, 300.0000, 0.0000,  1181.5625, 300.0000, 0.0000,  95, 90, 82
L -593.3832, 149.9563, 0.0000,  -566.0500, 358.9833, 0.0000,  150, 138, 120
L -586.3832, 158.9563, 0.0000,  -559.0500, 367.9833, 0.0000,  90, 82, 72
L -569.3274, 358.0115, 0.0000,  -520.0536, 232.1758, 0.0000,  150, 138, 120
L -562.3274, 367.0115, 0.0000,  -513.0536, 241.1758, 0.0000,  90, 82, 72
L -522.4664, 229.8415, 0.0000,  -472.2305, 360.9902, 0.0000,  150, 138, 120
L -515.4664, 238.8415, 0.0000,  -465.2305, 369.9902, 0.0000,  90, 82, 72
L -473.7808, 360.7802, 0.0000,  -445.9040, 148.2988, 0.0000,  150, 138, 120
L -466.7808, 369.7802, 0.0000,  -438.9040, 157.2988, 0.0000,  90, 82, 72
L -393.4756, 358.7463, 0.0000,  -314.2888, 151.8998, 0.0000,  150, 138, 120
L -386.4756, 367.7463, 0.0000,  -307.2888, 160.8998, 0.0000,  90, 82, 72
L -313.8524, 148.9349, 0.0000,  -238.9765, 361.0508, 0.0000,  150, 138, 120
L -306.8524, 157.9349, 0.0000,  -231.9765, 370.0508, 0.0000,  90, 82, 72
L -361.6232, 276.5355, 0.0000,  -268.4904, 275.5541, 0.0000,  150, 138, 120
L -354.6232, 285.5355, 0.0000,  -261.4904, 284.5541, 0.0000,  90, 82, 72
L -187.6808, 360.3597, 0.0000,  -188.1086, 152.2587, 0.0000,  150, 138, 120
L -180.6808, 369.3597, 0.0000,  -181.1086, 161.2587, 0.0000,  90, 82, 72
L -188.9758, 148.3266, 0.0000,  -83.0562, 147.8221, 0.0000,  150, 138, 120
L -181.9758, 157.3266, 0.0000,  -76.0562, 156.8221, 0.0000,  90, 82, 72
L -83.2377, 151.1714, 0.0000,  -54.9295, 197.7508, 0.0000,  150, 138, 120
L -76.2377, 160.1714, 0.0000,  -47.9295, 206.7508, 0.0000,  90, 82, 72
L -55.6176, 193.9192, 0.0000,  -80.0630, 249.2402, 0.0000,  150, 138, 120
L -48.6176, 202.9192, 0.0000,  -73.0630, 258.2402, 0.0000,  90, 82, 72
L -81.3299, 248.7329, 0.0000,  -184.7809, 250.5539, 0.0000,  150, 138, 120
L -74.3299, 257.7329, 0.0000,  -177.7809, 259.5539, 0.0000,  90, 82, 72
L -137.8865, 253.0526, 0.0000,  -43.3226, 360.2457, 0.0000,  150, 138, 120
L -130.8865, 262.0526, 0.0000,  -36.3226, 369.2457, 0.0000,  90, 82, 72
L 18.2790, 359.2775, 0.0000,  15.9467, 152.2551, 0.0000,  150, 138, 120
L 25.2790, 368.2775, 0.0000,  22.9467, 161.2551, 0.0000,  90, 82, 72
L 19.1495, 151.8634, 0.0000,  121.8766, 150.7817, 0.0000,  150, 138, 120
L 26.1495, 160.8634, 0.0000,  128.8766, 159.7817, 0.0000,  90, 82, 72
L 121.0045, 148.8048, 0.0000,  151.3971, 197.3992, 0.0000,  150, 138, 120
L 128.0045, 157.8048, 0.0000,  158.3971, 206.3992, 0.0000,  90, 82, 72
L 149.7956, 197.1958, 0.0000,  122.3023, 251.3282, 0.0000,  150, 138, 120
L 156.7956, 206.1958, 0.0000,  129.3023, 260.3282, 0.0000,  90, 82, 72
L 120.3523, 252.4917, 0.0000,  15.5550, 248.7702, 0.0000,  150, 138, 120
L 127.3523, 261.4917, 0.0000,  22.5550, 257.7702, 0.0000,  90, 82, 72
L 65.0010, 252.1999, 0.0000,  161.5469, 357.5176, 0.0000,  150, 138, 120
L 72.0010, 261.1999, 0.0000,  168.5469, 366.5176, 0.0000,  90, 82, 72
L 370.7655, 151.8020, 0.0000,  219.4777, 152.0464, 0.0000,  150, 138, 120
L 377.7655, 160.8020, 0.0000,  226.4777, 161.0464, 0.0000,  90, 82, 72
L 220.2254, 152.0445, 0.0000,  219.7113, 361.2082, 0.0000,  150, 138, 120
L 227.2254, 161.0445, 0.0000,  226.7113, 370.2082, 0.0000,  90, 82, 72
L 221.3637, 358.0637, 0.0000,  372.2639, 360.4361, 0.0000,  150, 138, 120
L 228.3637, 367.0637, 0.0000,  379.2639, 369.4361, 0.0000,  90, 82, 72
L 220.5851, 254.8792, 0.0000,  328.4000, 255.8090, 0.0000,  150, 138, 120
L 227.5851, 263.8792, 0.0000,  335.4000, 264.8090, 0.0000,  90, 82, 72
L 422.8259, 361.1124, 0.0000,  427.3541, 151.8706, 0.0000,  150, 138, 120
L 429.8259, 370.1124, 0.0000,  434.3541, 160.8706, 0.0000,  90, 82, 72
L 425.0326, 149.3519, 0.0000,  576.8300, 361.4202, 0.0000,  150, 138, 120
L 432.0326, 158.3519, 0.0000,  583.8300, 370.4202, 0.0000,  90, 82, 72
L 573.8708, 361.2577, 0.0000,  574.5143, 150.2707, 0.0000,  150, 138, 120
L 580.8708, 370.2577, 0.0000,  581.5143, 159.2707, 0.0000,  90, 82, 72
L 781.2853, 179.7566, 0.0000,  750.8801, 152.3909, 0.0000,  150, 138, 120
L 788.2853, 188.7566, 0.0000,  757.8801, 161.3909, 0.0000,  90, 82, 72
L 746.6769, 148.9524, 0.0000,  663.9941, 150.1337, 0.0000,  150, 138, 120
L 753.6769, 157.9524, 0.0000,  670.9941, 159.1337, 0.0000,  90, 82, 72
L 662.4515, 152.4991, 0.0000,  631.4733, 185.6659, 0.0000,  150, 138, 120
L 669.4515, 161.4991, 0.0000,  638.4733, 194.6659, 0.0000,  90, 82, 72
L 633.6436, 186.0227, 0.0000,  634.3769, 235.2577, 0.0000,  150, 138, 120
L 640.6436, 195.0227, 0.0000,  641.3769, 244.2577, 0.0000,  90, 82, 72
L 630.0609, 235.7281, 0.0000,  662.1274, 254.0896, 0.0000,  150, 138, 120
L 637.0609, 244.7281, 0.0000,  669.1274, 263.0896, 0.0000,  90, 82, 72
L 664.2231, 253.8913, 0.0000,  749.7524, 253.6760, 0.0000,  150, 138, 120
L 671.2231, 262.8913, 0.0000,  756.7524, 262.6760, 0.0000,  90, 82, 72
L 748.8022, 254.7425, 0.0000,  776.7134, 278.7885, 0.0000,  150, 138, 120
L 755.8022, 263.7425, 0.0000,  783.7134, 287.7885, 0.0000,  90, 82, 72
L 777.6785, 278.1004, 0.0000,  779.7432, 327.3811, 0.0000,  150, 138, 120
L 784.6785, 287.1004, 0.0000,  786.7432, 336.3811, 0.0000,  90, 82, 72
L 777.1555, 327.6410, 0.0000,  749.6971, 359.0071, 0.0000,  150, 138, 120
L 784.1555, 336.6410, 0.0000,  756.6971, 368.0071, 0.0000,  90, 82, 72
L 747.0763, 362.1482, 0.0000,  659.1378, 359.5855, 0.0000,  150, 138, 120
L 754.0763, 371.1482, 0.0000,  666.1378, 368.5855, 0.0000,  90, 82, 72
L 658.4561, 361.3821, 0.0000,  629.5210, 328.8477, 0.0000,  150, 138, 120
L 665.4561, 370.3821, 0.0000,  636.5210, 337.8477, 0.0000,  90, 82, 72
L -624.9843, 400.0000, 0.0000,  809.0157, 400.0000, 0.0000,  90, 82, 72
L -624.9843, 116.0000, 0.0000,  809.0157, 116.0000, 0.0000,  90, 82, 72
L 1405.5625, -325.8750, 0.0000,  1417.5625, -397.8750, 0.0000,  60, 45, 30
L 1417.5625, -397.8750, 0.0000,  1439.5625, -339.8750, 0.0000,  60, 45, 30
L 1489.5625, -325.8750, 0.0000,  1477.5625, -397.8750, 0.0000,  60, 45, 30
L 1477.5625, -397.8750, 0.0000,  1455.5625, -339.8750, 0.0000,  60, 45, 30
L 1439.5625, -339.8750, 0.0000,  1455.5625, -339.8750, 0.0000,  60, 45, 30
L 1405.5625, -325.8750, 0.0000,  1400.5625, -299.8750, 0.0000,  60, 45, 30
L 1400.5625, -299.8750, 0.0000,  1421.5625, -275.8750, 0.0000,  60, 45, 30
L 1421.5625, -275.8750, 0.0000,  1437.5625, -257.8750, 0.0000,  60, 45, 30
L 1489.5625, -325.8750, 0.0000,  1494.5625, -299.8750, 0.0000,  60, 45, 30
L 1494.5625, -299.8750, 0.0000,  1473.5625, -275.8750, 0.0000,  60, 45, 30
L 1473.5625, -275.8750, 0.0000,  1457.5625, -257.8750, 0.0000,  60, 45, 30
L 1437.5625, -257.8750, 0.0000,  1447.5625, -247.8750, 0.0000,  60, 45, 30
L 1447.5625, -247.8750, 0.0000,  1457.5625, -257.8750, 0.0000,  60, 45, 30
L 1447.5625, -299.8750, 0.0000,  1447.5625, -265.8750, 0.0000,  60, 45, 30
L 1441.5625, -259.8750, 0.0000,  1453.5625, -259.8750, 0.0000,  60, 45, 30
L 1417.5625, -313.8750, 0.0000,  1435.5625, -303.8750, 0.0000,  60, 45, 30
L 1477.5625, -313.8750, 0.0000,  1459.5625, -303.8750, 0.0000,  60, 45, 30
L 1441.5625, -257.8750, 0.0000,  1443.5625, -249.8750, 0.0000,  60, 45, 30
L 1453.5625, -257.8750, 0.0000,  1451.5625, -249.8750, 0.0000,  60, 45, 30
L 1447.5625, -409.8750, 0.0000,  1447.5625, -435.8750, 0.0000,  60, 45, 30
L 1439.5625, -425.8750, 0.0000,  1447.5625, -437.8750, 0.0000,  60, 45, 30
L 1447.5625, -437.8750, 0.0000,  1455.5625, -425.8750, 0.0000,  60, 45, 30
L 1543.5625, -317.8750, 0.0000,  1521.5625, -317.8750, 0.0000,  60, 45, 30
L 1351.5625, -317.8750, 0.0000,  1373.5625, -317.8750, 0.0000,  60, 45, 30
L 1447.5625, -221.8750, 0.0000,  1447.5625, -239.8750, 0.0000,  60, 45, 30
P 1447.5625, -449.8750, 0.0000,  60, 45, 30,  3,  N
P 1447.5625, -199.8750, 0.0000,  60, 45, 30,  1,  S
P 1565.5625, -317.8750, 0.0000,  60, 45, 30,  1,  E
P 1329.5625, -317.8750, 0.0000,  60, 45, 30,  1,  W
