P -533.0000, -1612.0000, -695.0000,  150, 0, 200,  3,  Portal_to_Quest_Room_(Efreeti's_Key)
P -839.0000, -1419.0000, -671.0000,  150, 0, 200,  3,  Portal_to_Island_1.5_Noble_Dojorn_(Key_of_Swords)
P -370.0000, -1360.0000, -712.0000,  150, 0, 200,  3,  Portal_to_Island_2_Azarack_(Key_of_the_Misplaced)
P -1171.0000, -454.0000, 0.0000,  150, 0, 200,  3,  Portal_to_Island_2_Azarack_(Key_of_the_Misplaced)
P 580.0000, 460.0000, -364.0000,  150, 0, 200,  3,  Portal_to_Island_3_Gorgalisk_(Key_of_Misfortune)
P -231.0000, -189.0000, -120.0000,  150, 0, 200,  3,  Portal_to_Island_4_Pegasus_(Key_of_Beasts)
P 344.0000, -493.0000, 117.0000,  150, 0, 200,  3,  Portal_to_Island_5_Spiroc_(Avian_Key)
P -724.8710, 189.1579, 409.7532,  150, 0, 200,  3,  Portal_to_Island_6_Bees_(Key_of_the_Swarm)
P -429.0000, 1208.0000, 765.0000,  150, 0, 200,  3,  Portal_to_Island_7_Drakes(Key_of_Scale)
P 1339.9795, 716.9426, 1007.2690,  150, 0, 200,  3,  Portal_to_Island_8_Veeshan_(Veeshan's_Key)
P -696.8058, -1205.9484, -678.8699,  128, 128, 128,  2,  Island_1_(Thunder_Spirits)
P -547.0000, -1415.0000, -695.0000,  150, 0, 200,  3,  Zone_In
P -1115.0021, -265.3858, -16.6764,  128, 128, 128,  2,  Island_1.5_(Noble_Dojorn)
P -1108.0000, -516.0000, 0.0000,  150, 0, 200,  3,  From_1
P 663.4380, 299.0294, -338.6892,  128, 128, 128,  2,  Island_2_(Azarack)
P 434.0000, 103.0000, -343.0000,  150, 0, 200,  3,  From_1_and_1.5
P -273.7129, -827.8096, -73.0363,  128, 128, 128,  2,  Island_3_(Gorgalisk)
P -320.0000, -563.0000, -117.0000,  150, 0, 200,  3,  From_2
P 1064.2145, -857.3463, 172.9789,  128, 128, 128,  2,  Island_4_(Pegasus)
P 787.0000, -1196.0000, 120.0000,  150, 0, 200,  3,  From_3
P -931.6675, 610.4481, 450.5818,  128, 128, 128,  2,  Island_5_(Spiroc)
P -1111.0000, 855.0000, 395.0000,  150, 0, 200,  3,  From_4
P -155.0940, 930.9081, 788.1929,  128, 128, 128,  2,  Island_6_(Bees)
P -408.0000, 775.0000, 765.0000,  150, 0, 200,  3,  From_5
P 786.1703, 1476.0962, 1009.1132,  128, 128, 128,  2,  Island_7_(Drakes)
P 388.0000, 906.0000, -1086.0000,  150, 0, 200,  3,  From_6
P 1600.8938, 90.2137, 1221.7688,  128, 128, 128,  2,  Island_8_(Veeshan)
P 1294.0000, 262.0000, -1220.0000,  150, 0, 200,  3,  From_7
P -617.6465, -1312.3097, -770.7745,  128, 128, 128,  2,  Quest_Room
P -646.0766, -1470.9564, -770.8010,  150, 0, 200,  3,  Portal_to_Island_1_(above)
P 1727.2932, 348.6208, 1216.9922,  150, 0, 200,  3,  Portal_to_Island_1_(Thunder_Spirits)
