L 0.00, -2255.00, 0.0000, 0.00, 84.00, 0.0000, 120, 132, 124
L 430.00, -2255.00, 0.0000, 430.00, 84.00, 0.0000, 120, 132, 124
L 860.00, -2255.00, 0.0000, 860.00, 84.00, 0.0000, 120, 132, 124
L -210.00, -2150.00, 0.0000, 1050.00, -2150.00, 0.0000, 120, 132, 124
L -210.00, -1720.00, 0.0000, 1050.00, -1720.00, 0.0000, 120, 132, 124
L -210.00, -1290.00, 0.0000, 1050.00, -1290.00, 0.0000, 120, 132, 124
L -210.00, -860.00, 0.0000, 1050.00, -860.00, 0.0000, 120, 132, 124
L -210.00, -430.00, 0.0000, 1050.00, -430.00, 0.0000, 120, 132, 124
L -210.00, 0.00, 0.0000, 1050.00, 0.00, 0.0000, 120, 132, 124
L -210.00, -2255.00, 0.0000, 1050.00, -2255.00, 0.0000, 120, 132, 124
L -210.00, 84.00, 0.0000, 1050.00, 84.00, 0.0000, 120, 132, 124
L -210.00, -2255.00, 0.0000, -210.00, 84.00, 0.0000, 120, 132, 124
L 1050.00, -2255.00, 0.0000, 1050.00, 84.00, 0.0000, 120, 132, 124
L -570.00, -2615.00, 0.0000, -350.00, -2570.60, 0.0000, 46, 58, 52
L -350.00, -2570.60, 0.0000, -130.00, -2615.00, 0.0000, 46, 58, 52
L -130.00, -2615.00, 0.0000, 90.00, -2571.35, 0.0000, 46, 58, 52
L 90.00, -2571.35, 0.0000, 310.00, -2615.00, 0.0000, 46, 58, 52
L 310.00, -2615.00, 0.0000, 530.00, -2593.15, 0.0000, 46, 58, 52
L 530.00, -2593.15, 0.0000, 750.00, -2615.00, 0.0000, 46, 58, 52
L 750.00, -2615.00, 0.0000, 970.00, -2594.74, 0.0000, 46, 58, 52
L 970.00, -2594.74, 0.0000, 1190.00, -2615.00, 0.0000, 46, 58, 52
L 1190.00, -2615.00, 0.0000, 1410.00, -2562.77, 0.0000, 46, 58, 52
L 1410.00, -2615.00, 0.0000, 1375.41, -2411.07, 0.0000, 46, 58, 52
L 1375.41, -2411.07, 0.0000, 1410.00, -2207.13, 0.0000, 46, 58, 52
L 1410.00, -2207.13, 0.0000, 1362.04, -2003.20, 0.0000, 46, 58, 52
L 1362.04, -2003.20, 0.0000, 1410.00, -1799.27, 0.0000, 46, 58, 52
L 1410.00, -1799.27, 0.0000, 1364.91, -1595.33, 0.0000, 46, 58, 52
L 1364.91, -1595.33, 0.0000, 1410.00, -1391.40, 0.0000, 46, 58, 52
L 1410.00, -1391.40, 0.0000, 1362.90, -1187.47, 0.0000, 46, 58, 52
L 1362.90, -1187.47, 0.0000, 1410.00, -983.53, 0.0000, 46, 58, 52
L 1410.00, -983.53, 0.0000, 1378.60, -779.60, 0.0000, 46, 58, 52
L 1378.60, -779.60, 0.0000, 1410.00, -575.67, 0.0000, 46, 58, 52
L 1410.00, -575.67, 0.0000, 1374.71, -371.73, 0.0000, 46, 58, 52
L 1374.71, -371.73, 0.0000, 1410.00, -167.80, 0.0000, 46, 58, 52
L 1410.00, -167.80, 0.0000, 1380.17, 36.13, 0.0000, 46, 58, 52
L 1380.17, 36.13, 0.0000, 1410.00, 240.07, 0.0000, 46, 58, 52
L 1410.00, 240.07, 0.0000, 1386.17, 444.00, 0.0000, 46, 58, 52
L 1410.00, 444.00, 0.0000, 1190.00, 403.12, 0.0000, 46, 58, 52
L 1190.00, 403.12, 0.0000, 970.00, 444.00, 0.0000, 46, 58, 52
L 970.00, 444.00, 0.0000, 750.00, 404.15, 0.0000, 46, 58, 52
L 750.00, 404.15, 0.0000, 530.00, 444.00, 0.0000, 46, 58, 52
L 530.00, 444.00, 0.0000, 310.00, 403.75, 0.0000, 46, 58, 52
L 310.00, 403.75, 0.0000, 90.00, 444.00, 0.0000, 46, 58, 52
L 90.00, 444.00, 0.0000, -130.00, 395.67, 0.0000, 46, 58, 52
L -130.00, 395.67, 0.0000, -350.00, 444.00, 0.0000, 46, 58, 52
L -350.00, 444.00, 0.0000, -570.00, 411.10, 0.0000, 46, 58, 52
L -570.00, 444.00, 0.0000, -546.25, 240.07, 0.0000, 46, 58, 52
L -546.25, 240.07, 0.0000, -570.00, 36.13, 0.0000, 46, 58, 52
L -570.00, 36.13, 0.0000, -516.89, -167.80, 0.0000, 46, 58, 52
L -516.89, -167.80, 0.0000, -570.00, -371.73, 0.0000, 46, 58, 52
L -570.00, -371.73, 0.0000, -538.00, -575.67, 0.0000, 46, 58, 52
L -538.00, -575.67, 0.0000, -570.00, -779.60, 0.0000, 46, 58, 52
L -570.00, -779.60, 0.0000, -520.25, -983.53, 0.0000, 46, 58, 52
L -520.25, -983.53, 0.0000, -570.00, -1187.47, 0.0000, 46, 58, 52
L -570.00, -1187.47, 0.0000, -527.64, -1391.40, 0.0000, 46, 58, 52
L -527.64, -1391.40, 0.0000, -570.00, -1595.33, 0.0000, 46, 58, 52
L -570.00, -1595.33, 0.0000, -520.75, -1799.27, 0.0000, 46, 58, 52
L -520.75, -1799.27, 0.0000, -570.00, -2003.20, 0.0000, 46, 58, 52
L -570.00, -2003.20, 0.0000, -525.57, -2207.13, 0.0000, 46, 58, 52
L -525.57, -2207.13, 0.0000, -570.00, -2411.07, 0.0000, 46, 58, 52
L -570.00, -2411.07, 0.0000, -529.61, -2615.00, 0.0000, 46, 58, 52
L -490.00, -2535.00, 0.0000, -230.00, -2511.99, 0.0000, 74, 88, 80
L -230.00, -2511.99, 0.0000, 30.00, -2535.00, 0.0000, 74, 88, 80
L 30.00, -2535.00, 0.0000, 290.00, -2516.99, 0.0000, 74, 88, 80
L 290.00, -2516.99, 0.0000, 550.00, -2535.00, 0.0000, 74, 88, 80
L 550.00, -2535.00, 0.0000, 810.00, -2519.10, 0.0000, 74, 88, 80
L 810.00, -2519.10, 0.0000, 1070.00, -2535.00, 0.0000, 74, 88, 80
L 1070.00, -2535.00, 0.0000, 1330.00, -2509.90, 0.0000, 74, 88, 80
L 1330.00, -2535.00, 0.0000, 1308.08, -2271.45, 0.0000, 74, 88, 80
L 1308.08, -2271.45, 0.0000, 1330.00, -2007.91, 0.0000, 74, 88, 80
L 1330.00, -2007.91, 0.0000, 1315.15, -1744.36, 0.0000, 74, 88, 80
L 1315.15, -1744.36, 0.0000, 1330.00, -1480.82, 0.0000, 74, 88, 80
L 1330.00, -1480.82, 0.0000, 1303.48, -1217.27, 0.0000, 74, 88, 80
L 1303.48, -1217.27, 0.0000, 1330.00, -953.73, 0.0000, 74, 88, 80
L 1330.00, -953.73, 0.0000, 1317.01, -690.18, 0.0000, 74, 88, 80
L 1317.01, -690.18, 0.0000, 1330.00, -426.64, 0.0000, 74, 88, 80
L 1330.00, -426.64, 0.0000, 1301.55, -163.09, 0.0000, 74, 88, 80
L 1301.55, -163.09, 0.0000, 1330.00, 100.45, 0.0000, 74, 88, 80
L 1330.00, 100.45, 0.0000, 1302.96, 364.00, 0.0000, 74, 88, 80
L 1330.00, 364.00, 0.0000, 1070.00, 345.31, 0.0000, 74, 88, 80
L 1070.00, 345.31, 0.0000, 810.00, 364.00, 0.0000, 74, 88, 80
L 810.00, 364.00, 0.0000, 550.00, 346.03, 0.0000, 74, 88, 80
L 550.00, 346.03, 0.0000, 290.00, 364.00, 0.0000, 74, 88, 80
L 290.00, 364.00, 0.0000, 30.00, 338.77, 0.0000, 74, 88, 80
L 30.00, 338.77, 0.0000, -230.00, 364.00, 0.0000, 74, 88, 80
L -230.00, 364.00, 0.0000, -490.00, 340.15, 0.0000, 74, 88, 80
L -490.00, 364.00, 0.0000, -462.12, 100.45, 0.0000, 74, 88, 80
L -462.12, 100.45, 0.0000, -490.00, -163.09, 0.0000, 74, 88, 80
L -490.00, -163.09, 0.0000, -463.14, -426.64, 0.0000, 74, 88, 80
L -463.14, -426.64, 0.0000, -490.00, -690.18, 0.0000, 74, 88, 80
L -490.00, -690.18, 0.0000, -473.60, -953.73, 0.0000, 74, 88, 80
L -473.60, -953.73, 0.0000, -490.00, -1217.27, 0.0000, 74, 88, 80
L -490.00, -1217.27, 0.0000, -479.47, -1480.82, 0.0000, 74, 88, 80
L -479.47, -1480.82, 0.0000, -490.00, -1744.36, 0.0000, 74, 88, 80
L -490.00, -1744.36, 0.0000, -465.35, -2007.91, 0.0000, 74, 88, 80
L -465.35, -2007.91, 0.0000, -490.00, -2271.45, 0.0000, 74, 88, 80
L -490.00, -2271.45, 0.0000, -479.18, -2535.00, 0.0000, 74, 88, 80
L -386.80, -2479.00, 0.0000, -397.16, -2465.59, 0.0000, 72, 86, 78
L -397.16, -2465.59, 0.0000, -397.84, -2448.66, 0.0000, 72, 86, 78
L -397.84, -2448.66, 0.0000, -414.40, -2445.05, 0.0000, 72, 86, 78
L -414.40, -2445.05, 0.0000, -425.80, -2432.52, 0.0000, 72, 86, 78
L -425.80, -2432.52, 0.0000, -440.81, -2440.40, 0.0000, 72, 86, 78
L -440.81, -2440.40, 0.0000, -457.60, -2438.12, 0.0000, 72, 86, 78
L -457.60, -2438.12, 0.0000, -464.03, -2453.80, 0.0000, 72, 86, 78
L -464.03, -2453.80, 0.0000, -478.35, -2462.86, 0.0000, 72, 86, 78
L -478.35, -2462.86, 0.0000, -473.20, -2479.00, 0.0000, 72, 86, 78
L -473.20, -2479.00, 0.0000, -478.35, -2495.14, 0.0000, 72, 86, 78
L -478.35, -2495.14, 0.0000, -464.03, -2504.20, 0.0000, 72, 86, 78
L -464.03, -2504.20, 0.0000, -457.60, -2519.88, 0.0000, 72, 86, 78
L -457.60, -2519.88, 0.0000, -440.81, -2517.60, 0.0000, 72, 86, 78
L -440.81, -2517.60, 0.0000, -425.80, -2525.48, 0.0000, 72, 86, 78
L -425.80, -2525.48, 0.0000, -414.40, -2512.95, 0.0000, 72, 86, 78
L -414.40, -2512.95, 0.0000, -397.84, -2509.34, 0.0000, 72, 86, 78
L -397.84, -2509.34, 0.0000, -397.16, -2492.41, 0.0000, 72, 86, 78
L -397.16, -2492.41, 0.0000, -386.80, -2479.00, 0.0000, 72, 86, 78
L -419.60, -2479.00, 0.0000, -423.82, -2468.82, 0.0000, 72, 86, 78
L -423.82, -2468.82, 0.0000, -434.00, -2464.60, 0.0000, 72, 86, 78
L -434.00, -2464.60, 0.0000, -444.18, -2468.82, 0.0000, 72, 86, 78
L -444.18, -2468.82, 0.0000, -448.40, -2479.00, 0.0000, 72, 86, 78
L -448.40, -2479.00, 0.0000, -444.18, -2489.18, 0.0000, 72, 86, 78
L -444.18, -2489.18, 0.0000, -434.00, -2493.40, 0.0000, 72, 86, 78
L -434.00, -2493.40, 0.0000, -423.82, -2489.18, 0.0000, 72, 86, 78
L -423.82, -2489.18, 0.0000, -419.60, -2479.00, 0.0000, 72, 86, 78
L -416.30, -2479.00, 0.0000, -421.27, -2471.65, 0.0000, 46, 180, 96
L -421.27, -2471.65, 0.0000, -425.15, -2463.67, 0.0000, 46, 180, 96
L -425.15, -2463.67, 0.0000, -434.00, -2464.30, 0.0000, 46, 180, 96
L -434.00, -2464.30, 0.0000, -442.85, -2463.67, 0.0000, 46, 180, 96
L -442.85, -2463.67, 0.0000, -446.73, -2471.65, 0.0000, 46, 180, 96
L -446.73, -2471.65, 0.0000, -451.70, -2479.00, 0.0000, 46, 180, 96
L -451.70, -2479.00, 0.0000, -446.73, -2486.35, 0.0000, 46, 180, 96
L -446.73, -2486.35, 0.0000, -442.85, -2494.33, 0.0000, 46, 180, 96
L -442.85, -2494.33, 0.0000, -434.00, -2493.70, 0.0000, 46, 180, 96
L -434.00, -2493.70, 0.0000, -425.15, -2494.33, 0.0000, 46, 180, 96
L -425.15, -2494.33, 0.0000, -421.27, -2486.35, 0.0000, 46, 180, 96
L -421.27, -2486.35, 0.0000, -416.30, -2479.00, 0.0000, 46, 180, 96
L -428.60, -2479.00, 0.0000, -430.18, -2475.18, 0.0000, 46, 180, 96
L -430.18, -2475.18, 0.0000, -434.00, -2473.60, 0.0000, 46, 180, 96
L -434.00, -2473.60, 0.0000, -437.82, -2475.18, 0.0000, 46, 180, 96
L -437.82, -2475.18, 0.0000, -439.40, -2479.00, 0.0000, 46, 180, 96
L -439.40, -2479.00, 0.0000, -437.82, -2482.82, 0.0000, 46, 180, 96
L -437.82, -2482.82, 0.0000, -434.00, -2484.40, 0.0000, 46, 180, 96
L -434.00, -2484.40, 0.0000, -430.18, -2482.82, 0.0000, 46, 180, 96
L -430.18, -2482.82, 0.0000, -428.60, -2479.00, 0.0000, 46, 180, 96
L 1321.20, -2479.00, 0.0000, 1310.84, -2465.59, 0.0000, 72, 86, 78
L 1310.84, -2465.59, 0.0000, 1310.16, -2448.66, 0.0000, 72, 86, 78
L 1310.16, -2448.66, 0.0000, 1293.60, -2445.05, 0.0000, 72, 86, 78
L 1293.60, -2445.05, 0.0000, 1282.20, -2432.52, 0.0000, 72, 86, 78
L 1282.20, -2432.52, 0.0000, 1267.19, -2440.40, 0.0000, 72, 86, 78
L 1267.19, -2440.40, 0.0000, 1250.40, -2438.12, 0.0000, 72, 86, 78
L 1250.40, -2438.12, 0.0000, 1243.97, -2453.80, 0.0000, 72, 86, 78
L 1243.97, -2453.80, 0.0000, 1229.65, -2462.86, 0.0000, 72, 86, 78
L 1229.65, -2462.86, 0.0000, 1234.80, -2479.00, 0.0000, 72, 86, 78
L 1234.80, -2479.00, 0.0000, 1229.65, -2495.14, 0.0000, 72, 86, 78
L 1229.65, -2495.14, 0.0000, 1243.97, -2504.20, 0.0000, 72, 86, 78
L 1243.97, -2504.20, 0.0000, 1250.40, -2519.88, 0.0000, 72, 86, 78
L 1250.40, -2519.88, 0.0000, 1267.19, -2517.60, 0.0000, 72, 86, 78
L 1267.19, -2517.60, 0.0000, 1282.20, -2525.48, 0.0000, 72, 86, 78
L 1282.20, -2525.48, 0.0000, 1293.60, -2512.95, 0.0000, 72, 86, 78
L 1293.60, -2512.95, 0.0000, 1310.16, -2509.34, 0.0000, 72, 86, 78
L 1310.16, -2509.34, 0.0000, 1310.84, -2492.41, 0.0000, 72, 86, 78
L 1310.84, -2492.41, 0.0000, 1321.20, -2479.00, 0.0000, 72, 86, 78
L 1288.40, -2479.00, 0.0000, 1284.18, -2468.82, 0.0000, 72, 86, 78
L 1284.18, -2468.82, 0.0000, 1274.00, -2464.60, 0.0000, 72, 86, 78
L 1274.00, -2464.60, 0.0000, 1263.82, -2468.82, 0.0000, 72, 86, 78
L 1263.82, -2468.82, 0.0000, 1259.60, -2479.00, 0.0000, 72, 86, 78
L 1259.60, -2479.00, 0.0000, 1263.82, -2489.18, 0.0000, 72, 86, 78
L 1263.82, -2489.18, 0.0000, 1274.00, -2493.40, 0.0000, 72, 86, 78
L 1274.00, -2493.40, 0.0000, 1284.18, -2489.18, 0.0000, 72, 86, 78
L 1284.18, -2489.18, 0.0000, 1288.40, -2479.00, 0.0000, 72, 86, 78
L 1291.70, -2479.00, 0.0000, 1286.73, -2471.65, 0.0000, 46, 180, 96
L 1286.73, -2471.65, 0.0000, 1282.85, -2463.67, 0.0000, 46, 180, 96
L 1282.85, -2463.67, 0.0000, 1274.00, -2464.30, 0.0000, 46, 180, 96
L 1274.00, -2464.30, 0.0000, 1265.15, -2463.67, 0.0000, 46, 180, 96
L 1265.15, -2463.67, 0.0000, 1261.27, -2471.65, 0.0000, 46, 180, 96
L 1261.27, -2471.65, 0.0000, 1256.30, -2479.00, 0.0000, 46, 180, 96
L 1256.30, -2479.00, 0.0000, 1261.27, -2486.35, 0.0000, 46, 180, 96
L 1261.27, -2486.35, 0.0000, 1265.15, -2494.33, 0.0000, 46, 180, 96
L 1265.15, -2494.33, 0.0000, 1274.00, -2493.70, 0.0000, 46, 180, 96
L 1274.00, -2493.70, 0.0000, 1282.85, -2494.33, 0.0000, 46, 180, 96
L 1282.85, -2494.33, 0.0000, 1286.73, -2486.35, 0.0000, 46, 180, 96
L 1286.73, -2486.35, 0.0000, 1291.70, -2479.00, 0.0000, 46, 180, 96
L 1279.40, -2479.00, 0.0000, 1277.82, -2475.18, 0.0000, 46, 180, 96
L 1277.82, -2475.18, 0.0000, 1274.00, -2473.60, 0.0000, 46, 180, 96
L 1274.00, -2473.60, 0.0000, 1270.18, -2475.18, 0.0000, 46, 180, 96
L 1270.18, -2475.18, 0.0000, 1268.60, -2479.00, 0.0000, 46, 180, 96
L 1268.60, -2479.00, 0.0000, 1270.18, -2482.82, 0.0000, 46, 180, 96
L 1270.18, -2482.82, 0.0000, 1274.00, -2484.40, 0.0000, 46, 180, 96
L 1274.00, -2484.40, 0.0000, 1277.82, -2482.82, 0.0000, 46, 180, 96
L 1277.82, -2482.82, 0.0000, 1279.40, -2479.00, 0.0000, 46, 180, 96
L -386.80, 308.00, 0.0000, -397.16, 321.41, 0.0000, 72, 86, 78
L -397.16, 321.41, 0.0000, -397.84, 338.34, 0.0000, 72, 86, 78
L -397.84, 338.34, 0.0000, -414.40, 341.95, 0.0000, 72, 86, 78
L -414.40, 341.95, 0.0000, -425.80, 354.48, 0.0000, 72, 86, 78
L -425.80, 354.48, 0.0000, -440.81, 346.60, 0.0000, 72, 86, 78
L -440.81, 346.60, 0.0000, -457.60, 348.88, 0.0000, 72, 86, 78
L -457.60, 348.88, 0.0000, -464.03, 333.20, 0.0000, 72, 86, 78
L -464.03, 333.20, 0.0000, -478.35, 324.14, 0.0000, 72, 86, 78
L -478.35, 324.14, 0.0000, -473.20, 308.00, 0.0000, 72, 86, 78
L -473.20, 308.00, 0.0000, -478.35, 291.86, 0.0000, 72, 86, 78
L -478.35, 291.86, 0.0000, -464.03, 282.80, 0.0000, 72, 86, 78
L -464.03, 282.80, 0.0000, -457.60, 267.12, 0.0000, 72, 86, 78
L -457.60, 267.12, 0.0000, -440.81, 269.40, 0.0000, 72, 86, 78
L -440.81, 269.40, 0.0000, -425.80, 261.52, 0.0000, 72, 86, 78
L -425.80, 261.52, 0.0000, -414.40, 274.05, 0.0000, 72, 86, 78
L -414.40, 274.05, 0.0000, -397.84, 277.66, 0.0000, 72, 86, 78
L -397.84, 277.66, 0.0000, -397.16, 294.59, 0.0000, 72, 86, 78
L -397.16, 294.59, 0.0000, -386.80, 308.00, 0.0000, 72, 86, 78
L -419.60, 308.00, 0.0000, -423.82, 318.18, 0.0000, 72, 86, 78
L -423.82, 318.18, 0.0000, -434.00, 322.40, 0.0000, 72, 86, 78
L -434.00, 322.40, 0.0000, -444.18, 318.18, 0.0000, 72, 86, 78
L -444.18, 318.18, 0.0000, -448.40, 308.00, 0.0000, 72, 86, 78
L -448.40, 308.00, 0.0000, -444.18, 297.82, 0.0000, 72, 86, 78
L -444.18, 297.82, 0.0000, -434.00, 293.60, 0.0000, 72, 86, 78
L -434.00, 293.60, 0.0000, -423.82, 297.82, 0.0000, 72, 86, 78
L -423.82, 297.82, 0.0000, -419.60, 308.00, 0.0000, 72, 86, 78
L -416.30, 308.00, 0.0000, -421.27, 315.35, 0.0000, 46, 180, 96
L -421.27, 315.35, 0.0000, -425.15, 323.33, 0.0000, 46, 180, 96
L -425.15, 323.33, 0.0000, -434.00, 322.70, 0.0000, 46, 180, 96
L -434.00, 322.70, 0.0000, -442.85, 323.33, 0.0000, 46, 180, 96
L -442.85, 323.33, 0.0000, -446.73, 315.35, 0.0000, 46, 180, 96
L -446.73, 315.35, 0.0000, -451.70, 308.00, 0.0000, 46, 180, 96
L -451.70, 308.00, 0.0000, -446.73, 300.65, 0.0000, 46, 180, 96
L -446.73, 300.65, 0.0000, -442.85, 292.67, 0.0000, 46, 180, 96
L -442.85, 292.67, 0.0000, -434.00, 293.30, 0.0000, 46, 180, 96
L -434.00, 293.30, 0.0000, -425.15, 292.67, 0.0000, 46, 180, 96
L -425.15, 292.67, 0.0000, -421.27, 300.65, 0.0000, 46, 180, 96
L -421.27, 300.65, 0.0000, -416.30, 308.00, 0.0000, 46, 180, 96
L -428.60, 308.00, 0.0000, -430.18, 311.82, 0.0000, 46, 180, 96
L -430.18, 311.82, 0.0000, -434.00, 313.40, 0.0000, 46, 180, 96
L -434.00, 313.40, 0.0000, -437.82, 311.82, 0.0000, 46, 180, 96
L -437.82, 311.82, 0.0000, -439.40, 308.00, 0.0000, 46, 180, 96
L -439.40, 308.00, 0.0000, -437.82, 304.18, 0.0000, 46, 180, 96
L -437.82, 304.18, 0.0000, -434.00, 302.60, 0.0000, 46, 180, 96
L -434.00, 302.60, 0.0000, -430.18, 304.18, 0.0000, 46, 180, 96
L -430.18, 304.18, 0.0000, -428.60, 308.00, 0.0000, 46, 180, 96
L 1321.20, 308.00, 0.0000, 1310.84, 321.41, 0.0000, 72, 86, 78
L 1310.84, 321.41, 0.0000, 1310.16, 338.34, 0.0000, 72, 86, 78
L 1310.16, 338.34, 0.0000, 1293.60, 341.95, 0.0000, 72, 86, 78
L 1293.60, 341.95, 0.0000, 1282.20, 354.48, 0.0000, 72, 86, 78
L 1282.20, 354.48, 0.0000, 1267.19, 346.60, 0.0000, 72, 86, 78
L 1267.19, 346.60, 0.0000, 1250.40, 348.88, 0.0000, 72, 86, 78
L 1250.40, 348.88, 0.0000, 1243.97, 333.20, 0.0000, 72, 86, 78
L 1243.97, 333.20, 0.0000, 1229.65, 324.14, 0.0000, 72, 86, 78
L 1229.65, 324.14, 0.0000, 1234.80, 308.00, 0.0000, 72, 86, 78
L 1234.80, 308.00, 0.0000, 1229.65, 291.86, 0.0000, 72, 86, 78
L 1229.65, 291.86, 0.0000, 1243.97, 282.80, 0.0000, 72, 86, 78
L 1243.97, 282.80, 0.0000, 1250.40, 267.12, 0.0000, 72, 86, 78
L 1250.40, 267.12, 0.0000, 1267.19, 269.40, 0.0000, 72, 86, 78
L 1267.19, 269.40, 0.0000, 1282.20, 261.52, 0.0000, 72, 86, 78
L 1282.20, 261.52, 0.0000, 1293.60, 274.05, 0.0000, 72, 86, 78
L 1293.60, 274.05, 0.0000, 1310.16, 277.66, 0.0000, 72, 86, 78
L 1310.16, 277.66, 0.0000, 1310.84, 294.59, 0.0000, 72, 86, 78
L 1310.84, 294.59, 0.0000, 1321.20, 308.00, 0.0000, 72, 86, 78
L 1288.40, 308.00, 0.0000, 1284.18, 318.18, 0.0000, 72, 86, 78
L 1284.18, 318.18, 0.0000, 1274.00, 322.40, 0.0000, 72, 86, 78
L 1274.00, 322.40, 0.0000, 1263.82, 318.18, 0.0000, 72, 86, 78
L 1263.82, 318.18, 0.0000, 1259.60, 308.00, 0.0000, 72, 86, 78
L 1259.60, 308.00, 0.0000, 1263.82, 297.82, 0.0000, 72, 86, 78
L 1263.82, 297.82, 0.0000, 1274.00, 293.60, 0.0000, 72, 86, 78
L 1274.00, 293.60, 0.0000, 1284.18, 297.82, 0.0000, 72, 86, 78
L 1284.18, 297.82, 0.0000, 1288.40, 308.00, 0.0000, 72, 86, 78
L 1291.70, 308.00, 0.0000, 1286.73, 315.35, 0.0000, 46, 180, 96
L 1286.73, 315.35, 0.0000, 1282.85, 323.33, 0.0000, 46, 180, 96
L 1282.85, 323.33, 0.0000, 1274.00, 322.70, 0.0000, 46, 180, 96
L 1274.00, 322.70, 0.0000, 1265.15, 323.33, 0.0000, 46, 180, 96
L 1265.15, 323.33, 0.0000, 1261.27, 315.35, 0.0000, 46, 180, 96
L 1261.27, 315.35, 0.0000, 1256.30, 308.00, 0.0000, 46, 180, 96
L 1256.30, 308.00, 0.0000, 1261.27, 300.65, 0.0000, 46, 180, 96
L 1261.27, 300.65, 0.0000, 1265.15, 292.67, 0.0000, 46, 180, 96
L 1265.15, 292.67, 0.0000, 1274.00, 293.30, 0.0000, 46, 180, 96
L 1274.00, 293.30, 0.0000, 1282.85, 292.67, 0.0000, 46, 180, 96
L 1282.85, 292.67, 0.0000, 1286.73, 300.65, 0.0000, 46, 180, 96
L 1286.73, 300.65, 0.0000, 1291.70, 308.00, 0.0000, 46, 180, 96
L 1279.40, 308.00, 0.0000, 1277.82, 311.82, 0.0000, 46, 180, 96
L 1277.82, 311.82, 0.0000, 1274.00, 313.40, 0.0000, 46, 180, 96
L 1274.00, 313.40, 0.0000, 1270.18, 311.82, 0.0000, 46, 180, 96
L 1270.18, 311.82, 0.0000, 1268.60, 308.00, 0.0000, 46, 180, 96
L 1268.60, 308.00, 0.0000, 1270.18, 304.18, 0.0000, 46, 180, 96
L 1270.18, 304.18, 0.0000, 1274.00, 302.60, 0.0000, 46, 180, 96
L 1274.00, 302.60, 0.0000, 1277.82, 304.18, 0.0000, 46, 180, 96
L 1277.82, 304.18, 0.0000, 1279.40, 308.00, 0.0000, 46, 180, 96
L -253.65, -2245.00, 0.0000, -171.15, -2495.00, 0.0000, 46, 58, 52
L -246.65, -2236.00, 0.0000, -164.15, -2486.00, 0.0000, 36, 46, 42
L -171.15, -2495.00, 0.0000, -88.65, -2245.00, 0.0000, 46, 58, 52
L -164.15, -2486.00, 0.0000, -81.65, -2236.00, 0.0000, 36, 46, 42
L -212.40, -2345.00, 0.0000, -129.90, -2345.00, 0.0000, 46, 58, 52
L -205.40, -2336.00, 0.0000, -122.90, -2336.00, 0.0000, 36, 46, 42
L -40.65, -2245.00, 0.0000, -40.65, -2495.00, 0.0000, 46, 58, 52
L -33.65, -2236.00, 0.0000, -33.65, -2486.00, 0.0000, 36, 46, 42
L -40.65, -2357.50, 0.0000, 99.60, -2495.00, 0.0000, 46, 58, 52
L -33.65, -2348.50, 0.0000, 106.60, -2486.00, 0.0000, 36, 46, 42
L 0.60, -2382.50, 0.0000, 107.85, -2245.00, 0.0000, 46, 58, 52
L 7.60, -2373.50, 0.0000, 114.85, -2236.00, 0.0000, 36, 46, 42
L 204.23, -2495.00, 0.0000, 200.07, -2420.00, 0.0000, 46, 58, 52
L 211.23, -2486.00, 0.0000, 207.07, -2411.00, 0.0000, 36, 46, 42
L 289.65, -2245.00, 0.0000, 372.15, -2495.00, 0.0000, 46, 58, 52
L 296.65, -2236.00, 0.0000, 379.15, -2486.00, 0.0000, 36, 46, 42
L 372.15, -2495.00, 0.0000, 454.65, -2245.00, 0.0000, 46, 58, 52
L 379.15, -2486.00, 0.0000, 461.65, -2236.00, 0.0000, 36, 46, 42
L 330.90, -2345.00, 0.0000, 413.40, -2345.00, 0.0000, 46, 58, 52
L 337.90, -2336.00, 0.0000, 420.40, -2336.00, 0.0000, 36, 46, 42
L 502.65, -2245.00, 0.0000, 502.65, -2495.00, 0.0000, 46, 58, 52
L 509.65, -2236.00, 0.0000, 509.65, -2486.00, 0.0000, 36, 46, 42
L 502.65, -2495.00, 0.0000, 667.65, -2245.00, 0.0000, 46, 58, 52
L 509.65, -2486.00, 0.0000, 674.65, -2236.00, 0.0000, 36, 46, 42
L 667.65, -2245.00, 0.0000, 667.65, -2495.00, 0.0000, 46, 58, 52
L 674.65, -2236.00, 0.0000, 674.65, -2486.00, 0.0000, 36, 46, 42
L 892.55, -2370.00, 0.0000, 873.88, -2349.71, 0.0000, 46, 58, 52
L 873.88, -2349.71, 0.0000, 879.90, -2322.80, 0.0000, 46, 58, 52
L 879.90, -2322.80, 0.0000, 853.59, -2314.56, 0.0000, 46, 58, 52
L 853.59, -2314.56, 0.0000, 845.35, -2288.25, 0.0000, 46, 58, 52
L 845.35, -2288.25, 0.0000, 818.44, -2294.27, 0.0000, 46, 58, 52
L 818.44, -2294.27, 0.0000, 798.15, -2275.60, 0.0000, 46, 58, 52
L 798.15, -2275.60, 0.0000, 777.86, -2294.27, 0.0000, 46, 58, 52
L 777.86, -2294.27, 0.0000, 750.95, -2288.25, 0.0000, 46, 58, 52
L 750.95, -2288.25, 0.0000, 742.71, -2314.56, 0.0000, 46, 58, 52
L 742.71, -2314.56, 0.0000, 716.40, -2322.80, 0.0000, 46, 58, 52
L 716.40, -2322.80, 0.0000, 722.42, -2349.71, 0.0000, 46, 58, 52
L 722.42, -2349.71, 0.0000, 703.75, -2370.00, 0.0000, 46, 58, 52
L 703.75, -2370.00, 0.0000, 722.42, -2390.29, 0.0000, 46, 58, 52
L 722.42, -2390.29, 0.0000, 716.40, -2417.20, 0.0000, 46, 58, 52
L 716.40, -2417.20, 0.0000, 742.71, -2425.44, 0.0000, 46, 58, 52
L 742.71, -2425.44, 0.0000, 750.95, -2451.75, 0.0000, 46, 58, 52
L 750.95, -2451.75, 0.0000, 777.86, -2445.73, 0.0000, 46, 58, 52
L 777.86, -2445.73, 0.0000, 798.15, -2464.40, 0.0000, 46, 58, 52
L 798.15, -2464.40, 0.0000, 818.44, -2445.73, 0.0000, 46, 58, 52
L 818.44, -2445.73, 0.0000, 845.35, -2451.75, 0.0000, 46, 58, 52
L 845.35, -2451.75, 0.0000, 853.59, -2425.44, 0.0000, 46, 58, 52
L 853.59, -2425.44, 0.0000, 879.90, -2417.20, 0.0000, 46, 58, 52
L 879.90, -2417.20, 0.0000, 873.88, -2390.29, 0.0000, 46, 58, 52
L 873.88, -2390.29, 0.0000, 892.55, -2370.00, 0.0000, 46, 58, 52
L 826.95, -2370.00, 0.0000, 818.51, -2349.64, 0.0000, 46, 58, 52
L 818.51, -2349.64, 0.0000, 798.15, -2341.20, 0.0000, 46, 58, 52
L 798.15, -2341.20, 0.0000, 777.79, -2349.64, 0.0000, 46, 58, 52
L 777.79, -2349.64, 0.0000, 769.35, -2370.00, 0.0000, 46, 58, 52
L 769.35, -2370.00, 0.0000, 777.79, -2390.36, 0.0000, 46, 58, 52
L 777.79, -2390.36, 0.0000, 798.15, -2398.80, 0.0000, 46, 58, 52
L 798.15, -2398.80, 0.0000, 818.51, -2390.36, 0.0000, 46, 58, 52
L 818.51, -2390.36, 0.0000, 826.95, -2370.00, 0.0000, 46, 58, 52
L 837.80, -2370.00, 0.0000, 828.57, -2357.40, 0.0000, 46, 180, 96
L 828.57, -2357.40, 0.0000, 826.19, -2341.96, 0.0000, 46, 180, 96
L 826.19, -2341.96, 0.0000, 810.75, -2339.58, 0.0000, 46, 180, 96
L 810.75, -2339.58, 0.0000, 798.15, -2330.35, 0.0000, 46, 180, 96
L 798.15, -2330.35, 0.0000, 785.55, -2339.58, 0.0000, 46, 180, 96
L 785.55, -2339.58, 0.0000, 770.11, -2341.96, 0.0000, 46, 180, 96
L 770.11, -2341.96, 0.0000, 767.73, -2357.40, 0.0000, 46, 180, 96
L 767.73, -2357.40, 0.0000, 758.50, -2370.00, 0.0000, 46, 180, 96
L 758.50, -2370.00, 0.0000, 767.73, -2382.60, 0.0000, 46, 180, 96
L 767.73, -2382.60, 0.0000, 770.11, -2398.04, 0.0000, 46, 180, 96
L 770.11, -2398.04, 0.0000, 785.55, -2400.42, 0.0000, 46, 180, 96
L 785.55, -2400.42, 0.0000, 798.15, -2409.65, 0.0000, 46, 180, 96
L 798.15, -2409.65, 0.0000, 810.75, -2400.42, 0.0000, 46, 180, 96
L 810.75, -2400.42, 0.0000, 826.19, -2398.04, 0.0000, 46, 180, 96
L 826.19, -2398.04, 0.0000, 828.57, -2382.60, 0.0000, 46, 180, 96
L 828.57, -2382.60, 0.0000, 837.80, -2370.00, 0.0000, 46, 180, 96
L 810.25, -2370.00, 0.0000, 806.70, -2361.45, 0.0000, 46, 180, 96
L 806.70, -2361.45, 0.0000, 798.15, -2357.90, 0.0000, 46, 180, 96
L 798.15, -2357.90, 0.0000, 789.60, -2361.45, 0.0000, 46, 180, 96
L 789.60, -2361.45, 0.0000, 786.05, -2370.00, 0.0000, 46, 180, 96
L 786.05, -2370.00, 0.0000, 789.60, -2378.55, 0.0000, 46, 180, 96
L 789.60, -2378.55, 0.0000, 798.15, -2382.10, 0.0000, 46, 180, 96
L 798.15, -2382.10, 0.0000, 806.70, -2378.55, 0.0000, 46, 180, 96
L 806.70, -2378.55, 0.0000, 810.25, -2370.00, 0.0000, 46, 180, 96
L 928.65, -2245.00, 0.0000, 928.65, -2495.00, 0.0000, 46, 58, 52
L 935.65, -2236.00, 0.0000, 935.65, -2486.00, 0.0000, 36, 46, 42
L 928.65, -2495.00, 0.0000, 1093.65, -2245.00, 0.0000, 46, 58, 52
L 935.65, -2486.00, 0.0000, 1100.65, -2236.00, 0.0000, 36, 46, 42
L 1093.65, -2245.00, 0.0000, 1093.65, -2495.00, 0.0000, 46, 58, 52
L 1100.65, -2236.00, 0.0000, 1100.65, -2486.00, 0.0000, 36, 46, 42
L -283.65, -2199.00, 0.0000, 1123.65, -2199.00, 0.0000, 46, 58, 52
L -283.65, -2537.00, 0.0000, 1123.65, -2537.00, 0.0000, 46, 58, 52
L -299.3421, -1941.0290, 0.0000, -302.7775, -1928.2000, 0.0000, 72, 86, 78
L -302.7775, -1928.2000, 0.0000, -312.1711, -1918.8065, 0.0000, 72, 86, 78
L -312.1711, -1918.8065, 0.0000, -325.0000, -1915.3711, 0.0000, 72, 86, 78
L -325.0000, -1915.3711, 0.0000, -337.8289, -1918.8065, 0.0000, 72, 86, 78
L -337.8289, -1918.8065, 0.0000, -347.2225, -1928.2000, 0.0000, 72, 86, 78
L -347.2225, -1928.2000, 0.0000, -350.6579, -1941.0290, 0.0000, 72, 86, 78
L -350.6579, -1941.0290, 0.0000, -347.2225, -1953.8579, 0.0000, 72, 86, 78
L -347.2225, -1953.8579, 0.0000, -337.8289, -1963.2514, 0.0000, 72, 86, 78
L -337.8289, -1963.2514, 0.0000, -325.0000, -1966.6869, 0.0000, 72, 86, 78
L -325.0000, -1966.6869, 0.0000, -312.1711, -1963.2514, 0.0000, 72, 86, 78
L -312.1711, -1963.2514, 0.0000, -302.7775, -1953.8579, 0.0000, 72, 86, 78
L -302.7775, -1953.8579, 0.0000, -299.3421, -1941.0290, 0.0000, 72, 86, 78
L -326.8503, -1941.0290, 0.0000, -323.1497, -1941.0290, 0.0000, 46, 180, 96
L -325.0000, -1942.8793, 0.0000, -325.0000, -1939.1787, 0.0000, 46, 180, 96
L -350.6579, -1956.4237, 0.0000, -378.2895, -1970.2395, 0.0000, 36, 46, 42
L -378.2895, -1970.2395, 0.0000, -400.0000, -1950.5027, 0.0000, 36, 46, 42
L -299.3421, -1956.4237, 0.0000, -271.7105, -1970.2395, 0.0000, 36, 46, 42
L -271.7105, -1970.2395, 0.0000, -250.0000, -1950.5027, 0.0000, 36, 46, 42
L -350.6579, -1945.6486, 0.0000, -378.2895, -1959.4644, 0.0000, 36, 46, 42
L -378.2895, -1959.4644, 0.0000, -400.0000, -1939.7276, 0.0000, 36, 46, 42
L -299.3421, -1945.6486, 0.0000, -271.7105, -1959.4644, 0.0000, 36, 46, 42
L -271.7105, -1959.4644, 0.0000, -250.0000, -1939.7276, 0.0000, 36, 46, 42
L -350.6579, -1934.8736, 0.0000, -378.2895, -1948.6894, 0.0000, 36, 46, 42
L -378.2895, -1948.6894, 0.0000, -400.0000, -1928.9525, 0.0000, 36, 46, 42
L -299.3421, -1934.8736, 0.0000, -271.7105, -1948.6894, 0.0000, 36, 46, 42
L -271.7105, -1948.6894, 0.0000, -250.0000, -1928.9525, 0.0000, 36, 46, 42
L -350.6579, -1924.0923, 0.0000, -378.2895, -1937.9081, 0.0000, 36, 46, 42
L -378.2895, -1937.9081, 0.0000, -400.0000, -1918.1713, 0.0000, 36, 46, 42
L -299.3421, -1924.0923, 0.0000, -271.7105, -1937.9081, 0.0000, 36, 46, 42
L -271.7105, -1937.9081, 0.0000, -250.0000, -1918.1713, 0.0000, 36, 46, 42
L -312.1896, -1971.8185, 0.0000, -315.1686, -1967.7477, 0.0000, 46, 180, 96
L -315.1686, -1967.7477, 0.0000, -315.9396, -1962.7580, 0.0000, 46, 180, 96
L -315.9396, -1962.7580, 0.0000, -320.9293, -1961.9870, 0.0000, 46, 180, 96
L -320.9293, -1961.9870, 0.0000, -325.0000, -1959.0080, 0.0000, 46, 180, 96
L -325.0000, -1959.0080, 0.0000, -329.0707, -1961.9870, 0.0000, 46, 180, 96
L -329.0707, -1961.9870, 0.0000, -334.0604, -1962.7580, 0.0000, 46, 180, 96
L -334.0604, -1962.7580, 0.0000, -334.8314, -1967.7477, 0.0000, 46, 180, 96
L -334.8314, -1967.7477, 0.0000, -337.8104, -1971.8185, 0.0000, 46, 180, 96
L -337.8104, -1971.8185, 0.0000, -334.8314, -1975.8892, 0.0000, 46, 180, 96
L -334.8314, -1975.8892, 0.0000, -334.0604, -1980.8789, 0.0000, 46, 180, 96
L -334.0604, -1980.8789, 0.0000, -329.0707, -1981.6499, 0.0000, 46, 180, 96
L -329.0707, -1981.6499, 0.0000, -325.0000, -1984.6289, 0.0000, 46, 180, 96
L -325.0000, -1984.6289, 0.0000, -320.9293, -1981.6499, 0.0000, 46, 180, 96
L -320.9293, -1981.6499, 0.0000, -315.9396, -1980.8789, 0.0000, 46, 180, 96
L -315.9396, -1980.8789, 0.0000, -315.1686, -1975.8892, 0.0000, 46, 180, 96
L -315.1686, -1975.8892, 0.0000, -312.1896, -1971.8185, 0.0000, 46, 180, 96
L -321.0896, -1971.8185, 0.0000, -322.2368, -1969.0553, 0.0000, 46, 180, 96
L -322.2368, -1969.0553, 0.0000, -325.0000, -1967.9081, 0.0000, 46, 180, 96
L -325.0000, -1967.9081, 0.0000, -327.7632, -1969.0553, 0.0000, 46, 180, 96
L -327.7632, -1969.0553, 0.0000, -328.9104, -1971.8185, 0.0000, 46, 180, 96
L -328.9104, -1971.8185, 0.0000, -327.7632, -1974.5816, 0.0000, 46, 180, 96
L -327.7632, -1974.5816, 0.0000, -325.0000, -1975.7288, 0.0000, 46, 180, 96
L -325.0000, -1975.7288, 0.0000, -322.2368, -1974.5816, 0.0000, 46, 180, 96
L -322.2368, -1974.5816, 0.0000, -321.0896, -1971.8185, 0.0000, 46, 180, 96
L 1201.7601, -1931.1464, 0.0000, 1190.7084, -1919.1358, 0.0000, 72, 86, 78
L 1190.7084, -1919.1358, 0.0000, 1194.2719, -1903.2064, 0.0000, 72, 86, 78
L 1194.2719, -1903.2064, 0.0000, 1178.6977, -1898.3287, 0.0000, 72, 86, 78
L 1178.6977, -1898.3287, 0.0000, 1173.8200, -1882.7545, 0.0000, 72, 86, 78
L 1173.8200, -1882.7545, 0.0000, 1157.8907, -1886.3181, 0.0000, 72, 86, 78
L 1157.8907, -1886.3181, 0.0000, 1145.8800, -1875.2664, 0.0000, 72, 86, 78
L 1145.8800, -1875.2664, 0.0000, 1133.8694, -1886.3181, 0.0000, 72, 86, 78
L 1133.8694, -1886.3181, 0.0000, 1117.9400, -1882.7545, 0.0000, 72, 86, 78
L 1117.9400, -1882.7545, 0.0000, 1113.0624, -1898.3287, 0.0000, 72, 86, 78
L 1113.0624, -1898.3287, 0.0000, 1097.4882, -1903.2064, 0.0000, 72, 86, 78
L 1097.4882, -1903.2064, 0.0000, 1101.0517, -1919.1358, 0.0000, 72, 86, 78
L 1101.0517, -1919.1358, 0.0000, 1090.0000, -1931.1464, 0.0000, 72, 86, 78
L 1090.0000, -1931.1464, 0.0000, 1101.0517, -1943.1571, 0.0000, 72, 86, 78
L 1101.0517, -1943.1571, 0.0000, 1097.4882, -1959.0864, 0.0000, 72, 86, 78
L 1097.4882, -1959.0864, 0.0000, 1113.0624, -1963.9641, 0.0000, 72, 86, 78
L 1113.0624, -1963.9641, 0.0000, 1117.9400, -1979.5383, 0.0000, 72, 86, 78
L 1117.9400, -1979.5383, 0.0000, 1133.8694, -1975.9747, 0.0000, 72, 86, 78
L 1133.8694, -1975.9747, 0.0000, 1145.8800, -1987.0264, 0.0000, 72, 86, 78
L 1145.8800, -1987.0264, 0.0000, 1157.8907, -1975.9747, 0.0000, 72, 86, 78
L 1157.8907, -1975.9747, 0.0000, 1173.8200, -1979.5383, 0.0000, 72, 86, 78
L 1173.8200, -1979.5383, 0.0000, 1178.6977, -1963.9641, 0.0000, 72, 86, 78
L 1178.6977, -1963.9641, 0.0000, 1194.2719, -1959.0864, 0.0000, 72, 86, 78
L 1194.2719, -1959.0864, 0.0000, 1190.7084, -1943.1571, 0.0000, 72, 86, 78
L 1190.7084, -1943.1571, 0.0000, 1201.7601, -1931.1464, 0.0000, 72, 86, 78
L 1162.9282, -1931.1464, 0.0000, 1157.9321, -1919.0943, 0.0000, 72, 86, 78
L 1157.9321, -1919.0943, 0.0000, 1145.8800, -1914.0983, 0.0000, 72, 86, 78
L 1145.8800, -1914.0983, 0.0000, 1133.8279, -1919.0943, 0.0000, 72, 86, 78
L 1133.8279, -1919.0943, 0.0000, 1128.8319, -1931.1464, 0.0000, 72, 86, 78
L 1128.8319, -1931.1464, 0.0000, 1133.8279, -1943.1985, 0.0000, 72, 86, 78
L 1133.8279, -1943.1985, 0.0000, 1145.8800, -1948.1946, 0.0000, 72, 86, 78
L 1145.8800, -1948.1946, 0.0000, 1157.9321, -1943.1985, 0.0000, 72, 86, 78
L 1157.9321, -1943.1985, 0.0000, 1162.9282, -1931.1464, 0.0000, 72, 86, 78
L 1240.0000, -1990.3414, 0.0000, 1232.3283, -1980.4203, 0.0000, 46, 128, 120
L 1232.3283, -1980.4203, 0.0000, 1231.8311, -1967.8946, 0.0000, 46, 128, 120
L 1231.8311, -1967.8946, 0.0000, 1219.5777, -1965.2190, 0.0000, 46, 128, 120
L 1219.5777, -1965.2190, 0.0000, 1211.1425, -1955.9491, 0.0000, 46, 128, 120
L 1211.1425, -1955.9491, 0.0000, 1200.0375, -1961.7739, 0.0000, 46, 128, 120
L 1200.0375, -1961.7739, 0.0000, 1187.6125, -1960.0927, 0.0000, 46, 128, 120
L 1187.6125, -1960.0927, 0.0000, 1182.8532, -1971.6949, 0.0000, 46, 128, 120
L 1182.8532, -1971.6949, 0.0000, 1172.2573, -1978.3958, 0.0000, 46, 128, 120
L 1172.2573, -1978.3958, 0.0000, 1176.0695, -1990.3414, 0.0000, 46, 128, 120
L 1176.0695, -1990.3414, 0.0000, 1172.2573, -2002.2869, 0.0000, 46, 128, 120
L 1172.2573, -2002.2869, 0.0000, 1182.8532, -2008.9878, 0.0000, 46, 128, 120
L 1182.8532, -2008.9878, 0.0000, 1187.6125, -2020.5900, 0.0000, 46, 128, 120
L 1187.6125, -2020.5900, 0.0000, 1200.0375, -2018.9088, 0.0000, 46, 128, 120
L 1200.0375, -2018.9088, 0.0000, 1211.1425, -2024.7336, 0.0000, 46, 128, 120
L 1211.1425, -2024.7336, 0.0000, 1219.5777, -2015.4637, 0.0000, 46, 128, 120
L 1219.5777, -2015.4637, 0.0000, 1231.8311, -2012.7881, 0.0000, 46, 128, 120
L 1231.8311, -2012.7881, 0.0000, 1232.3283, -2000.2624, 0.0000, 46, 128, 120
L 1232.3283, -2000.2624, 0.0000, 1240.0000, -1990.3414, 0.0000, 46, 128, 120
L 1215.7301, -1990.3414, 0.0000, 1212.6105, -1982.8058, 0.0000, 46, 128, 120
L 1212.6105, -1982.8058, 0.0000, 1205.0750, -1979.6863, 0.0000, 46, 128, 120
L 1205.0750, -1979.6863, 0.0000, 1197.5395, -1982.8058, 0.0000, 46, 128, 120
L 1197.5395, -1982.8058, 0.0000, 1194.4199, -1990.3414, 0.0000, 46, 128, 120
L 1194.4199, -1990.3414, 0.0000, 1197.5395, -1997.8769, 0.0000, 46, 128, 120
L 1197.5395, -1997.8769, 0.0000, 1205.0750, -2000.9964, 0.0000, 46, 128, 120
L 1205.0750, -2000.9964, 0.0000, 1212.6105, -1997.8769, 0.0000, 46, 128, 120
L 1212.6105, -1997.8769, 0.0000, 1215.7301, -1990.3414, 0.0000, 46, 128, 120
L 1159.8500, -1931.1464, 0.0000, 1155.9254, -1925.3453, 0.0000, 46, 180, 96
L 1155.9254, -1925.3453, 0.0000, 1152.8650, -1919.0470, 0.0000, 46, 180, 96
L 1152.8650, -1919.0470, 0.0000, 1145.8800, -1919.5442, 0.0000, 46, 180, 96
L 1145.8800, -1919.5442, 0.0000, 1138.8950, -1919.0470, 0.0000, 46, 180, 96
L 1138.8950, -1919.0470, 0.0000, 1135.8346, -1925.3453, 0.0000, 46, 180, 96
L 1135.8346, -1925.3453, 0.0000, 1131.9100, -1931.1464, 0.0000, 46, 180, 96
L 1131.9100, -1931.1464, 0.0000, 1135.8346, -1936.9475, 0.0000, 46, 180, 96
L 1135.8346, -1936.9475, 0.0000, 1138.8950, -1943.2459, 0.0000, 46, 180, 96
L 1138.8950, -1943.2459, 0.0000, 1145.8800, -1942.7486, 0.0000, 46, 180, 96
L 1145.8800, -1942.7486, 0.0000, 1152.8650, -1943.2459, 0.0000, 46, 180, 96
L 1152.8650, -1943.2459, 0.0000, 1155.9254, -1936.9475, 0.0000, 46, 180, 96
L 1155.9254, -1936.9475, 0.0000, 1159.8500, -1931.1464, 0.0000, 46, 180, 96
L 1150.1421, -1931.1464, 0.0000, 1148.8931, -1928.1334, 0.0000, 46, 180, 96
L 1148.8931, -1928.1334, 0.0000, 1145.8800, -1926.8844, 0.0000, 46, 180, 96
L 1145.8800, -1926.8844, 0.0000, 1142.8670, -1928.1334, 0.0000, 46, 180, 96
L 1142.8670, -1928.1334, 0.0000, 1141.6180, -1931.1464, 0.0000, 46, 180, 96
L 1141.6180, -1931.1464, 0.0000, 1142.8670, -1934.1594, 0.0000, 46, 180, 96
L 1142.8670, -1934.1594, 0.0000, 1145.8800, -1935.4084, 0.0000, 46, 180, 96
L 1145.8800, -1935.4084, 0.0000, 1148.8931, -1934.1594, 0.0000, 46, 180, 96
L 1148.8931, -1934.1594, 0.0000, 1150.1421, -1931.1464, 0.0000, 46, 180, 96
L -288.2399, -1381.1464, 0.0000, -299.2916, -1369.1358, 0.0000, 72, 86, 78
L -299.2916, -1369.1358, 0.0000, -295.7281, -1353.2064, 0.0000, 72, 86, 78
L -295.7281, -1353.2064, 0.0000, -311.3023, -1348.3287, 0.0000, 72, 86, 78
L -311.3023, -1348.3287, 0.0000, -316.1800, -1332.7545, 0.0000, 72, 86, 78
L -316.1800, -1332.7545, 0.0000, -332.1093, -1336.3181, 0.0000, 72, 86, 78
L -332.1093, -1336.3181, 0.0000, -344.1200, -1325.2664, 0.0000, 72, 86, 78
L -344.1200, -1325.2664, 0.0000, -356.1306, -1336.3181, 0.0000, 72, 86, 78
L -356.1306, -1336.3181, 0.0000, -372.0600, -1332.7545, 0.0000, 72, 86, 78
L -372.0600, -1332.7545, 0.0000, -376.9376, -1348.3287, 0.0000, 72, 86, 78
L -376.9376, -1348.3287, 0.0000, -392.5118, -1353.2064, 0.0000, 72, 86, 78
L -392.5118, -1353.2064, 0.0000, -388.9483, -1369.1358, 0.0000, 72, 86, 78
L -388.9483, -1369.1358, 0.0000, -400.0000, -1381.1464, 0.0000, 72, 86, 78
L -400.0000, -1381.1464, 0.0000, -388.9483, -1393.1571, 0.0000, 72, 86, 78
L -388.9483, -1393.1571, 0.0000, -392.5118, -1409.0864, 0.0000, 72, 86, 78
L -392.5118, -1409.0864, 0.0000, -376.9376, -1413.9641, 0.0000, 72, 86, 78
L -376.9376, -1413.9641, 0.0000, -372.0600, -1429.5383, 0.0000, 72, 86, 78
L -372.0600, -1429.5383, 0.0000, -356.1306, -1425.9747, 0.0000, 72, 86, 78
L -356.1306, -1425.9747, 0.0000, -344.1200, -1437.0264, 0.0000, 72, 86, 78
L -344.1200, -1437.0264, 0.0000, -332.1093, -1425.9747, 0.0000, 72, 86, 78
L -332.1093, -1425.9747, 0.0000, -316.1800, -1429.5383, 0.0000, 72, 86, 78
L -316.1800, -1429.5383, 0.0000, -311.3023, -1413.9641, 0.0000, 72, 86, 78
L -311.3023, -1413.9641, 0.0000, -295.7281, -1409.0864, 0.0000, 72, 86, 78
L -295.7281, -1409.0864, 0.0000, -299.2916, -1393.1571, 0.0000, 72, 86, 78
L -299.2916, -1393.1571, 0.0000, -288.2399, -1381.1464, 0.0000, 72, 86, 78
L -327.0718, -1381.1464, 0.0000, -332.0679, -1369.0943, 0.0000, 72, 86, 78
L -332.0679, -1369.0943, 0.0000, -344.1200, -1364.0983, 0.0000, 72, 86, 78
L -344.1200, -1364.0983, 0.0000, -356.1721, -1369.0943, 0.0000, 72, 86, 78
L -356.1721, -1369.0943, 0.0000, -361.1681, -1381.1464, 0.0000, 72, 86, 78
L -361.1681, -1381.1464, 0.0000, -356.1721, -1393.1985, 0.0000, 72, 86, 78
L -356.1721, -1393.1985, 0.0000, -344.1200, -1398.1946, 0.0000, 72, 86, 78
L -344.1200, -1398.1946, 0.0000, -332.0679, -1393.1985, 0.0000, 72, 86, 78
L -332.0679, -1393.1985, 0.0000, -327.0718, -1381.1464, 0.0000, 72, 86, 78
L -250.0000, -1440.3414, 0.0000, -257.6717, -1430.4203, 0.0000, 46, 128, 120
L -257.6717, -1430.4203, 0.0000, -258.1689, -1417.8946, 0.0000, 46, 128, 120
L -258.1689, -1417.8946, 0.0000, -270.4223, -1415.2190, 0.0000, 46, 128, 120
L -270.4223, -1415.2190, 0.0000, -278.8575, -1405.9491, 0.0000, 46, 128, 120
L -278.8575, -1405.9491, 0.0000, -289.9625, -1411.7739, 0.0000, 46, 128, 120
L -289.9625, -1411.7739, 0.0000, -302.3875, -1410.0927, 0.0000, 46, 128, 120
L -302.3875, -1410.0927, 0.0000, -307.1468, -1421.6949, 0.0000, 46, 128, 120
L -307.1468, -1421.6949, 0.0000, -317.7427, -1428.3958, 0.0000, 46, 128, 120
L -317.7427, -1428.3958, 0.0000, -313.9305, -1440.3414, 0.0000, 46, 128, 120
L -313.9305, -1440.3414, 0.0000, -317.7427, -1452.2869, 0.0000, 46, 128, 120
L -317.7427, -1452.2869, 0.0000, -307.1468, -1458.9878, 0.0000, 46, 128, 120
L -307.1468, -1458.9878, 0.0000, -302.3875, -1470.5900, 0.0000, 46, 128, 120
L -302.3875, -1470.5900, 0.0000, -289.9625, -1468.9088, 0.0000, 46, 128, 120
L -289.9625, -1468.9088, 0.0000, -278.8575, -1474.7336, 0.0000, 46, 128, 120
L -278.8575, -1474.7336, 0.0000, -270.4223, -1465.4637, 0.0000, 46, 128, 120
L -270.4223, -1465.4637, 0.0000, -258.1689, -1462.7881, 0.0000, 46, 128, 120
L -258.1689, -1462.7881, 0.0000, -257.6717, -1450.2624, 0.0000, 46, 128, 120
L -257.6717, -1450.2624, 0.0000, -250.0000, -1440.3414, 0.0000, 46, 128, 120
L -274.2699, -1440.3414, 0.0000, -277.3895, -1432.8058, 0.0000, 46, 128, 120
L -277.3895, -1432.8058, 0.0000, -284.9250, -1429.6863, 0.0000, 46, 128, 120
L -284.9250, -1429.6863, 0.0000, -292.4605, -1432.8058, 0.0000, 46, 128, 120
L -292.4605, -1432.8058, 0.0000, -295.5801, -1440.3414, 0.0000, 46, 128, 120
L -295.5801, -1440.3414, 0.0000, -292.4605, -1447.8769, 0.0000, 46, 128, 120
L -292.4605, -1447.8769, 0.0000, -284.9250, -1450.9964, 0.0000, 46, 128, 120
L -284.9250, -1450.9964, 0.0000, -277.3895, -1447.8769, 0.0000, 46, 128, 120
L -277.3895, -1447.8769, 0.0000, -274.2699, -1440.3414, 0.0000, 46, 128, 120
L -330.1500, -1381.1464, 0.0000, -334.0746, -1375.3453, 0.0000, 46, 180, 96
L -334.0746, -1375.3453, 0.0000, -337.1350, -1369.0470, 0.0000, 46, 180, 96
L -337.1350, -1369.0470, 0.0000, -344.1200, -1369.5442, 0.0000, 46, 180, 96
L -344.1200, -1369.5442, 0.0000, -351.1050, -1369.0470, 0.0000, 46, 180, 96
L -351.1050, -1369.0470, 0.0000, -354.1654, -1375.3453, 0.0000, 46, 180, 96
L -354.1654, -1375.3453, 0.0000, -358.0900, -1381.1464, 0.0000, 46, 180, 96
L -358.0900, -1381.1464, 0.0000, -354.1654, -1386.9475, 0.0000, 46, 180, 96
L -354.1654, -1386.9475, 0.0000, -351.1050, -1393.2459, 0.0000, 46, 180, 96
L -351.1050, -1393.2459, 0.0000, -344.1200, -1392.7486, 0.0000, 46, 180, 96
L -344.1200, -1392.7486, 0.0000, -337.1350, -1393.2459, 0.0000, 46, 180, 96
L -337.1350, -1393.2459, 0.0000, -334.0746, -1386.9475, 0.0000, 46, 180, 96
L -334.0746, -1386.9475, 0.0000, -330.1500, -1381.1464, 0.0000, 46, 180, 96
L -339.8579, -1381.1464, 0.0000, -341.1069, -1378.1334, 0.0000, 46, 180, 96
L -341.1069, -1378.1334, 0.0000, -344.1200, -1376.8844, 0.0000, 46, 180, 96
L -344.1200, -1376.8844, 0.0000, -347.1330, -1378.1334, 0.0000, 46, 180, 96
L -347.1330, -1378.1334, 0.0000, -348.3820, -1381.1464, 0.0000, 46, 180, 96
L -348.3820, -1381.1464, 0.0000, -347.1330, -1384.1594, 0.0000, 46, 180, 96
L -347.1330, -1384.1594, 0.0000, -344.1200, -1385.4084, 0.0000, 46, 180, 96
L -344.1200, -1385.4084, 0.0000, -341.1069, -1384.1594, 0.0000, 46, 180, 96
L -341.1069, -1384.1594, 0.0000, -339.8579, -1381.1464, 0.0000, 46, 180, 96
L 1190.6579, -1391.0290, 0.0000, 1187.2225, -1378.2000, 0.0000, 72, 86, 78
L 1187.2225, -1378.2000, 0.0000, 1177.8289, -1368.8065, 0.0000, 72, 86, 78
L 1177.8289, -1368.8065, 0.0000, 1165.0000, -1365.3711, 0.0000, 72, 86, 78
L 1165.0000, -1365.3711, 0.0000, 1152.1711, -1368.8065, 0.0000, 72, 86, 78
L 1152.1711, -1368.8065, 0.0000, 1142.7775, -1378.2000, 0.0000, 72, 86, 78
L 1142.7775, -1378.2000, 0.0000, 1139.3421, -1391.0290, 0.0000, 72, 86, 78
L 1139.3421, -1391.0290, 0.0000, 1142.7775, -1403.8579, 0.0000, 72, 86, 78
L 1142.7775, -1403.8579, 0.0000, 1152.1711, -1413.2514, 0.0000, 72, 86, 78
L 1152.1711, -1413.2514, 0.0000, 1165.0000, -1416.6869, 0.0000, 72, 86, 78
L 1165.0000, -1416.6869, 0.0000, 1177.8289, -1413.2514, 0.0000, 72, 86, 78
L 1177.8289, -1413.2514, 0.0000, 1187.2225, -1403.8579, 0.0000, 72, 86, 78
L 1187.2225, -1403.8579, 0.0000, 1190.6579, -1391.0290, 0.0000, 72, 86, 78
L 1163.1497, -1391.0290, 0.0000, 1166.8503, -1391.0290, 0.0000, 46, 180, 96
L 1165.0000, -1392.8793, 0.0000, 1165.0000, -1389.1787, 0.0000, 46, 180, 96
L 1139.3421, -1406.4237, 0.0000, 1111.7105, -1420.2395, 0.0000, 36, 46, 42
L 1111.7105, -1420.2395, 0.0000, 1090.0000, -1400.5027, 0.0000, 36, 46, 42
L 1190.6579, -1406.4237, 0.0000, 1218.2895, -1420.2395, 0.0000, 36, 46, 42
L 1218.2895, -1420.2395, 0.0000, 1240.0000, -1400.5027, 0.0000, 36, 46, 42
L 1139.3421, -1395.6486, 0.0000, 1111.7105, -1409.4644, 0.0000, 36, 46, 42
L 1111.7105, -1409.4644, 0.0000, 1090.0000, -1389.7276, 0.0000, 36, 46, 42
L 1190.6579, -1395.6486, 0.0000, 1218.2895, -1409.4644, 0.0000, 36, 46, 42
L 1218.2895, -1409.4644, 0.0000, 1240.0000, -1389.7276, 0.0000, 36, 46, 42
L 1139.3421, -1384.8736, 0.0000, 1111.7105, -1398.6894, 0.0000, 36, 46, 42
L 1111.7105, -1398.6894, 0.0000, 1090.0000, -1378.9525, 0.0000, 36, 46, 42
L 1190.6579, -1384.8736, 0.0000, 1218.2895, -1398.6894, 0.0000, 36, 46, 42
L 1218.2895, -1398.6894, 0.0000, 1240.0000, -1378.9525, 0.0000, 36, 46, 42
L 1139.3421, -1374.0923, 0.0000, 1111.7105, -1387.9081, 0.0000, 36, 46, 42
L 1111.7105, -1387.9081, 0.0000, 1090.0000, -1368.1713, 0.0000, 36, 46, 42
L 1190.6579, -1374.0923, 0.0000, 1218.2895, -1387.9081, 0.0000, 36, 46, 42
L 1218.2895, -1387.9081, 0.0000, 1240.0000, -1368.1713, 0.0000, 36, 46, 42
L 1177.8104, -1421.8185, 0.0000, 1174.8314, -1417.7477, 0.0000, 46, 180, 96
L 1174.8314, -1417.7477, 0.0000, 1174.0604, -1412.7580, 0.0000, 46, 180, 96
L 1174.0604, -1412.7580, 0.0000, 1169.0707, -1411.9870, 0.0000, 46, 180, 96
L 1169.0707, -1411.9870, 0.0000, 1165.0000, -1409.0080, 0.0000, 46, 180, 96
L 1165.0000, -1409.0080, 0.0000, 1160.9293, -1411.9870, 0.0000, 46, 180, 96
L 1160.9293, -1411.9870, 0.0000, 1155.9396, -1412.7580, 0.0000, 46, 180, 96
L 1155.9396, -1412.7580, 0.0000, 1155.1686, -1417.7477, 0.0000, 46, 180, 96
L 1155.1686, -1417.7477, 0.0000, 1152.1896, -1421.8185, 0.0000, 46, 180, 96
L 1152.1896, -1421.8185, 0.0000, 1155.1686, -1425.8892, 0.0000, 46, 180, 96
L 1155.1686, -1425.8892, 0.0000, 1155.9396, -1430.8789, 0.0000, 46, 180, 96
L 1155.9396, -1430.8789, 0.0000, 1160.9293, -1431.6499, 0.0000, 46, 180, 96
L 1160.9293, -1431.6499, 0.0000, 1165.0000, -1434.6289, 0.0000, 46, 180, 96
L 1165.0000, -1434.6289, 0.0000, 1169.0707, -1431.6499, 0.0000, 46, 180, 96
L 1169.0707, -1431.6499, 0.0000, 1174.0604, -1430.8789, 0.0000, 46, 180, 96
L 1174.0604, -1430.8789, 0.0000, 1174.8314, -1425.8892, 0.0000, 46, 180, 96
L 1174.8314, -1425.8892, 0.0000, 1177.8104, -1421.8185, 0.0000, 46, 180, 96
L 1168.9104, -1421.8185, 0.0000, 1167.7632, -1419.0553, 0.0000, 46, 180, 96
L 1167.7632, -1419.0553, 0.0000, 1165.0000, -1417.9081, 0.0000, 46, 180, 96
L 1165.0000, -1417.9081, 0.0000, 1162.2368, -1419.0553, 0.0000, 46, 180, 96
L 1162.2368, -1419.0553, 0.0000, 1161.0896, -1421.8185, 0.0000, 46, 180, 96
L 1161.0896, -1421.8185, 0.0000, 1162.2368, -1424.5816, 0.0000, 46, 180, 96
L 1162.2368, -1424.5816, 0.0000, 1165.0000, -1425.7288, 0.0000, 46, 180, 96
L 1165.0000, -1425.7288, 0.0000, 1167.7632, -1424.5816, 0.0000, 46, 180, 96
L 1167.7632, -1424.5816, 0.0000, 1168.9104, -1421.8185, 0.0000, 46, 180, 96
L -299.3421, -841.0290, 0.0000, -302.7775, -828.2000, 0.0000, 72, 86, 78
L -302.7775, -828.2000, 0.0000, -312.1711, -818.8065, 0.0000, 72, 86, 78
L -312.1711, -818.8065, 0.0000, -325.0000, -815.3711, 0.0000, 72, 86, 78
L -325.0000, -815.3711, 0.0000, -337.8289, -818.8065, 0.0000, 72, 86, 78
L -337.8289, -818.8065, 0.0000, -347.2225, -828.2000, 0.0000, 72, 86, 78
L -347.2225, -828.2000, 0.0000, -350.6579, -841.0290, 0.0000, 72, 86, 78
L -350.6579, -841.0290, 0.0000, -347.2225, -853.8579, 0.0000, 72, 86, 78
L -347.2225, -853.8579, 0.0000, -337.8289, -863.2514, 0.0000, 72, 86, 78
L -337.8289, -863.2514, 0.0000, -325.0000, -866.6869, 0.0000, 72, 86, 78
L -325.0000, -866.6869, 0.0000, -312.1711, -863.2514, 0.0000, 72, 86, 78
L -312.1711, -863.2514, 0.0000, -302.7775, -853.8579, 0.0000, 72, 86, 78
L -302.7775, -853.8579, 0.0000, -299.3421, -841.0290, 0.0000, 72, 86, 78
L -326.8503, -841.0290, 0.0000, -323.1497, -841.0290, 0.0000, 46, 180, 96
L -325.0000, -842.8793, 0.0000, -325.0000, -839.1787, 0.0000, 46, 180, 96
L -350.6579, -856.4237, 0.0000, -378.2895, -870.2395, 0.0000, 36, 46, 42
L -378.2895, -870.2395, 0.0000, -400.0000, -850.5027, 0.0000, 36, 46, 42
L -299.3421, -856.4237, 0.0000, -271.7105, -870.2395, 0.0000, 36, 46, 42
L -271.7105, -870.2395, 0.0000, -250.0000, -850.5027, 0.0000, 36, 46, 42
L -350.6579, -845.6486, 0.0000, -378.2895, -859.4644, 0.0000, 36, 46, 42
L -378.2895, -859.4644, 0.0000, -400.0000, -839.7276, 0.0000, 36, 46, 42
L -299.3421, -845.6486, 0.0000, -271.7105, -859.4644, 0.0000, 36, 46, 42
L -271.7105, -859.4644, 0.0000, -250.0000, -839.7276, 0.0000, 36, 46, 42
L -350.6579, -834.8736, 0.0000, -378.2895, -848.6894, 0.0000, 36, 46, 42
L -378.2895, -848.6894, 0.0000, -400.0000, -828.9525, 0.0000, 36, 46, 42
L -299.3421, -834.8736, 0.0000, -271.7105, -848.6894, 0.0000, 36, 46, 42
L -271.7105, -848.6894, 0.0000, -250.0000, -828.9525, 0.0000, 36, 46, 42
L -350.6579, -824.0923, 0.0000, -378.2895, -837.9081, 0.0000, 36, 46, 42
L -378.2895, -837.9081, 0.0000, -400.0000, -818.1713, 0.0000, 36, 46, 42
L -299.3421, -824.0923, 0.0000, -271.7105, -837.9081, 0.0000, 36, 46, 42
L -271.7105, -837.9081, 0.0000, -250.0000, -818.1713, 0.0000, 36, 46, 42
L -312.1896, -871.8185, 0.0000, -315.1686, -867.7477, 0.0000, 46, 180, 96
L -315.1686, -867.7477, 0.0000, -315.9396, -862.7580, 0.0000, 46, 180, 96
L -315.9396, -862.7580, 0.0000, -320.9293, -861.9870, 0.0000, 46, 180, 96
L -320.9293, -861.9870, 0.0000, -325.0000, -859.0080, 0.0000, 46, 180, 96
L -325.0000, -859.0080, 0.0000, -329.0707, -861.9870, 0.0000, 46, 180, 96
L -329.0707, -861.9870, 0.0000, -334.0604, -862.7580, 0.0000, 46, 180, 96
L -334.0604, -862.7580, 0.0000, -334.8314, -867.7477, 0.0000, 46, 180, 96
L -334.8314, -867.7477, 0.0000, -337.8104, -871.8185, 0.0000, 46, 180, 96
L -337.8104, -871.8185, 0.0000, -334.8314, -875.8892, 0.0000, 46, 180, 96
L -334.8314, -875.8892, 0.0000, -334.0604, -880.8789, 0.0000, 46, 180, 96
L -334.0604, -880.8789, 0.0000, -329.0707, -881.6499, 0.0000, 46, 180, 96
L -329.0707, -881.6499, 0.0000, -325.0000, -884.6289, 0.0000, 46, 180, 96
L -325.0000, -884.6289, 0.0000, -320.9293, -881.6499, 0.0000, 46, 180, 96
L -320.9293, -881.6499, 0.0000, -315.9396, -880.8789, 0.0000, 46, 180, 96
L -315.9396, -880.8789, 0.0000, -315.1686, -875.8892, 0.0000, 46, 180, 96
L -315.1686, -875.8892, 0.0000, -312.1896, -871.8185, 0.0000, 46, 180, 96
L -321.0896, -871.8185, 0.0000, -322.2368, -869.0553, 0.0000, 46, 180, 96
L -322.2368, -869.0553, 0.0000, -325.0000, -867.9081, 0.0000, 46, 180, 96
L -325.0000, -867.9081, 0.0000, -327.7632, -869.0553, 0.0000, 46, 180, 96
L -327.7632, -869.0553, 0.0000, -328.9104, -871.8185, 0.0000, 46, 180, 96
L -328.9104, -871.8185, 0.0000, -327.7632, -874.5816, 0.0000, 46, 180, 96
L -327.7632, -874.5816, 0.0000, -325.0000, -875.7288, 0.0000, 46, 180, 96
L -325.0000, -875.7288, 0.0000, -322.2368, -874.5816, 0.0000, 46, 180, 96
L -322.2368, -874.5816, 0.0000, -321.0896, -871.8185, 0.0000, 46, 180, 96
L 1201.7601, -831.1464, 0.0000, 1190.7084, -819.1358, 0.0000, 72, 86, 78
L 1190.7084, -819.1358, 0.0000, 1194.2719, -803.2064, 0.0000, 72, 86, 78
L 1194.2719, -803.2064, 0.0000, 1178.6977, -798.3287, 0.0000, 72, 86, 78
L 1178.6977, -798.3287, 0.0000, 1173.8200, -782.7545, 0.0000, 72, 86, 78
L 1173.8200, -782.7545, 0.0000, 1157.8907, -786.3181, 0.0000, 72, 86, 78
L 1157.8907, -786.3181, 0.0000, 1145.8800, -775.2664, 0.0000, 72, 86, 78
L 1145.8800, -775.2664, 0.0000, 1133.8694, -786.3181, 0.0000, 72, 86, 78
L 1133.8694, -786.3181, 0.0000, 1117.9400, -782.7545, 0.0000, 72, 86, 78
L 1117.9400, -782.7545, 0.0000, 1113.0624, -798.3287, 0.0000, 72, 86, 78
L 1113.0624, -798.3287, 0.0000, 1097.4882, -803.2064, 0.0000, 72, 86, 78
L 1097.4882, -803.2064, 0.0000, 1101.0517, -819.1358, 0.0000, 72, 86, 78
L 1101.0517, -819.1358, 0.0000, 1090.0000, -831.1464, 0.0000, 72, 86, 78
L 1090.0000, -831.1464, 0.0000, 1101.0517, -843.1571, 0.0000, 72, 86, 78
L 1101.0517, -843.1571, 0.0000, 1097.4882, -859.0864, 0.0000, 72, 86, 78
L 1097.4882, -859.0864, 0.0000, 1113.0624, -863.9641, 0.0000, 72, 86, 78
L 1113.0624, -863.9641, 0.0000, 1117.9400, -879.5383, 0.0000, 72, 86, 78
L 1117.9400, -879.5383, 0.0000, 1133.8694, -875.9747, 0.0000, 72, 86, 78
L 1133.8694, -875.9747, 0.0000, 1145.8800, -887.0264, 0.0000, 72, 86, 78
L 1145.8800, -887.0264, 0.0000, 1157.8907, -875.9747, 0.0000, 72, 86, 78
L 1157.8907, -875.9747, 0.0000, 1173.8200, -879.5383, 0.0000, 72, 86, 78
L 1173.8200, -879.5383, 0.0000, 1178.6977, -863.9641, 0.0000, 72, 86, 78
L 1178.6977, -863.9641, 0.0000, 1194.2719, -859.0864, 0.0000, 72, 86, 78
L 1194.2719, -859.0864, 0.0000, 1190.7084, -843.1571, 0.0000, 72, 86, 78
L 1190.7084, -843.1571, 0.0000, 1201.7601, -831.1464, 0.0000, 72, 86, 78
L 1162.9282, -831.1464, 0.0000, 1157.9321, -819.0943, 0.0000, 72, 86, 78
L 1157.9321, -819.0943, 0.0000, 1145.8800, -814.0983, 0.0000, 72, 86, 78
L 1145.8800, -814.0983, 0.0000, 1133.8279, -819.0943, 0.0000, 72, 86, 78
L 1133.8279, -819.0943, 0.0000, 1128.8319, -831.1464, 0.0000, 72, 86, 78
L 1128.8319, -831.1464, 0.0000, 1133.8279, -843.1985, 0.0000, 72, 86, 78
L 1133.8279, -843.1985, 0.0000, 1145.8800, -848.1946, 0.0000, 72, 86, 78
L 1145.8800, -848.1946, 0.0000, 1157.9321, -843.1985, 0.0000, 72, 86, 78
L 1157.9321, -843.1985, 0.0000, 1162.9282, -831.1464, 0.0000, 72, 86, 78
L 1240.0000, -890.3414, 0.0000, 1232.3283, -880.4203, 0.0000, 46, 128, 120
L 1232.3283, -880.4203, 0.0000, 1231.8311, -867.8946, 0.0000, 46, 128, 120
L 1231.8311, -867.8946, 0.0000, 1219.5777, -865.2190, 0.0000, 46, 128, 120
L 1219.5777, -865.2190, 0.0000, 1211.1425, -855.9491, 0.0000, 46, 128, 120
L 1211.1425, -855.9491, 0.0000, 1200.0375, -861.7739, 0.0000, 46, 128, 120
L 1200.0375, -861.7739, 0.0000, 1187.6125, -860.0927, 0.0000, 46, 128, 120
L 1187.6125, -860.0927, 0.0000, 1182.8532, -871.6949, 0.0000, 46, 128, 120
L 1182.8532, -871.6949, 0.0000, 1172.2573, -878.3958, 0.0000, 46, 128, 120
L 1172.2573, -878.3958, 0.0000, 1176.0695, -890.3414, 0.0000, 46, 128, 120
L 1176.0695, -890.3414, 0.0000, 1172.2573, -902.2869, 0.0000, 46, 128, 120
L 1172.2573, -902.2869, 0.0000, 1182.8532, -908.9878, 0.0000, 46, 128, 120
L 1182.8532, -908.9878, 0.0000, 1187.6125, -920.5900, 0.0000, 46, 128, 120
L 1187.6125, -920.5900, 0.0000, 1200.0375, -918.9088, 0.0000, 46, 128, 120
L 1200.0375, -918.9088, 0.0000, 1211.1425, -924.7336, 0.0000, 46, 128, 120
L 1211.1425, -924.7336, 0.0000, 1219.5777, -915.4637, 0.0000, 46, 128, 120
L 1219.5777, -915.4637, 0.0000, 1231.8311, -912.7881, 0.0000, 46, 128, 120
L 1231.8311, -912.7881, 0.0000, 1232.3283, -900.2624, 0.0000, 46, 128, 120
L 1232.3283, -900.2624, 0.0000, 1240.0000, -890.3414, 0.0000, 46, 128, 120
L 1215.7301, -890.3414, 0.0000, 1212.6105, -882.8058, 0.0000, 46, 128, 120
L 1212.6105, -882.8058, 0.0000, 1205.0750, -879.6863, 0.0000, 46, 128, 120
L 1205.0750, -879.6863, 0.0000, 1197.5395, -882.8058, 0.0000, 46, 128, 120
L 1197.5395, -882.8058, 0.0000, 1194.4199, -890.3414, 0.0000, 46, 128, 120
L 1194.4199, -890.3414, 0.0000, 1197.5395, -897.8769, 0.0000, 46, 128, 120
L 1197.5395, -897.8769, 0.0000, 1205.0750, -900.9964, 0.0000, 46, 128, 120
L 1205.0750, -900.9964, 0.0000, 1212.6105, -897.8769, 0.0000, 46, 128, 120
L 1212.6105, -897.8769, 0.0000, 1215.7301, -890.3414, 0.0000, 46, 128, 120
L 1159.8500, -831.1464, 0.0000, 1155.9254, -825.3453, 0.0000, 46, 180, 96
L 1155.9254, -825.3453, 0.0000, 1152.8650, -819.0470, 0.0000, 46, 180, 96
L 1152.8650, -819.0470, 0.0000, 1145.8800, -819.5442, 0.0000, 46, 180, 96
L 1145.8800, -819.5442, 0.0000, 1138.8950, -819.0470, 0.0000, 46, 180, 96
L 1138.8950, -819.0470, 0.0000, 1135.8346, -825.3453, 0.0000, 46, 180, 96
L 1135.8346, -825.3453, 0.0000, 1131.9100, -831.1464, 0.0000, 46, 180, 96
L 1131.9100, -831.1464, 0.0000, 1135.8346, -836.9475, 0.0000, 46, 180, 96
L 1135.8346, -836.9475, 0.0000, 1138.8950, -843.2459, 0.0000, 46, 180, 96
L 1138.8950, -843.2459, 0.0000, 1145.8800, -842.7486, 0.0000, 46, 180, 96
L 1145.8800, -842.7486, 0.0000, 1152.8650, -843.2459, 0.0000, 46, 180, 96
L 1152.8650, -843.2459, 0.0000, 1155.9254, -836.9475, 0.0000, 46, 180, 96
L 1155.9254, -836.9475, 0.0000, 1159.8500, -831.1464, 0.0000, 46, 180, 96
L 1150.1421, -831.1464, 0.0000, 1148.8931, -828.1334, 0.0000, 46, 180, 96
L 1148.8931, -828.1334, 0.0000, 1145.8800, -826.8844, 0.0000, 46, 180, 96
L 1145.8800, -826.8844, 0.0000, 1142.8670, -828.1334, 0.0000, 46, 180, 96
L 1142.8670, -828.1334, 0.0000, 1141.6180, -831.1464, 0.0000, 46, 180, 96
L 1141.6180, -831.1464, 0.0000, 1142.8670, -834.1594, 0.0000, 46, 180, 96
L 1142.8670, -834.1594, 0.0000, 1145.8800, -835.4084, 0.0000, 46, 180, 96
L 1145.8800, -835.4084, 0.0000, 1148.8931, -834.1594, 0.0000, 46, 180, 96
L 1148.8931, -834.1594, 0.0000, 1150.1421, -831.1464, 0.0000, 46, 180, 96
L -288.2399, -281.1464, 0.0000, -299.2916, -269.1358, 0.0000, 72, 86, 78
L -299.2916, -269.1358, 0.0000, -295.7281, -253.2064, 0.0000, 72, 86, 78
L -295.7281, -253.2064, 0.0000, -311.3023, -248.3287, 0.0000, 72, 86, 78
L -311.3023, -248.3287, 0.0000, -316.1800, -232.7545, 0.0000, 72, 86, 78
L -316.1800, -232.7545, 0.0000, -332.1093, -236.3181, 0.0000, 72, 86, 78
L -332.1093, -236.3181, 0.0000, -344.1200, -225.2664, 0.0000, 72, 86, 78
L -344.1200, -225.2664, 0.0000, -356.1306, -236.3181, 0.0000, 72, 86, 78
L -356.1306, -236.3181, 0.0000, -372.0600, -232.7545, 0.0000, 72, 86, 78
L -372.0600, -232.7545, 0.0000, -376.9376, -248.3287, 0.0000, 72, 86, 78
L -376.9376, -248.3287, 0.0000, -392.5118, -253.2064, 0.0000, 72, 86, 78
L -392.5118, -253.2064, 0.0000, -388.9483, -269.1358, 0.0000, 72, 86, 78
L -388.9483, -269.1358, 0.0000, -400.0000, -281.1464, 0.0000, 72, 86, 78
L -400.0000, -281.1464, 0.0000, -388.9483, -293.1571, 0.0000, 72, 86, 78
L -388.9483, -293.1571, 0.0000, -392.5118, -309.0864, 0.0000, 72, 86, 78
L -392.5118, -309.0864, 0.0000, -376.9376, -313.9641, 0.0000, 72, 86, 78
L -376.9376, -313.9641, 0.0000, -372.0600, -329.5383, 0.0000, 72, 86, 78
L -372.0600, -329.5383, 0.0000, -356.1306, -325.9747, 0.0000, 72, 86, 78
L -356.1306, -325.9747, 0.0000, -344.1200, -337.0264, 0.0000, 72, 86, 78
L -344.1200, -337.0264, 0.0000, -332.1093, -325.9747, 0.0000, 72, 86, 78
L -332.1093, -325.9747, 0.0000, -316.1800, -329.5383, 0.0000, 72, 86, 78
L -316.1800, -329.5383, 0.0000, -311.3023, -313.9641, 0.0000, 72, 86, 78
L -311.3023, -313.9641, 0.0000, -295.7281, -309.0864, 0.0000, 72, 86, 78
L -295.7281, -309.0864, 0.0000, -299.2916, -293.1571, 0.0000, 72, 86, 78
L -299.2916, -293.1571, 0.0000, -288.2399, -281.1464, 0.0000, 72, 86, 78
L -327.0718, -281.1464, 0.0000, -332.0679, -269.0943, 0.0000, 72, 86, 78
L -332.0679, -269.0943, 0.0000, -344.1200, -264.0983, 0.0000, 72, 86, 78
L -344.1200, -264.0983, 0.0000, -356.1721, -269.0943, 0.0000, 72, 86, 78
L -356.1721, -269.0943, 0.0000, -361.1681, -281.1464, 0.0000, 72, 86, 78
L -361.1681, -281.1464, 0.0000, -356.1721, -293.1985, 0.0000, 72, 86, 78
L -356.1721, -293.1985, 0.0000, -344.1200, -298.1946, 0.0000, 72, 86, 78
L -344.1200, -298.1946, 0.0000, -332.0679, -293.1985, 0.0000, 72, 86, 78
L -332.0679, -293.1985, 0.0000, -327.0718, -281.1464, 0.0000, 72, 86, 78
L -250.0000, -340.3414, 0.0000, -257.6717, -330.4203, 0.0000, 46, 128, 120
L -257.6717, -330.4203, 0.0000, -258.1689, -317.8946, 0.0000, 46, 128, 120
L -258.1689, -317.8946, 0.0000, -270.4223, -315.2190, 0.0000, 46, 128, 120
L -270.4223, -315.2190, 0.0000, -278.8575, -305.9491, 0.0000, 46, 128, 120
L -278.8575, -305.9491, 0.0000, -289.9625, -311.7739, 0.0000, 46, 128, 120
L -289.9625, -311.7739, 0.0000, -302.3875, -310.0927, 0.0000, 46, 128, 120
L -302.3875, -310.0927, 0.0000, -307.1468, -321.6949, 0.0000, 46, 128, 120
L -307.1468, -321.6949, 0.0000, -317.7427, -328.3958, 0.0000, 46, 128, 120
L -317.7427, -328.3958, 0.0000, -313.9305, -340.3414, 0.0000, 46, 128, 120
L -313.9305, -340.3414, 0.0000, -317.7427, -352.2869, 0.0000, 46, 128, 120
L -317.7427, -352.2869, 0.0000, -307.1468, -358.9878, 0.0000, 46, 128, 120
L -307.1468, -358.9878, 0.0000, -302.3875, -370.5900, 0.0000, 46, 128, 120
L -302.3875, -370.5900, 0.0000, -289.9625, -368.9088, 0.0000, 46, 128, 120
L -289.9625, -368.9088, 0.0000, -278.8575, -374.7336, 0.0000, 46, 128, 120
L -278.8575, -374.7336, 0.0000, -270.4223, -365.4637, 0.0000, 46, 128, 120
L -270.4223, -365.4637, 0.0000, -258.1689, -362.7881, 0.0000, 46, 128, 120
L -258.1689, -362.7881, 0.0000, -257.6717, -350.2624, 0.0000, 46, 128, 120
L -257.6717, -350.2624, 0.0000, -250.0000, -340.3414, 0.0000, 46, 128, 120
L -274.2699, -340.3414, 0.0000, -277.3895, -332.8058, 0.0000, 46, 128, 120
L -277.3895, -332.8058, 0.0000, -284.9250, -329.6863, 0.0000, 46, 128, 120
L -284.9250, -329.6863, 0.0000, -292.4605, -332.8058, 0.0000, 46, 128, 120
L -292.4605, -332.8058, 0.0000, -295.5801, -340.3414, 0.0000, 46, 128, 120
L -295.5801, -340.3414, 0.0000, -292.4605, -347.8769, 0.0000, 46, 128, 120
L -292.4605, -347.8769, 0.0000, -284.9250, -350.9964, 0.0000, 46, 128, 120
L -284.9250, -350.9964, 0.0000, -277.3895, -347.8769, 0.0000, 46, 128, 120
L -277.3895, -347.8769, 0.0000, -274.2699, -340.3414, 0.0000, 46, 128, 120
L -330.1500, -281.1464, 0.0000, -334.0746, -275.3453, 0.0000, 46, 180, 96
L -334.0746, -275.3453, 0.0000, -337.1350, -269.0470, 0.0000, 46, 180, 96
L -337.1350, -269.0470, 0.0000, -344.1200, -269.5442, 0.0000, 46, 180, 96
L -344.1200, -269.5442, 0.0000, -351.1050, -269.0470, 0.0000, 46, 180, 96
L -351.1050, -269.0470, 0.0000, -354.1654, -275.3453, 0.0000, 46, 180, 96
L -354.1654, -275.3453, 0.0000, -358.0900, -281.1464, 0.0000, 46, 180, 96
L -358.0900, -281.1464, 0.0000, -354.1654, -286.9475, 0.0000, 46, 180, 96
L -354.1654, -286.9475, 0.0000, -351.1050, -293.2459, 0.0000, 46, 180, 96
L -351.1050, -293.2459, 0.0000, -344.1200, -292.7486, 0.0000, 46, 180, 96
L -344.1200, -292.7486, 0.0000, -337.1350, -293.2459, 0.0000, 46, 180, 96
L -337.1350, -293.2459, 0.0000, -334.0746, -286.9475, 0.0000, 46, 180, 96
L -334.0746, -286.9475, 0.0000, -330.1500, -281.1464, 0.0000, 46, 180, 96
L -339.8579, -281.1464, 0.0000, -341.1069, -278.1334, 0.0000, 46, 180, 96
L -341.1069, -278.1334, 0.0000, -344.1200, -276.8844, 0.0000, 46, 180, 96
L -344.1200, -276.8844, 0.0000, -347.1330, -278.1334, 0.0000, 46, 180, 96
L -347.1330, -278.1334, 0.0000, -348.3820, -281.1464, 0.0000, 46, 180, 96
L -348.3820, -281.1464, 0.0000, -347.1330, -284.1594, 0.0000, 46, 180, 96
L -347.1330, -284.1594, 0.0000, -344.1200, -285.4084, 0.0000, 46, 180, 96
L -344.1200, -285.4084, 0.0000, -341.1069, -284.1594, 0.0000, 46, 180, 96
L -341.1069, -284.1594, 0.0000, -339.8579, -281.1464, 0.0000, 46, 180, 96
L 1190.6579, -291.0290, 0.0000, 1187.2225, -278.2000, 0.0000, 72, 86, 78
L 1187.2225, -278.2000, 0.0000, 1177.8289, -268.8065, 0.0000, 72, 86, 78
L 1177.8289, -268.8065, 0.0000, 1165.0000, -265.3711, 0.0000, 72, 86, 78
L 1165.0000, -265.3711, 0.0000, 1152.1711, -268.8065, 0.0000, 72, 86, 78
L 1152.1711, -268.8065, 0.0000, 1142.7775, -278.2000, 0.0000, 72, 86, 78
L 1142.7775, -278.2000, 0.0000, 1139.3421, -291.0290, 0.0000, 72, 86, 78
L 1139.3421, -291.0290, 0.0000, 1142.7775, -303.8579, 0.0000, 72, 86, 78
L 1142.7775, -303.8579, 0.0000, 1152.1711, -313.2514, 0.0000, 72, 86, 78
L 1152.1711, -313.2514, 0.0000, 1165.0000, -316.6869, 0.0000, 72, 86, 78
L 1165.0000, -316.6869, 0.0000, 1177.8289, -313.2514, 0.0000, 72, 86, 78
L 1177.8289, -313.2514, 0.0000, 1187.2225, -303.8579, 0.0000, 72, 86, 78
L 1187.2225, -303.8579, 0.0000, 1190.6579, -291.0290, 0.0000, 72, 86, 78
L 1163.1497, -291.0290, 0.0000, 1166.8503, -291.0290, 0.0000, 46, 180, 96
L 1165.0000, -292.8793, 0.0000, 1165.0000, -289.1787, 0.0000, 46, 180, 96
L 1139.3421, -306.4237, 0.0000, 1111.7105, -320.2395, 0.0000, 36, 46, 42
L 1111.7105, -320.2395, 0.0000, 1090.0000, -300.5027, 0.0000, 36, 46, 42
L 1190.6579, -306.4237, 0.0000, 1218.2895, -320.2395, 0.0000, 36, 46, 42
L 1218.2895, -320.2395, 0.0000, 1240.0000, -300.5027, 0.0000, 36, 46, 42
L 1139.3421, -295.6486, 0.0000, 1111.7105, -309.4644, 0.0000, 36, 46, 42
L 1111.7105, -309.4644, 0.0000, 1090.0000, -289.7276, 0.0000, 36, 46, 42
L 1190.6579, -295.6486, 0.0000, 1218.2895, -309.4644, 0.0000, 36, 46, 42
L 1218.2895, -309.4644, 0.0000, 1240.0000, -289.7276, 0.0000, 36, 46, 42
L 1139.3421, -284.8736, 0.0000, 1111.7105, -298.6894, 0.0000, 36, 46, 42
L 1111.7105, -298.6894, 0.0000, 1090.0000, -278.9525, 0.0000, 36, 46, 42
L 1190.6579, -284.8736, 0.0000, 1218.2895, -298.6894, 0.0000, 36, 46, 42
L 1218.2895, -298.6894, 0.0000, 1240.0000, -278.9525, 0.0000, 36, 46, 42
L 1139.3421, -274.0923, 0.0000, 1111.7105, -287.9081, 0.0000, 36, 46, 42
L 1111.7105, -287.9081, 0.0000, 1090.0000, -268.1713, 0.0000, 36, 46, 42
L 1190.6579, -274.0923, 0.0000, 1218.2895, -287.9081, 0.0000, 36, 46, 42
L 1218.2895, -287.9081, 0.0000, 1240.0000, -268.1713, 0.0000, 36, 46, 42
L 1177.8104, -321.8185, 0.0000, 1174.8314, -317.7477, 0.0000, 46, 180, 96
L 1174.8314, -317.7477, 0.0000, 1174.0604, -312.7580, 0.0000, 46, 180, 96
L 1174.0604, -312.7580, 0.0000, 1169.0707, -311.9870, 0.0000, 46, 180, 96
L 1169.0707, -311.9870, 0.0000, 1165.0000, -309.0080, 0.0000, 46, 180, 96
L 1165.0000, -309.0080, 0.0000, 1160.9293, -311.9870, 0.0000, 46, 180, 96
L 1160.9293, -311.9870, 0.0000, 1155.9396, -312.7580, 0.0000, 46, 180, 96
L 1155.9396, -312.7580, 0.0000, 1155.1686, -317.7477, 0.0000, 46, 180, 96
L 1155.1686, -317.7477, 0.0000, 1152.1896, -321.8185, 0.0000, 46, 180, 96
L 1152.1896, -321.8185, 0.0000, 1155.1686, -325.8892, 0.0000, 46, 180, 96
L 1155.1686, -325.8892, 0.0000, 1155.9396, -330.8789, 0.0000, 46, 180, 96
L 1155.9396, -330.8789, 0.0000, 1160.9293, -331.6499, 0.0000, 46, 180, 96
L 1160.9293, -331.6499, 0.0000, 1165.0000, -334.6289, 0.0000, 46, 180, 96
L 1165.0000, -334.6289, 0.0000, 1169.0707, -331.6499, 0.0000, 46, 180, 96
L 1169.0707, -331.6499, 0.0000, 1174.0604, -330.8789, 0.0000, 46, 180, 96
L 1174.0604, -330.8789, 0.0000, 1174.8314, -325.8892, 0.0000, 46, 180, 96
L 1174.8314, -325.8892, 0.0000, 1177.8104, -321.8185, 0.0000, 46, 180, 96
L 1168.9104, -321.8185, 0.0000, 1167.7632, -319.0553, 0.0000, 46, 180, 96
L 1167.7632, -319.0553, 0.0000, 1165.0000, -317.9081, 0.0000, 46, 180, 96
L 1165.0000, -317.9081, 0.0000, 1162.2368, -319.0553, 0.0000, 46, 180, 96
L 1162.2368, -319.0553, 0.0000, 1161.0896, -321.8185, 0.0000, 46, 180, 96
L 1161.0896, -321.8185, 0.0000, 1162.2368, -324.5816, 0.0000, 46, 180, 96
L 1162.2368, -324.5816, 0.0000, 1165.0000, -325.7288, 0.0000, 46, 180, 96
L 1165.0000, -325.7288, 0.0000, 1167.7632, -324.5816, 0.0000, 46, 180, 96
L 1167.7632, -324.5816, 0.0000, 1168.9104, -321.8185, 0.0000, 46, 180, 96
L 1262.19, 224.00, 0.0000, 1261.09, 236.54, 0.0000, 46, 58, 52
L 1261.09, 236.54, 0.0000, 1257.83, 248.69, 0.0000, 46, 58, 52
L 1257.83, 248.69, 0.0000, 1252.52, 260.09, 0.0000, 46, 58, 52
L 1252.52, 260.09, 0.0000, 1245.30, 270.40, 0.0000, 46, 58, 52
L 1245.30, 270.40, 0.0000, 1236.40, 279.30, 0.0000, 46, 58, 52
L 1236.40, 279.30, 0.0000, 1226.09, 286.52, 0.0000, 46, 58, 52
L 1226.09, 286.52, 0.0000, 1214.69, 291.83, 0.0000, 46, 58, 52
L 1214.69, 291.83, 0.0000, 1202.54, 295.09, 0.0000, 46, 58, 52
L 1202.54, 295.09, 0.0000, 1190.00, 296.19, 0.0000, 46, 58, 52
L 1190.00, 296.19, 0.0000, 1177.46, 295.09, 0.0000, 46, 58, 52
L 1177.46, 295.09, 0.0000, 1165.31, 291.83, 0.0000, 46, 58, 52
L 1165.31, 291.83, 0.0000, 1153.91, 286.52, 0.0000, 46, 58, 52
L 1153.91, 286.52, 0.0000, 1143.60, 279.30, 0.0000, 46, 58, 52
L 1143.60, 279.30, 0.0000, 1134.70, 270.40, 0.0000, 46, 58, 52
L 1134.70, 270.40, 0.0000, 1127.48, 260.09, 0.0000, 46, 58, 52
L 1127.48, 260.09, 0.0000, 1122.17, 248.69, 0.0000, 46, 58, 52
L 1122.17, 248.69, 0.0000, 1118.91, 236.54, 0.0000, 46, 58, 52
L 1118.91, 236.54, 0.0000, 1117.81, 224.00, 0.0000, 46, 58, 52
L 1117.81, 224.00, 0.0000, 1118.91, 211.46, 0.0000, 46, 58, 52
L 1118.91, 211.46, 0.0000, 1122.17, 199.31, 0.0000, 46, 58, 52
L 1122.17, 199.31, 0.0000, 1127.48, 187.91, 0.0000, 46, 58, 52
L 1127.48, 187.91, 0.0000, 1134.70, 177.60, 0.0000, 46, 58, 52
L 1134.70, 177.60, 0.0000, 1143.60, 168.70, 0.0000, 46, 58, 52
L 1143.60, 168.70, 0.0000, 1153.91, 161.48, 0.0000, 46, 58, 52
L 1153.91, 161.48, 0.0000, 1165.31, 156.17, 0.0000, 46, 58, 52
L 1165.31, 156.17, 0.0000, 1177.46, 152.91, 0.0000, 46, 58, 52
L 1177.46, 152.91, 0.0000, 1190.00, 151.81, 0.0000, 46, 58, 52
L 1190.00, 151.81, 0.0000, 1202.54, 152.91, 0.0000, 46, 58, 52
L 1202.54, 152.91, 0.0000, 1214.69, 156.17, 0.0000, 46, 58, 52
L 1214.69, 156.17, 0.0000, 1226.09, 161.48, 0.0000, 46, 58, 52
L 1226.09, 161.48, 0.0000, 1236.40, 168.70, 0.0000, 46, 58, 52
L 1236.40, 168.70, 0.0000, 1245.30, 177.60, 0.0000, 46, 58, 52
L 1245.30, 177.60, 0.0000, 1252.52, 187.91, 0.0000, 46, 58, 52
L 1252.52, 187.91, 0.0000, 1257.83, 199.31, 0.0000, 46, 58, 52
L 1257.83, 199.31, 0.0000, 1261.09, 211.46, 0.0000, 46, 58, 52
L 1261.09, 211.46, 0.0000, 1262.19, 224.00, 0.0000, 46, 58, 52
L 1271.57, 224.00, 0.0000, 1270.33, 238.16, 0.0000, 72, 86, 78
L 1270.33, 238.16, 0.0000, 1266.65, 251.90, 0.0000, 72, 86, 78
L 1266.65, 251.90, 0.0000, 1260.64, 264.79, 0.0000, 72, 86, 78
L 1260.64, 264.79, 0.0000, 1252.49, 276.43, 0.0000, 72, 86, 78
L 1252.49, 276.43, 0.0000, 1242.43, 286.49, 0.0000, 72, 86, 78
L 1242.43, 286.49, 0.0000, 1230.79, 294.64, 0.0000, 72, 86, 78
L 1230.79, 294.64, 0.0000, 1217.90, 300.65, 0.0000, 72, 86, 78
L 1217.90, 300.65, 0.0000, 1204.16, 304.33, 0.0000, 72, 86, 78
L 1204.16, 304.33, 0.0000, 1190.00, 305.57, 0.0000, 72, 86, 78
L 1190.00, 305.57, 0.0000, 1175.84, 304.33, 0.0000, 72, 86, 78
L 1175.84, 304.33, 0.0000, 1162.10, 300.65, 0.0000, 72, 86, 78
L 1162.10, 300.65, 0.0000, 1149.21, 294.64, 0.0000, 72, 86, 78
L 1149.21, 294.64, 0.0000, 1137.57, 286.49, 0.0000, 72, 86, 78
L 1137.57, 286.49, 0.0000, 1127.51, 276.43, 0.0000, 72, 86, 78
L 1127.51, 276.43, 0.0000, 1119.36, 264.79, 0.0000, 72, 86, 78
L 1119.36, 264.79, 0.0000, 1113.35, 251.90, 0.0000, 72, 86, 78
L 1113.35, 251.90, 0.0000, 1109.67, 238.16, 0.0000, 72, 86, 78
L 1109.67, 238.16, 0.0000, 1108.43, 224.00, 0.0000, 72, 86, 78
L 1108.43, 224.00, 0.0000, 1109.67, 209.84, 0.0000, 72, 86, 78
L 1109.67, 209.84, 0.0000, 1113.35, 196.10, 0.0000, 72, 86, 78
L 1113.35, 196.10, 0.0000, 1119.36, 183.21, 0.0000, 72, 86, 78
L 1119.36, 183.21, 0.0000, 1127.51, 171.57, 0.0000, 72, 86, 78
L 1127.51, 171.57, 0.0000, 1137.57, 161.51, 0.0000, 72, 86, 78
L 1137.57, 161.51, 0.0000, 1149.21, 153.36, 0.0000, 72, 86, 78
L 1149.21, 153.36, 0.0000, 1162.10, 147.35, 0.0000, 72, 86, 78
L 1162.10, 147.35, 0.0000, 1175.84, 143.67, 0.0000, 72, 86, 78
L 1175.84, 143.67, 0.0000, 1190.00, 142.43, 0.0000, 72, 86, 78
L 1190.00, 142.43, 0.0000, 1204.16, 143.67, 0.0000, 72, 86, 78
L 1204.16, 143.67, 0.0000, 1217.90, 147.35, 0.0000, 72, 86, 78
L 1217.90, 147.35, 0.0000, 1230.79, 153.36, 0.0000, 72, 86, 78
L 1230.79, 153.36, 0.0000, 1242.43, 161.51, 0.0000, 72, 86, 78
L 1242.43, 161.51, 0.0000, 1252.49, 171.57, 0.0000, 72, 86, 78
L 1252.49, 171.57, 0.0000, 1260.64, 183.21, 0.0000, 72, 86, 78
L 1260.64, 183.21, 0.0000, 1266.65, 196.10, 0.0000, 72, 86, 78
L 1266.65, 196.10, 0.0000, 1270.33, 209.84, 0.0000, 72, 86, 78
L 1270.33, 209.84, 0.0000, 1271.57, 224.00, 0.0000, 72, 86, 78
L 1190.00, 224.00, 0.0000, 1190.00, 151.81, 0.0000, 46, 58, 52
L 1190.00, 224.00, 0.0000, 1220.63, 193.37, 0.0000, 46, 180, 96
L 1190.00, 224.00, 0.0000, 1262.19, 224.00, 0.0000, 46, 58, 52
L 1190.00, 224.00, 0.0000, 1220.63, 254.63, 0.0000, 46, 180, 96
L 1190.00, 224.00, 0.0000, 1190.00, 296.19, 0.0000, 46, 58, 52
L 1190.00, 224.00, 0.0000, 1159.37, 254.63, 0.0000, 46, 180, 96
L 1190.00, 224.00, 0.0000, 1117.81, 224.00, 0.0000, 46, 58, 52
L 1190.00, 224.00, 0.0000, 1159.37, 193.37, 0.0000, 46, 180, 96
L 1222.71, 224.00, 0.0000, 1215.84, 232.39, 0.0000, 72, 86, 78
L 1215.84, 232.39, 0.0000, 1216.46, 243.23, 0.0000, 72, 86, 78
L 1216.46, 243.23, 0.0000, 1205.97, 245.98, 0.0000, 72, 86, 78
L 1205.97, 245.98, 0.0000, 1200.11, 255.11, 0.0000, 72, 86, 78
L 1200.11, 255.11, 0.0000, 1190.00, 251.17, 0.0000, 72, 86, 78
L 1190.00, 251.17, 0.0000, 1179.89, 255.11, 0.0000, 72, 86, 78
L 1179.89, 255.11, 0.0000, 1174.03, 245.98, 0.0000, 72, 86, 78
L 1174.03, 245.98, 0.0000, 1163.54, 243.23, 0.0000, 72, 86, 78
L 1163.54, 243.23, 0.0000, 1164.16, 232.39, 0.0000, 72, 86, 78
L 1164.16, 232.39, 0.0000, 1157.29, 224.00, 0.0000, 72, 86, 78
L 1157.29, 224.00, 0.0000, 1164.16, 215.61, 0.0000, 72, 86, 78
L 1164.16, 215.61, 0.0000, 1163.54, 204.77, 0.0000, 72, 86, 78
L 1163.54, 204.77, 0.0000, 1174.03, 202.02, 0.0000, 72, 86, 78
L 1174.03, 202.02, 0.0000, 1179.89, 192.89, 0.0000, 72, 86, 78
L 1179.89, 192.89, 0.0000, 1190.00, 196.83, 0.0000, 72, 86, 78
L 1190.00, 196.83, 0.0000, 1200.11, 192.89, 0.0000, 72, 86, 78
L 1200.11, 192.89, 0.0000, 1205.97, 202.02, 0.0000, 72, 86, 78
L 1205.97, 202.02, 0.0000, 1216.46, 204.77, 0.0000, 72, 86, 78
L 1216.46, 204.77, 0.0000, 1215.84, 215.61, 0.0000, 72, 86, 78
L 1215.84, 215.61, 0.0000, 1222.71, 224.00, 0.0000, 72, 86, 78
L 1199.98, 224.00, 0.0000, 1197.06, 231.06, 0.0000, 72, 86, 78
L 1197.06, 231.06, 0.0000, 1190.00, 233.98, 0.0000, 72, 86, 78
L 1190.00, 233.98, 0.0000, 1182.94, 231.06, 0.0000, 72, 86, 78
L 1182.94, 231.06, 0.0000, 1180.02, 224.00, 0.0000, 72, 86, 78
L 1180.02, 224.00, 0.0000, 1182.94, 216.94, 0.0000, 72, 86, 78
L 1182.94, 216.94, 0.0000, 1190.00, 214.02, 0.0000, 72, 86, 78
L 1190.00, 214.02, 0.0000, 1197.06, 216.94, 0.0000, 72, 86, 78
L 1197.06, 216.94, 0.0000, 1199.98, 224.00, 0.0000, 72, 86, 78
L 1204.99, 224.00, 0.0000, 1201.50, 228.76, 0.0000, 46, 180, 96
L 1201.50, 228.76, 0.0000, 1200.60, 234.60, 0.0000, 46, 180, 96
L 1200.60, 234.60, 0.0000, 1194.76, 235.50, 0.0000, 46, 180, 96
L 1194.76, 235.50, 0.0000, 1190.00, 238.99, 0.0000, 46, 180, 96
L 1190.00, 238.99, 0.0000, 1185.24, 235.50, 0.0000, 46, 180, 96
L 1185.24, 235.50, 0.0000, 1179.40, 234.60, 0.0000, 46, 180, 96
L 1179.40, 234.60, 0.0000, 1178.50, 228.76, 0.0000, 46, 180, 96
L 1178.50, 228.76, 0.0000, 1175.01, 224.00, 0.0000, 46, 180, 96
L 1175.01, 224.00, 0.0000, 1178.50, 219.24, 0.0000, 46, 180, 96
L 1178.50, 219.24, 0.0000, 1179.40, 213.40, 0.0000, 46, 180, 96
L 1179.40, 213.40, 0.0000, 1185.24, 212.50, 0.0000, 46, 180, 96
L 1185.24, 212.50, 0.0000, 1190.00, 209.01, 0.0000, 46, 180, 96
L 1190.00, 209.01, 0.0000, 1194.76, 212.50, 0.0000, 46, 180, 96
L 1194.76, 212.50, 0.0000, 1200.60, 213.40, 0.0000, 46, 180, 96
L 1200.60, 213.40, 0.0000, 1201.50, 219.24, 0.0000, 46, 180, 96
L 1201.50, 219.24, 0.0000, 1204.99, 224.00, 0.0000, 46, 180, 96
L 1194.57, 224.00, 0.0000, 1193.23, 227.23, 0.0000, 46, 180, 96
L 1193.23, 227.23, 0.0000, 1190.00, 228.57, 0.0000, 46, 180, 96
L 1190.00, 228.57, 0.0000, 1186.77, 227.23, 0.0000, 46, 180, 96
L 1186.77, 227.23, 0.0000, 1185.43, 224.00, 0.0000, 46, 180, 96
L 1185.43, 224.00, 0.0000, 1186.77, 220.77, 0.0000, 46, 180, 96
L 1186.77, 220.77, 0.0000, 1190.00, 219.43, 0.0000, 46, 180, 96
L 1190.00, 219.43, 0.0000, 1193.23, 220.77, 0.0000, 46, 180, 96
L 1193.23, 220.77, 0.0000, 1194.57, 224.00, 0.0000, 46, 180, 96
L 1190.00, 187.91, 0.0000, 1190.00, 159.03, 0.0000, 46, 58, 52
L 1182.00, 166.25, 0.0000, 1190.00, 156.14, 0.0000, 46, 58, 52
L 1198.00, 166.25, 0.0000, 1190.00, 156.14, 0.0000, 46, 58, 52
P 1190.00, 131.60, 0.0000, 46, 58, 52, 3, N
P 1190.00, 316.40, 0.0000, 46, 58, 52, 1, S
P 1282.40, 224.00, 0.0000, 46, 58, 52, 1, E
P 1097.60, 224.00, 0.0000, 46, 58, 52, 1, W
