L -380.00, -1327.63, 0.0000, -380.00, 1677.22, 0.0000, 160, 150, 130
L 0.00, -1327.63, 0.0000, 0.00, 1677.22, 0.0000, 160, 150, 130
L 380.00, -1327.63, 0.0000, 380.00, 1677.22, 0.0000, 160, 150, 130
L 760.00, -1327.63, 0.0000, 760.00, 1677.22, 0.0000, 160, 150, 130
L 1140.00, -1327.63, 0.0000, 1140.00, 1677.22, 0.0000, 160, 150, 130
L 1520.00, -1327.63, 0.0000, 1520.00, 1677.22, 0.0000, 160, 150, 130
L 1900.00, -1327.63, 0.0000, 1900.00, 1677.22, 0.0000, 160, 150, 130
L -672.44, -1140.00, 0.0000, 1940.84, -1140.00, 0.0000, 160, 150, 130
L -672.44, -760.00, 0.0000, 1940.84, -760.00, 0.0000, 160, 150, 130
L -672.44, -380.00, 0.0000, 1940.84, -380.00, 0.0000, 160, 150, 130
L -672.44, 0.00, 0.0000, 1940.84, 0.00, 0.0000, 160, 150, 130
L -672.44, 380.00, 0.0000, 1940.84, 380.00, 0.0000, 160, 150, 130
L -672.44, 760.00, 0.0000, 1940.84, 760.00, 0.0000, 160, 150, 130
L -672.44, 1140.00, 0.0000, 1940.84, 1140.00, 0.0000, 160, 150, 130
L -672.44, 1520.00, 0.0000, 1940.84, 1520.00, 0.0000, 160, 150, 130
L -672.44, -1327.63, 0.0000, 1940.84, -1327.63, 0.0000, 160, 150, 130
L -672.44, 1677.22, 0.0000, 1940.84, 1677.22, 0.0000, 160, 150, 130
L -672.44, -1327.63, 0.0000, -672.44, 1677.22, 0.0000, 160, 150, 130
L 1940.84, -1327.63, 0.0000, 1940.84, 1677.22, 0.0000, 160, 150, 130
L -1152.44, -1807.63, 0.0000, -964.37, -1750.78, 0.0000, 96, 78, 54
L -964.37, -1750.78, 0.0000, -776.30, -1807.63, 0.0000, 96, 78, 54
L -776.30, -1807.63, 0.0000, -588.24, -1777.88, 0.0000, 96, 78, 54
L -588.24, -1777.88, 0.0000, -400.17, -1807.63, 0.0000, 96, 78, 54
L -400.17, -1807.63, 0.0000, -212.10, -1776.09, 0.0000, 96, 78, 54
L -212.10, -1776.09, 0.0000, -24.04, -1807.63, 0.0000, 96, 78, 54
L -24.04, -1807.63, 0.0000, 164.03, -1781.86, 0.0000, 96, 78, 54
L 164.03, -1781.86, 0.0000, 352.10, -1807.63, 0.0000, 96, 78, 54
L 352.10, -1807.63, 0.0000, 540.17, -1749.04, 0.0000, 96, 78, 54
L 540.17, -1749.04, 0.0000, 728.23, -1807.63, 0.0000, 96, 78, 54
L 728.23, -1807.63, 0.0000, 916.30, -1781.98, 0.0000, 96, 78, 54
L 916.30, -1781.98, 0.0000, 1104.37, -1807.63, 0.0000, 96, 78, 54
L 1104.37, -1807.63, 0.0000, 1292.44, -1770.99, 0.0000, 96, 78, 54
L 1292.44, -1770.99, 0.0000, 1480.50, -1807.63, 0.0000, 96, 78, 54
L 1480.50, -1807.63, 0.0000, 1668.57, -1781.09, 0.0000, 96, 78, 54
L 1668.57, -1781.09, 0.0000, 1856.64, -1807.63, 0.0000, 96, 78, 54
L 1856.64, -1807.63, 0.0000, 2044.71, -1750.42, 0.0000, 96, 78, 54
L 2044.71, -1750.42, 0.0000, 2232.77, -1807.63, 0.0000, 96, 78, 54
L 2232.77, -1807.63, 0.0000, 2420.84, -1764.43, 0.0000, 96, 78, 54
L 2420.84, -1807.63, 0.0000, 2361.78, -1627.41, 0.0000, 96, 78, 54
L 2361.78, -1627.41, 0.0000, 2420.84, -1447.19, 0.0000, 96, 78, 54
L 2420.84, -1447.19, 0.0000, 2399.15, -1266.97, 0.0000, 96, 78, 54
L 2399.15, -1266.97, 0.0000, 2420.84, -1086.75, 0.0000, 96, 78, 54
L 2420.84, -1086.75, 0.0000, 2365.79, -906.53, 0.0000, 96, 78, 54
L 2365.79, -906.53, 0.0000, 2420.84, -726.31, 0.0000, 96, 78, 54
L 2420.84, -726.31, 0.0000, 2393.31, -546.09, 0.0000, 96, 78, 54
L 2393.31, -546.09, 0.0000, 2420.84, -365.87, 0.0000, 96, 78, 54
L 2420.84, -365.87, 0.0000, 2377.25, -185.65, 0.0000, 96, 78, 54
L 2377.25, -185.65, 0.0000, 2420.84, -5.43, 0.0000, 96, 78, 54
L 2420.84, -5.43, 0.0000, 2386.01, 174.79, 0.0000, 96, 78, 54
L 2386.01, 174.79, 0.0000, 2420.84, 355.01, 0.0000, 96, 78, 54
L 2420.84, 355.01, 0.0000, 2374.63, 535.23, 0.0000, 96, 78, 54
L 2374.63, 535.23, 0.0000, 2420.84, 715.45, 0.0000, 96, 78, 54
L 2420.84, 715.45, 0.0000, 2383.56, 895.68, 0.0000, 96, 78, 54
L 2383.56, 895.68, 0.0000, 2420.84, 1075.90, 0.0000, 96, 78, 54
L 2420.84, 1075.90, 0.0000, 2370.15, 1256.12, 0.0000, 96, 78, 54
L 2370.15, 1256.12, 0.0000, 2420.84, 1436.34, 0.0000, 96, 78, 54
L 2420.84, 1436.34, 0.0000, 2374.85, 1616.56, 0.0000, 96, 78, 54
L 2374.85, 1616.56, 0.0000, 2420.84, 1796.78, 0.0000, 96, 78, 54
L 2420.84, 1796.78, 0.0000, 2392.04, 1977.00, 0.0000, 96, 78, 54
L 2392.04, 1977.00, 0.0000, 2420.84, 2157.22, 0.0000, 96, 78, 54
L 2420.84, 2157.22, 0.0000, 2232.77, 2111.26, 0.0000, 96, 78, 54
L 2232.77, 2111.26, 0.0000, 2044.71, 2157.22, 0.0000, 96, 78, 54
L 2044.71, 2157.22, 0.0000, 1856.64, 2134.20, 0.0000, 96, 78, 54
L 1856.64, 2134.20, 0.0000, 1668.57, 2157.22, 0.0000, 96, 78, 54
L 1668.57, 2157.22, 0.0000, 1480.50, 2134.56, 0.0000, 96, 78, 54
L 1480.50, 2134.56, 0.0000, 1292.44, 2157.22, 0.0000, 96, 78, 54
L 1292.44, 2157.22, 0.0000, 1104.37, 2125.64, 0.0000, 96, 78, 54
L 1104.37, 2125.64, 0.0000, 916.30, 2157.22, 0.0000, 96, 78, 54
L 916.30, 2157.22, 0.0000, 728.23, 2125.01, 0.0000, 96, 78, 54
L 728.23, 2125.01, 0.0000, 540.17, 2157.22, 0.0000, 96, 78, 54
L 540.17, 2157.22, 0.0000, 352.10, 2116.77, 0.0000, 96, 78, 54
L 352.10, 2116.77, 0.0000, 164.03, 2157.22, 0.0000, 96, 78, 54
L 164.03, 2157.22, 0.0000, -24.04, 2120.33, 0.0000, 96, 78, 54
L -24.04, 2120.33, 0.0000, -212.10, 2157.22, 0.0000, 96, 78, 54
L -212.10, 2157.22, 0.0000, -400.17, 2121.46, 0.0000, 96, 78, 54
L -400.17, 2121.46, 0.0000, -588.24, 2157.22, 0.0000, 96, 78, 54
L -588.24, 2157.22, 0.0000, -776.30, 2124.94, 0.0000, 96, 78, 54
L -776.30, 2124.94, 0.0000, -964.37, 2157.22, 0.0000, 96, 78, 54
L -964.37, 2157.22, 0.0000, -1152.44, 2097.34, 0.0000, 96, 78, 54
L -1152.44, 2157.22, 0.0000, -1104.30, 1977.00, 0.0000, 96, 78, 54
L -1104.30, 1977.00, 0.0000, -1152.44, 1796.78, 0.0000, 96, 78, 54
L -1152.44, 1796.78, 0.0000, -1096.44, 1616.56, 0.0000, 96, 78, 54
L -1096.44, 1616.56, 0.0000, -1152.44, 1436.34, 0.0000, 96, 78, 54
L -1152.44, 1436.34, 0.0000, -1119.97, 1256.12, 0.0000, 96, 78, 54
L -1119.97, 1256.12, 0.0000, -1152.44, 1075.90, 0.0000, 96, 78, 54
L -1152.44, 1075.90, 0.0000, -1106.74, 895.68, 0.0000, 96, 78, 54
L -1106.74, 895.68, 0.0000, -1152.44, 715.45, 0.0000, 96, 78, 54
L -1152.44, 715.45, 0.0000, -1122.61, 535.23, 0.0000, 96, 78, 54
L -1122.61, 535.23, 0.0000, -1152.44, 355.01, 0.0000, 96, 78, 54
L -1152.44, 355.01, 0.0000, -1097.04, 174.79, 0.0000, 96, 78, 54
L -1097.04, 174.79, 0.0000, -1152.44, -5.43, 0.0000, 96, 78, 54
L -1152.44, -5.43, 0.0000, -1106.68, -185.65, 0.0000, 96, 78, 54
L -1106.68, -185.65, 0.0000, -1152.44, -365.87, 0.0000, 96, 78, 54
L -1152.44, -365.87, 0.0000, -1130.82, -546.09, 0.0000, 96, 78, 54
L -1130.82, -546.09, 0.0000, -1152.44, -726.31, 0.0000, 96, 78, 54
L -1152.44, -726.31, 0.0000, -1108.27, -906.53, 0.0000, 96, 78, 54
L -1108.27, -906.53, 0.0000, -1152.44, -1086.75, 0.0000, 96, 78, 54
L -1152.44, -1086.75, 0.0000, -1124.86, -1266.97, 0.0000, 96, 78, 54
L -1124.86, -1266.97, 0.0000, -1152.44, -1447.19, 0.0000, 96, 78, 54
L -1152.44, -1447.19, 0.0000, -1130.38, -1627.41, 0.0000, 96, 78, 54
L -1130.38, -1627.41, 0.0000, -1152.44, -1807.63, 0.0000, 96, 78, 54
L -1002.44, -1657.63, 0.0000, -750.65, -1636.52, 0.0000, 160, 132, 90
L -750.65, -1636.52, 0.0000, -498.86, -1657.63, 0.0000, 160, 132, 90
L -498.86, -1657.63, 0.0000, -247.07, -1630.78, 0.0000, 160, 132, 90
L -247.07, -1630.78, 0.0000, 4.72, -1657.63, 0.0000, 160, 132, 90
L 4.72, -1657.63, 0.0000, 256.51, -1640.05, 0.0000, 160, 132, 90
L 256.51, -1640.05, 0.0000, 508.31, -1657.63, 0.0000, 160, 132, 90
L 508.31, -1657.63, 0.0000, 760.10, -1633.00, 0.0000, 160, 132, 90
L 760.10, -1633.00, 0.0000, 1011.89, -1657.63, 0.0000, 160, 132, 90
L 1011.89, -1657.63, 0.0000, 1263.68, -1628.01, 0.0000, 160, 132, 90
L 1263.68, -1628.01, 0.0000, 1515.47, -1657.63, 0.0000, 160, 132, 90
L 1515.47, -1657.63, 0.0000, 1767.26, -1636.55, 0.0000, 160, 132, 90
L 1767.26, -1636.55, 0.0000, 2019.05, -1657.63, 0.0000, 160, 132, 90
L 2019.05, -1657.63, 0.0000, 2270.84, -1643.48, 0.0000, 160, 132, 90
L 2270.84, -1657.63, 0.0000, 2248.77, -1413.31, 0.0000, 160, 132, 90
L 2248.77, -1413.31, 0.0000, 2270.84, -1168.99, 0.0000, 160, 132, 90
L 2270.84, -1168.99, 0.0000, 2241.09, -924.66, 0.0000, 160, 132, 90
L 2241.09, -924.66, 0.0000, 2270.84, -680.34, 0.0000, 160, 132, 90
L 2270.84, -680.34, 0.0000, 2250.80, -436.02, 0.0000, 160, 132, 90
L 2250.80, -436.02, 0.0000, 2270.84, -191.69, 0.0000, 160, 132, 90
L 2270.84, -191.69, 0.0000, 2251.51, 52.63, 0.0000, 160, 132, 90
L 2251.51, 52.63, 0.0000, 2270.84, 296.95, 0.0000, 160, 132, 90
L 2270.84, 296.95, 0.0000, 2251.31, 541.28, 0.0000, 160, 132, 90
L 2251.31, 541.28, 0.0000, 2270.84, 785.60, 0.0000, 160, 132, 90
L 2270.84, 785.60, 0.0000, 2241.33, 1029.93, 0.0000, 160, 132, 90
L 2241.33, 1029.93, 0.0000, 2270.84, 1274.25, 0.0000, 160, 132, 90
L 2270.84, 1274.25, 0.0000, 2240.61, 1518.57, 0.0000, 160, 132, 90
L 2240.61, 1518.57, 0.0000, 2270.84, 1762.90, 0.0000, 160, 132, 90
L 2270.84, 1762.90, 0.0000, 2246.19, 2007.22, 0.0000, 160, 132, 90
L 2270.84, 2007.22, 0.0000, 2019.05, 1978.20, 0.0000, 160, 132, 90
L 2019.05, 1978.20, 0.0000, 1767.26, 2007.22, 0.0000, 160, 132, 90
L 1767.26, 2007.22, 0.0000, 1515.47, 1974.97, 0.0000, 160, 132, 90
L 1515.47, 1974.97, 0.0000, 1263.68, 2007.22, 0.0000, 160, 132, 90
L 1263.68, 2007.22, 0.0000, 1011.89, 1979.88, 0.0000, 160, 132, 90
L 1011.89, 1979.88, 0.0000, 760.10, 2007.22, 0.0000, 160, 132, 90
L 760.10, 2007.22, 0.0000, 508.31, 1975.68, 0.0000, 160, 132, 90
L 508.31, 1975.68, 0.0000, 256.51, 2007.22, 0.0000, 160, 132, 90
L 256.51, 2007.22, 0.0000, 4.72, 1993.19, 0.0000, 160, 132, 90
L 4.72, 1993.19, 0.0000, -247.07, 2007.22, 0.0000, 160, 132, 90
L -247.07, 2007.22, 0.0000, -498.86, 1979.02, 0.0000, 160, 132, 90
L -498.86, 1979.02, 0.0000, -750.65, 2007.22, 0.0000, 160, 132, 90
L -750.65, 2007.22, 0.0000, -1002.44, 1981.35, 0.0000, 160, 132, 90
L -1002.44, 2007.22, 0.0000, -983.76, 1762.90, 0.0000, 160, 132, 90
L -983.76, 1762.90, 0.0000, -1002.44, 1518.57, 0.0000, 160, 132, 90
L -1002.44, 1518.57, 0.0000, -976.85, 1274.25, 0.0000, 160, 132, 90
L -976.85, 1274.25, 0.0000, -1002.44, 1029.93, 0.0000, 160, 132, 90
L -1002.44, 1029.93, 0.0000, -970.56, 785.60, 0.0000, 160, 132, 90
L -970.56, 785.60, 0.0000, -1002.44, 541.28, 0.0000, 160, 132, 90
L -1002.44, 541.28, 0.0000, -987.75, 296.95, 0.0000, 160, 132, 90
L -987.75, 296.95, 0.0000, -1002.44, 52.63, 0.0000, 160, 132, 90
L -1002.44, 52.63, 0.0000, -973.67, -191.69, 0.0000, 160, 132, 90
L -973.67, -191.69, 0.0000, -1002.44, -436.02, 0.0000, 160, 132, 90
L -1002.44, -436.02, 0.0000, -975.60, -680.34, 0.0000, 160, 132, 90
L -975.60, -680.34, 0.0000, -1002.44, -924.66, 0.0000, 160, 132, 90
L -1002.44, -924.66, 0.0000, -982.18, -1168.99, 0.0000, 160, 132, 90
L -982.18, -1168.99, 0.0000, -1002.44, -1413.31, 0.0000, 160, 132, 90
L -1002.44, -1413.31, 0.0000, -988.32, -1657.63, 0.0000, 160, 132, 90
L -608.25, -1657.63, 0.0000, -633.00, -1687.63, 0.0000, 110, 86, 56
L -600.25, -1647.63, 0.0000, -625.00, -1677.63, 0.0000, 160, 132, 90
L -633.00, -1687.63, 0.0000, -677.55, -1687.63, 0.0000, 110, 86, 56
L -625.00, -1677.63, 0.0000, -669.55, -1677.63, 0.0000, 160, 132, 90
L -677.55, -1687.63, 0.0000, -702.30, -1642.63, 0.0000, 110, 86, 56
L -669.55, -1677.63, 0.0000, -694.30, -1632.63, 0.0000, 160, 132, 90
L -702.30, -1642.63, 0.0000, -702.30, -1582.63, 0.0000, 110, 86, 56
L -694.30, -1632.63, 0.0000, -694.30, -1572.63, 0.0000, 160, 132, 90
L -702.30, -1582.63, 0.0000, -677.55, -1537.63, 0.0000, 110, 86, 56
L -694.30, -1572.63, 0.0000, -669.55, -1527.63, 0.0000, 160, 132, 90
L -677.55, -1537.63, 0.0000, -633.00, -1537.63, 0.0000, 110, 86, 56
L -669.55, -1527.63, 0.0000, -625.00, -1527.63, 0.0000, 160, 132, 90
L -633.00, -1537.63, 0.0000, -608.25, -1575.13, 0.0000, 110, 86, 56
L -625.00, -1527.63, 0.0000, -600.25, -1565.13, 0.0000, 160, 132, 90
L -608.25, -1575.13, 0.0000, -608.25, -1605.13, 0.0000, 110, 86, 56
L -600.25, -1565.13, 0.0000, -600.25, -1595.13, 0.0000, 160, 132, 90
L -608.25, -1605.13, 0.0000, -642.90, -1605.13, 0.0000, 110, 86, 56
L -600.25, -1595.13, 0.0000, -634.90, -1595.13, 0.0000, 160, 132, 90
L -534.55, -1537.63, 0.0000, -485.05, -1537.63, 0.0000, 110, 86, 56
L -526.55, -1527.63, 0.0000, -477.05, -1527.63, 0.0000, 160, 132, 90
L -485.05, -1537.63, 0.0000, -460.30, -1582.63, 0.0000, 110, 86, 56
L -477.05, -1527.63, 0.0000, -452.30, -1572.63, 0.0000, 160, 132, 90
L -460.30, -1582.63, 0.0000, -460.30, -1642.63, 0.0000, 110, 86, 56
L -452.30, -1572.63, 0.0000, -452.30, -1632.63, 0.0000, 160, 132, 90
L -460.30, -1642.63, 0.0000, -485.05, -1687.63, 0.0000, 110, 86, 56
L -452.30, -1632.63, 0.0000, -477.05, -1677.63, 0.0000, 160, 132, 90
L -485.05, -1687.63, 0.0000, -534.55, -1687.63, 0.0000, 110, 86, 56
L -477.05, -1677.63, 0.0000, -526.55, -1677.63, 0.0000, 160, 132, 90
L -534.55, -1687.63, 0.0000, -559.30, -1642.63, 0.0000, 110, 86, 56
L -526.55, -1677.63, 0.0000, -551.30, -1632.63, 0.0000, 160, 132, 90
L -559.30, -1642.63, 0.0000, -559.30, -1582.63, 0.0000, 110, 86, 56
L -551.30, -1632.63, 0.0000, -551.30, -1572.63, 0.0000, 160, 132, 90
L -559.30, -1582.63, 0.0000, -534.55, -1537.63, 0.0000, 110, 86, 56
L -551.30, -1572.63, 0.0000, -526.55, -1527.63, 0.0000, 160, 132, 90
L -416.30, -1537.63, 0.0000, -416.30, -1687.63, 0.0000, 110, 86, 56
L -408.30, -1527.63, 0.0000, -408.30, -1677.63, 0.0000, 160, 132, 90
L -416.30, -1687.63, 0.0000, -347.00, -1687.63, 0.0000, 110, 86, 56
L -408.30, -1677.63, 0.0000, -339.00, -1677.63, 0.0000, 160, 132, 90
L -347.00, -1687.63, 0.0000, -322.25, -1657.63, 0.0000, 110, 86, 56
L -339.00, -1677.63, 0.0000, -314.25, -1647.63, 0.0000, 160, 132, 90
L -322.25, -1657.63, 0.0000, -347.00, -1620.13, 0.0000, 110, 86, 56
L -314.25, -1647.63, 0.0000, -339.00, -1610.13, 0.0000, 160, 132, 90
L -347.00, -1620.13, 0.0000, -416.30, -1620.13, 0.0000, 110, 86, 56
L -339.00, -1610.13, 0.0000, -408.30, -1610.13, 0.0000, 160, 132, 90
L -381.65, -1620.13, 0.0000, -317.30, -1537.63, 0.0000, 110, 86, 56
L -373.65, -1610.13, 0.0000, -309.30, -1527.63, 0.0000, 160, 132, 90
L -179.25, -1657.63, 0.0000, -204.00, -1687.63, 0.0000, 110, 86, 56
L -171.25, -1647.63, 0.0000, -196.00, -1677.63, 0.0000, 160, 132, 90
L -204.00, -1687.63, 0.0000, -248.55, -1687.63, 0.0000, 110, 86, 56
L -196.00, -1677.63, 0.0000, -240.55, -1677.63, 0.0000, 160, 132, 90
L -248.55, -1687.63, 0.0000, -273.30, -1642.63, 0.0000, 110, 86, 56
L -240.55, -1677.63, 0.0000, -265.30, -1632.63, 0.0000, 160, 132, 90
L -273.30, -1642.63, 0.0000, -273.30, -1582.63, 0.0000, 110, 86, 56
L -265.30, -1632.63, 0.0000, -265.30, -1572.63, 0.0000, 160, 132, 90
L -273.30, -1582.63, 0.0000, -248.55, -1537.63, 0.0000, 110, 86, 56
L -265.30, -1572.63, 0.0000, -240.55, -1527.63, 0.0000, 160, 132, 90
L -248.55, -1537.63, 0.0000, -204.00, -1537.63, 0.0000, 110, 86, 56
L -240.55, -1527.63, 0.0000, -196.00, -1527.63, 0.0000, 160, 132, 90
L -204.00, -1537.63, 0.0000, -179.25, -1575.13, 0.0000, 110, 86, 56
L -196.00, -1527.63, 0.0000, -171.25, -1565.13, 0.0000, 160, 132, 90
L -179.25, -1575.13, 0.0000, -179.25, -1605.13, 0.0000, 110, 86, 56
L -171.25, -1565.13, 0.0000, -171.25, -1595.13, 0.0000, 160, 132, 90
L -179.25, -1605.13, 0.0000, -213.90, -1605.13, 0.0000, 110, 86, 56
L -171.25, -1595.13, 0.0000, -205.90, -1595.13, 0.0000, 160, 132, 90
L -31.30, -1687.63, 0.0000, -130.30, -1687.63, 0.0000, 110, 86, 56
L -23.30, -1677.63, 0.0000, -122.30, -1677.63, 0.0000, 160, 132, 90
L -130.30, -1687.63, 0.0000, -130.30, -1537.63, 0.0000, 110, 86, 56
L -122.30, -1677.63, 0.0000, -122.30, -1527.63, 0.0000, 160, 132, 90
L -130.30, -1537.63, 0.0000, -31.30, -1537.63, 0.0000, 110, 86, 56
L -122.30, -1527.63, 0.0000, -23.30, -1527.63, 0.0000, 160, 132, 90
L -130.30, -1612.63, 0.0000, -61.00, -1612.63, 0.0000, 110, 86, 56
L -122.30, -1602.63, 0.0000, -53.00, -1602.63, 0.0000, 160, 132, 90
L 180.45, -1537.63, 0.0000, 229.95, -1537.63, 0.0000, 110, 86, 56
L 188.45, -1527.63, 0.0000, 237.95, -1527.63, 0.0000, 160, 132, 90
L 229.95, -1537.63, 0.0000, 254.70, -1582.63, 0.0000, 110, 86, 56
L 237.95, -1527.63, 0.0000, 262.70, -1572.63, 0.0000, 160, 132, 90
L 254.70, -1582.63, 0.0000, 254.70, -1642.63, 0.0000, 110, 86, 56
L 262.70, -1572.63, 0.0000, 262.70, -1632.63, 0.0000, 160, 132, 90
L 254.70, -1642.63, 0.0000, 229.95, -1687.63, 0.0000, 110, 86, 56
L 262.70, -1632.63, 0.0000, 237.95, -1677.63, 0.0000, 160, 132, 90
L 229.95, -1687.63, 0.0000, 180.45, -1687.63, 0.0000, 110, 86, 56
L 237.95, -1677.63, 0.0000, 188.45, -1677.63, 0.0000, 160, 132, 90
L 180.45, -1687.63, 0.0000, 155.70, -1642.63, 0.0000, 110, 86, 56
L 188.45, -1677.63, 0.0000, 163.70, -1632.63, 0.0000, 160, 132, 90
L 155.70, -1642.63, 0.0000, 155.70, -1582.63, 0.0000, 110, 86, 56
L 163.70, -1632.63, 0.0000, 163.70, -1572.63, 0.0000, 160, 132, 90
L 155.70, -1582.63, 0.0000, 180.45, -1537.63, 0.0000, 110, 86, 56
L 163.70, -1572.63, 0.0000, 188.45, -1527.63, 0.0000, 160, 132, 90
L 298.70, -1537.63, 0.0000, 298.70, -1687.63, 0.0000, 110, 86, 56
L 306.70, -1527.63, 0.0000, 306.70, -1677.63, 0.0000, 160, 132, 90
L 298.70, -1687.63, 0.0000, 397.70, -1687.63, 0.0000, 110, 86, 56
L 306.70, -1677.63, 0.0000, 405.70, -1677.63, 0.0000, 160, 132, 90
L 298.70, -1620.13, 0.0000, 368.00, -1620.13, 0.0000, 110, 86, 56
L 306.70, -1610.13, 0.0000, 376.00, -1610.13, 0.0000, 160, 132, 90
L 584.70, -1537.63, 0.0000, 584.70, -1687.63, 0.0000, 110, 86, 56
L 592.70, -1527.63, 0.0000, 592.70, -1677.63, 0.0000, 160, 132, 90
L 584.70, -1605.13, 0.0000, 668.85, -1687.63, 0.0000, 110, 86, 56
L 592.70, -1595.13, 0.0000, 676.85, -1677.63, 0.0000, 160, 132, 90
L 609.45, -1620.13, 0.0000, 673.80, -1537.63, 0.0000, 110, 86, 56
L 617.45, -1610.13, 0.0000, 681.80, -1527.63, 0.0000, 160, 132, 90
L 777.20, -1537.63, 0.0000, 777.20, -1687.63, 0.0000, 110, 86, 56
L 785.20, -1527.63, 0.0000, 785.20, -1677.63, 0.0000, 160, 132, 90
L 747.50, -1687.63, 0.0000, 806.90, -1687.63, 0.0000, 110, 86, 56
L 755.50, -1677.63, 0.0000, 814.90, -1677.63, 0.0000, 160, 132, 90
L 747.50, -1537.63, 0.0000, 806.90, -1537.63, 0.0000, 110, 86, 56
L 755.50, -1527.63, 0.0000, 814.90, -1527.63, 0.0000, 160, 132, 90
L 870.70, -1537.63, 0.0000, 870.70, -1687.63, 0.0000, 110, 86, 56
L 878.70, -1527.63, 0.0000, 878.70, -1677.63, 0.0000, 160, 132, 90
L 870.70, -1687.63, 0.0000, 969.70, -1537.63, 0.0000, 110, 86, 56
L 878.70, -1677.63, 0.0000, 977.70, -1527.63, 0.0000, 160, 132, 90
L 969.70, -1537.63, 0.0000, 969.70, -1687.63, 0.0000, 110, 86, 56
L 977.70, -1527.63, 0.0000, 977.70, -1677.63, 0.0000, 160, 132, 90
L 1107.75, -1657.63, 0.0000, 1083.00, -1687.63, 0.0000, 110, 86, 56
L 1115.75, -1647.63, 0.0000, 1091.00, -1677.63, 0.0000, 160, 132, 90
L 1083.00, -1687.63, 0.0000, 1038.45, -1687.63, 0.0000, 110, 86, 56
L 1091.00, -1677.63, 0.0000, 1046.45, -1677.63, 0.0000, 160, 132, 90
L 1038.45, -1687.63, 0.0000, 1013.70, -1642.63, 0.0000, 110, 86, 56
L 1046.45, -1677.63, 0.0000, 1021.70, -1632.63, 0.0000, 160, 132, 90
L 1013.70, -1642.63, 0.0000, 1013.70, -1582.63, 0.0000, 110, 86, 56
L 1021.70, -1632.63, 0.0000, 1021.70, -1572.63, 0.0000, 160, 132, 90
L 1013.70, -1582.63, 0.0000, 1038.45, -1537.63, 0.0000, 110, 86, 56
L 1021.70, -1572.63, 0.0000, 1046.45, -1527.63, 0.0000, 160, 132, 90
L 1038.45, -1537.63, 0.0000, 1083.00, -1537.63, 0.0000, 110, 86, 56
L 1046.45, -1527.63, 0.0000, 1091.00, -1527.63, 0.0000, 160, 132, 90
L 1083.00, -1537.63, 0.0000, 1107.75, -1575.13, 0.0000, 110, 86, 56
L 1091.00, -1527.63, 0.0000, 1115.75, -1565.13, 0.0000, 160, 132, 90
L 1107.75, -1575.13, 0.0000, 1107.75, -1605.13, 0.0000, 110, 86, 56
L 1115.75, -1565.13, 0.0000, 1115.75, -1595.13, 0.0000, 160, 132, 90
L 1107.75, -1605.13, 0.0000, 1073.10, -1605.13, 0.0000, 110, 86, 56
L 1115.75, -1595.13, 0.0000, 1081.10, -1595.13, 0.0000, 160, 132, 90
L 1299.70, -1537.63, 0.0000, 1398.70, -1687.63, 0.0000, 110, 86, 56
L 1307.70, -1527.63, 0.0000, 1406.70, -1677.63, 0.0000, 160, 132, 90
L 1299.70, -1687.63, 0.0000, 1398.70, -1537.63, 0.0000, 110, 86, 56
L 1307.70, -1677.63, 0.0000, 1406.70, -1527.63, 0.0000, 160, 132, 90
L 1467.45, -1537.63, 0.0000, 1516.95, -1537.63, 0.0000, 110, 86, 56
L 1475.45, -1527.63, 0.0000, 1524.95, -1527.63, 0.0000, 160, 132, 90
L 1516.95, -1537.63, 0.0000, 1541.70, -1582.63, 0.0000, 110, 86, 56
L 1524.95, -1527.63, 0.0000, 1549.70, -1572.63, 0.0000, 160, 132, 90
L 1541.70, -1582.63, 0.0000, 1541.70, -1642.63, 0.0000, 110, 86, 56
L 1549.70, -1572.63, 0.0000, 1549.70, -1632.63, 0.0000, 160, 132, 90
L 1541.70, -1642.63, 0.0000, 1516.95, -1687.63, 0.0000, 110, 86, 56
L 1549.70, -1632.63, 0.0000, 1524.95, -1677.63, 0.0000, 160, 132, 90
L 1516.95, -1687.63, 0.0000, 1467.45, -1687.63, 0.0000, 110, 86, 56
L 1524.95, -1677.63, 0.0000, 1475.45, -1677.63, 0.0000, 160, 132, 90
L 1467.45, -1687.63, 0.0000, 1442.70, -1642.63, 0.0000, 110, 86, 56
L 1475.45, -1677.63, 0.0000, 1450.70, -1632.63, 0.0000, 160, 132, 90
L 1442.70, -1642.63, 0.0000, 1442.70, -1582.63, 0.0000, 110, 86, 56
L 1450.70, -1632.63, 0.0000, 1450.70, -1572.63, 0.0000, 160, 132, 90
L 1442.70, -1582.63, 0.0000, 1467.45, -1537.63, 0.0000, 110, 86, 56
L 1450.70, -1572.63, 0.0000, 1475.45, -1527.63, 0.0000, 160, 132, 90
L 1585.70, -1537.63, 0.0000, 1585.70, -1687.63, 0.0000, 110, 86, 56
L 1593.70, -1527.63, 0.0000, 1593.70, -1677.63, 0.0000, 160, 132, 90
L 1585.70, -1687.63, 0.0000, 1655.00, -1687.63, 0.0000, 110, 86, 56
L 1593.70, -1677.63, 0.0000, 1663.00, -1677.63, 0.0000, 160, 132, 90
L 1655.00, -1687.63, 0.0000, 1679.75, -1657.63, 0.0000, 110, 86, 56
L 1663.00, -1677.63, 0.0000, 1687.75, -1647.63, 0.0000, 160, 132, 90
L 1679.75, -1657.63, 0.0000, 1655.00, -1620.13, 0.0000, 110, 86, 56
L 1687.75, -1647.63, 0.0000, 1663.00, -1610.13, 0.0000, 160, 132, 90
L 1655.00, -1620.13, 0.0000, 1585.70, -1620.13, 0.0000, 110, 86, 56
L 1663.00, -1610.13, 0.0000, 1593.70, -1610.13, 0.0000, 160, 132, 90
L 1620.35, -1620.13, 0.0000, 1684.70, -1537.63, 0.0000, 110, 86, 56
L 1628.35, -1610.13, 0.0000, 1692.70, -1527.63, 0.0000, 160, 132, 90
L 1728.70, -1537.63, 0.0000, 1728.70, -1687.63, 0.0000, 110, 86, 56
L 1736.70, -1527.63, 0.0000, 1736.70, -1677.63, 0.0000, 160, 132, 90
L 1728.70, -1687.63, 0.0000, 1798.00, -1687.63, 0.0000, 110, 86, 56
L 1736.70, -1677.63, 0.0000, 1806.00, -1677.63, 0.0000, 160, 132, 90
L 1798.00, -1687.63, 0.0000, 1817.80, -1657.63, 0.0000, 110, 86, 56
L 1806.00, -1677.63, 0.0000, 1825.80, -1647.63, 0.0000, 160, 132, 90
L 1817.80, -1657.63, 0.0000, 1798.00, -1620.13, 0.0000, 110, 86, 56
L 1825.80, -1647.63, 0.0000, 1806.00, -1610.13, 0.0000, 160, 132, 90
L 1798.00, -1620.13, 0.0000, 1728.70, -1620.13, 0.0000, 110, 86, 56
L 1806.00, -1610.13, 0.0000, 1736.70, -1610.13, 0.0000, 160, 132, 90
L 1728.70, -1620.13, 0.0000, 1802.95, -1620.13, 0.0000, 110, 86, 56
L 1736.70, -1610.13, 0.0000, 1810.95, -1610.13, 0.0000, 160, 132, 90
L 1802.95, -1620.13, 0.0000, 1822.75, -1582.63, 0.0000, 110, 86, 56
L 1810.95, -1610.13, 0.0000, 1830.75, -1572.63, 0.0000, 160, 132, 90
L 1822.75, -1582.63, 0.0000, 1798.00, -1537.63, 0.0000, 110, 86, 56
L 1830.75, -1572.63, 0.0000, 1806.00, -1527.63, 0.0000, 160, 132, 90
L 1798.00, -1537.63, 0.0000, 1728.70, -1537.63, 0.0000, 110, 86, 56
L 1806.00, -1527.63, 0.0000, 1736.70, -1527.63, 0.0000, 160, 132, 90
L 1871.70, -1537.63, 0.0000, 1871.70, -1687.63, 0.0000, 110, 86, 56
L 1879.70, -1527.63, 0.0000, 1879.70, -1677.63, 0.0000, 160, 132, 90
L 1871.70, -1687.63, 0.0000, 1941.00, -1687.63, 0.0000, 110, 86, 56
L 1879.70, -1677.63, 0.0000, 1949.00, -1677.63, 0.0000, 160, 132, 90
L 1941.00, -1687.63, 0.0000, 1960.80, -1657.63, 0.0000, 110, 86, 56
L 1949.00, -1677.63, 0.0000, 1968.80, -1647.63, 0.0000, 160, 132, 90
L 1960.80, -1657.63, 0.0000, 1941.00, -1620.13, 0.0000, 110, 86, 56
L 1968.80, -1647.63, 0.0000, 1949.00, -1610.13, 0.0000, 160, 132, 90
L 1941.00, -1620.13, 0.0000, 1871.70, -1620.13, 0.0000, 110, 86, 56
L 1949.00, -1610.13, 0.0000, 1879.70, -1610.13, 0.0000, 160, 132, 90
L 1871.70, -1620.13, 0.0000, 1945.95, -1620.13, 0.0000, 110, 86, 56
L 1879.70, -1610.13, 0.0000, 1953.95, -1610.13, 0.0000, 160, 132, 90
L 1945.95, -1620.13, 0.0000, 1965.75, -1582.63, 0.0000, 110, 86, 56
L 1953.95, -1610.13, 0.0000, 1973.75, -1572.63, 0.0000, 160, 132, 90
L 1965.75, -1582.63, 0.0000, 1941.00, -1537.63, 0.0000, 110, 86, 56
L 1973.75, -1572.63, 0.0000, 1949.00, -1527.63, 0.0000, 160, 132, 90
L 1941.00, -1537.63, 0.0000, 1871.70, -1537.63, 0.0000, 110, 86, 56
L 1949.00, -1527.63, 0.0000, 1879.70, -1527.63, 0.0000, 160, 132, 90
L -732.30, -1491.63, 0.0000, 2000.70, -1491.63, 0.0000, 160, 132, 90
L -732.30, -1729.63, 0.0000, 2000.70, -1729.63, 0.0000, 160, 132, 90
L -518.69, 1658.47, 0.0000, -520.74, 1681.91, 0.0000, 96, 78, 54
L -520.74, 1681.91, 0.0000, -526.83, 1704.64, 0.0000, 96, 78, 54
L -526.83, 1704.64, 0.0000, -536.78, 1725.97, 0.0000, 96, 78, 54
L -536.78, 1725.97, 0.0000, -550.27, 1745.25, 0.0000, 96, 78, 54
L -550.27, 1745.25, 0.0000, -566.91, 1761.89, 0.0000, 96, 78, 54
L -566.91, 1761.89, 0.0000, -586.19, 1775.38, 0.0000, 96, 78, 54
L -586.19, 1775.38, 0.0000, -607.52, 1785.33, 0.0000, 96, 78, 54
L -607.52, 1785.33, 0.0000, -630.25, 1791.42, 0.0000, 96, 78, 54
L -630.25, 1791.42, 0.0000, -653.69, 1793.47, 0.0000, 96, 78, 54
L -653.69, 1793.47, 0.0000, -677.13, 1791.42, 0.0000, 96, 78, 54
L -677.13, 1791.42, 0.0000, -699.86, 1785.33, 0.0000, 96, 78, 54
L -699.86, 1785.33, 0.0000, -721.19, 1775.38, 0.0000, 96, 78, 54
L -721.19, 1775.38, 0.0000, -740.47, 1761.89, 0.0000, 96, 78, 54
L -740.47, 1761.89, 0.0000, -757.11, 1745.25, 0.0000, 96, 78, 54
L -757.11, 1745.25, 0.0000, -770.60, 1725.97, 0.0000, 96, 78, 54
L -770.60, 1725.97, 0.0000, -780.55, 1704.64, 0.0000, 96, 78, 54
L -780.55, 1704.64, 0.0000, -786.64, 1681.91, 0.0000, 96, 78, 54
L -786.64, 1681.91, 0.0000, -788.69, 1658.47, 0.0000, 96, 78, 54
L -788.69, 1658.47, 0.0000, -786.64, 1635.03, 0.0000, 96, 78, 54
L -786.64, 1635.03, 0.0000, -780.55, 1612.30, 0.0000, 96, 78, 54
L -780.55, 1612.30, 0.0000, -770.60, 1590.97, 0.0000, 96, 78, 54
L -770.60, 1590.97, 0.0000, -757.11, 1571.69, 0.0000, 96, 78, 54
L -757.11, 1571.69, 0.0000, -740.47, 1555.05, 0.0000, 96, 78, 54
L -740.47, 1555.05, 0.0000, -721.19, 1541.56, 0.0000, 96, 78, 54
L -721.19, 1541.56, 0.0000, -699.86, 1531.61, 0.0000, 96, 78, 54
L -699.86, 1531.61, 0.0000, -677.13, 1525.52, 0.0000, 96, 78, 54
L -677.13, 1525.52, 0.0000, -653.69, 1523.47, 0.0000, 96, 78, 54
L -653.69, 1523.47, 0.0000, -630.25, 1525.52, 0.0000, 96, 78, 54
L -630.25, 1525.52, 0.0000, -607.52, 1531.61, 0.0000, 96, 78, 54
L -607.52, 1531.61, 0.0000, -586.19, 1541.56, 0.0000, 96, 78, 54
L -586.19, 1541.56, 0.0000, -566.91, 1555.05, 0.0000, 96, 78, 54
L -566.91, 1555.05, 0.0000, -550.27, 1571.69, 0.0000, 96, 78, 54
L -550.27, 1571.69, 0.0000, -536.78, 1590.97, 0.0000, 96, 78, 54
L -536.78, 1590.97, 0.0000, -526.83, 1612.30, 0.0000, 96, 78, 54
L -526.83, 1612.30, 0.0000, -520.74, 1635.03, 0.0000, 96, 78, 54
L -520.74, 1635.03, 0.0000, -518.69, 1658.47, 0.0000, 96, 78, 54
L -501.14, 1658.47, 0.0000, -503.46, 1684.96, 0.0000, 160, 132, 90
L -503.46, 1684.96, 0.0000, -510.34, 1710.65, 0.0000, 160, 132, 90
L -510.34, 1710.65, 0.0000, -521.58, 1734.75, 0.0000, 160, 132, 90
L -521.58, 1734.75, 0.0000, -536.83, 1756.53, 0.0000, 160, 132, 90
L -536.83, 1756.53, 0.0000, -555.63, 1775.33, 0.0000, 160, 132, 90
L -555.63, 1775.33, 0.0000, -577.41, 1790.58, 0.0000, 160, 132, 90
L -577.41, 1790.58, 0.0000, -601.51, 1801.82, 0.0000, 160, 132, 90
L -601.51, 1801.82, 0.0000, -627.20, 1808.70, 0.0000, 160, 132, 90
L -627.20, 1808.70, 0.0000, -653.69, 1811.02, 0.0000, 160, 132, 90
L -653.69, 1811.02, 0.0000, -680.18, 1808.70, 0.0000, 160, 132, 90
L -680.18, 1808.70, 0.0000, -705.87, 1801.82, 0.0000, 160, 132, 90
L -705.87, 1801.82, 0.0000, -729.96, 1790.58, 0.0000, 160, 132, 90
L -729.96, 1790.58, 0.0000, -751.75, 1775.33, 0.0000, 160, 132, 90
L -751.75, 1775.33, 0.0000, -770.55, 1756.53, 0.0000, 160, 132, 90
L -770.55, 1756.53, 0.0000, -785.80, 1734.75, 0.0000, 160, 132, 90
L -785.80, 1734.75, 0.0000, -797.04, 1710.65, 0.0000, 160, 132, 90
L -797.04, 1710.65, 0.0000, -803.92, 1684.96, 0.0000, 160, 132, 90
L -803.92, 1684.96, 0.0000, -806.24, 1658.47, 0.0000, 160, 132, 90
L -806.24, 1658.47, 0.0000, -803.92, 1631.98, 0.0000, 160, 132, 90
L -803.92, 1631.98, 0.0000, -797.04, 1606.29, 0.0000, 160, 132, 90
L -797.04, 1606.29, 0.0000, -785.80, 1582.20, 0.0000, 160, 132, 90
L -785.80, 1582.20, 0.0000, -770.55, 1560.41, 0.0000, 160, 132, 90
L -770.55, 1560.41, 0.0000, -751.75, 1541.61, 0.0000, 160, 132, 90
L -751.75, 1541.61, 0.0000, -729.96, 1526.36, 0.0000, 160, 132, 90
L -729.96, 1526.36, 0.0000, -705.87, 1515.12, 0.0000, 160, 132, 90
L -705.87, 1515.12, 0.0000, -680.18, 1508.24, 0.0000, 160, 132, 90
L -680.18, 1508.24, 0.0000, -653.69, 1505.92, 0.0000, 160, 132, 90
L -653.69, 1505.92, 0.0000, -627.20, 1508.24, 0.0000, 160, 132, 90
L -627.20, 1508.24, 0.0000, -601.51, 1515.12, 0.0000, 160, 132, 90
L -601.51, 1515.12, 0.0000, -577.41, 1526.36, 0.0000, 160, 132, 90
L -577.41, 1526.36, 0.0000, -555.63, 1541.61, 0.0000, 160, 132, 90
L -555.63, 1541.61, 0.0000, -536.83, 1560.41, 0.0000, 160, 132, 90
L -536.83, 1560.41, 0.0000, -521.58, 1582.20, 0.0000, 160, 132, 90
L -521.58, 1582.20, 0.0000, -510.34, 1606.29, 0.0000, 160, 132, 90
L -510.34, 1606.29, 0.0000, -503.46, 1631.98, 0.0000, 160, 132, 90
L -503.46, 1631.98, 0.0000, -501.14, 1658.47, 0.0000, 160, 132, 90
L -653.69, 1658.47, 0.0000, -653.69, 1523.47, 0.0000, 160, 132, 90
L -653.69, 1658.47, 0.0000, -596.41, 1601.19, 0.0000, 160, 150, 130
L -653.69, 1658.47, 0.0000, -518.69, 1658.47, 0.0000, 160, 132, 90
L -653.69, 1658.47, 0.0000, -596.41, 1715.75, 0.0000, 160, 150, 130
L -653.69, 1658.47, 0.0000, -653.69, 1793.47, 0.0000, 160, 132, 90
L -653.69, 1658.47, 0.0000, -710.97, 1715.75, 0.0000, 160, 150, 130
L -653.69, 1658.47, 0.0000, -788.69, 1658.47, 0.0000, 160, 132, 90
L -653.69, 1658.47, 0.0000, -710.97, 1601.19, 0.0000, 160, 150, 130
L -653.69, 1590.97, 0.0000, -653.69, 1536.97, 0.0000, 110, 86, 56
L -661.69, 1550.47, 0.0000, -653.69, 1531.57, 0.0000, 110, 86, 56
L -645.69, 1550.47, 0.0000, -653.69, 1531.57, 0.0000, 110, 86, 56
P -653.69, 1485.67, 0.0000, 110, 86, 56, 3, N
P -653.69, 1831.27, 0.0000, 96, 78, 54, 1, S
P -480.89, 1658.47, 0.0000, 96, 78, 54, 1, E
P -826.49, 1658.47, 0.0000, 96, 78, 54, 1, W
