L 904.6378, -97.1462, 0.0000, 921.9909, -65.5952, 0.0000, 150, 90, 150
L 921.9909, -65.5952, 0.0000, 904.6378, -34.0442, 0.0000, 150, 90, 150
L 904.6378, -34.0442, 0.0000, 887.2848, -65.5952, 0.0000, 150, 90, 150
L 887.2848, -65.5952, 0.0000, 904.6378, -97.1462, 0.0000, 150, 90, 150
P 958.2745, -65.5952, 0.0000, 150, 90, 150, 2, Bandit_Hills
L 2097.9756, -1229.1584, 0.0000, 2263.7063, -1394.8891, 0.0000, 150, 90, 150
L 2263.7063, -1394.8891, 0.0000, 2250.1079, -1340.4954, 0.0000, 150, 90, 150
L 2263.7063, -1394.8891, 0.0000, 2209.3126, -1381.2907, 0.0000, 150, 90, 150
P 1611.1893, -1233.8976, 0.0000, 150, 90, 150, 3, To_Rivervale
L 2030.5983, -320.8113, 0.0000, 2331.0836, -320.8113, 0.0000, 150, 90, 150
L 2331.0836, -320.8113, 0.0000, 2270.9866, -284.7530, 0.0000, 150, 90, 150
L 2331.0836, -320.8113, 0.0000, 2270.9866, -356.8695, 0.0000, 150, 90, 150
P 1393.5693, -242.6851, 0.0000, 150, 90, 150, 4, To_Highpass_Hold
L 2063.6517, 670.4012, 0.0000, 2298.0302, 670.4012, 0.0000, 150, 90, 150
L 2298.0302, 670.4012, 0.0000, 2249.9526, 699.2478, 0.0000, 150, 90, 150
L 2298.0302, 670.4012, 0.0000, 2249.9526, 641.5547, 0.0000, 150, 90, 150
P 1389.0620, 748.5274, 0.0000, 150, 90, 150, 3, To_Castle_Felstar
L 2097.9756, 1578.7484, 0.0000, 2263.7063, 1744.4791, 0.0000, 150, 90, 150
L 2263.7063, 1744.4791, 0.0000, 2209.3126, 1730.8807, 0.0000, 150, 90, 150
L 2263.7063, 1744.4791, 0.0000, 2250.1079, 1690.0854, 0.0000, 150, 90, 150
P 1348.2646, 1739.7399, 0.0000, 150, 90, 150, 3, To_Bastable_Village
L -806.2023, -1205.7861, 0.0000, -1018.6776, -1418.2614, 0.0000, 150, 90, 150
L -1018.6776, -1418.2614, 0.0000, -950.6855, -1401.2634, 0.0000, 150, 90, 150
L -1018.6776, -1418.2614, 0.0000, -1001.6796, -1350.2693, 0.0000, 150, 90, 150
P -770.1441, -1233.8976, 0.0000, 150, 90, 150, 4, To_Merry-by-Water
L -829.5746, -237.9459, 0.0000, -995.3053, -403.6766, 0.0000, 150, 90, 150
L -995.3053, -403.6766, 0.0000, -940.9116, -390.0782, 0.0000, 150, 90, 150
L -995.3053, -403.6766, 0.0000, -981.7069, -349.2829, 0.0000, 150, 90, 150
P -793.5164, -242.6851, 0.0000, 150, 90, 150, 3, To_Baga_Village
L -795.2507, 670.4012, 0.0000, -1029.6292, 670.4012, 0.0000, 150, 90, 150
L -1029.6292, 670.4012, 0.0000, -981.5516, 641.5547, 0.0000, 150, 90, 150
L -1029.6292, 670.4012, 0.0000, -981.5516, 699.2478, 0.0000, 150, 90, 150
P -759.1924, 748.5274, 0.0000, 150, 90, 150, 3, To_Blackburrow
L -829.5746, 1578.7484, 0.0000, -995.3053, 1744.4791, 0.0000, 150, 90, 150
L -995.3053, 1744.4791, 0.0000, -981.7069, 1690.0854, 0.0000, 150, 90, 150
L -995.3053, 1744.4791, 0.0000, -940.9116, 1730.8807, 0.0000, 150, 90, 150
P -793.5164, 1739.7399, 0.0000, 150, 90, 150, 3, To_Strag's_Rest
L 634.2000, -1450.4426, 0.0000, 634.2000, -1684.8212, 0.0000, 150, 90, 150
L 634.2000, -1684.8212, 0.0000, 663.0466, -1636.7435, 0.0000, 150, 90, 150
L 634.2000, -1684.8212, 0.0000, 605.3534, -1636.7435, 0.0000, 150, 90, 150
P 333.7146, -1489.5057, 0.0000, 150, 90, 150, 3, To_Misty_Thicket
L 634.2000, 1800.0307, 0.0000, 634.2000, 2034.4093, 0.0000, 150, 90, 150
L 634.2000, 2034.4093, 0.0000, 605.3534, 1986.3316, 0.0000, 150, 90, 150
L 634.2000, 2034.4093, 0.0000, 663.0466, 1986.3316, 0.0000, 150, 90, 150
P 371.2753, 1995.3462, 0.0000, 150, 90, 150, 3, To_Trail's_End
