L -385.0000, 327.1703, 0.0000, -385.0000, 415.7359, 0.0000, 150, 90, 150
L -385.0000, 415.7359, 0.0000, -395.6279, 398.0228, 0.0000, 150, 90, 150
L -385.0000, 415.7359, 0.0000, -374.3721, 398.0228, 0.0000, 150, 90, 150
P -385.0000, 344.0482, 0.0000, 150, 90, 150, 4, To_Jared's_Blight
L 293.0000, 336.9125, 0.0000, 293.0000, 405.9937, 0.0000, 150, 90, 150
L 293.0000, 405.9937, 0.0000, 284.4977, 391.8232, 0.0000, 150, 90, 150
L 293.0000, 405.9937, 0.0000, 301.5023, 391.8232, 0.0000, 150, 90, 150
P 293.0000, 353.7904, 0.0000, 150, 90, 150, 3, To_Alseop's_Wall
L -581.9824, -452.2761, 0.0000, -630.8301, -501.1239, 0.0000, 150, 90, 150
L -630.8301, -501.1239, 0.0000, -614.7980, -497.1159, 0.0000, 150, 90, 150
L -630.8301, -501.1239, 0.0000, -626.8221, -485.0918, 0.0000, 150, 90, 150
P -581.9824, -435.3982, 0.0000, 150, 90, 150, 3, To_Spirit_Talker's_Wood
L -562.1234, -262.1000, 0.0000, -650.6891, -262.1000, 0.0000, 150, 90, 150
L -650.6891, -262.1000, 0.0000, -632.9759, -272.7279, 0.0000, 150, 90, 150
L -650.6891, -262.1000, 0.0000, -632.9759, -251.4721, 0.0000, 150, 90, 150
P -562.1234, -245.2221, 0.0000, 150, 90, 150, 4, To_Wymondham
L -571.8657, -47.5000, 0.0000, -640.9468, -47.5000, 0.0000, 150, 90, 150
L -640.9468, -47.5000, 0.0000, -626.7763, -56.0023, 0.0000, 150, 90, 150
L -640.9468, -47.5000, 0.0000, -626.7763, -38.9977, 0.0000, 150, 90, 150
P -571.8657, -30.6221, 0.0000, 150, 90, 150, 3, To_Jaggedpine
L -581.9824, 142.6761, 0.0000, -630.8301, 191.5239, 0.0000, 150, 90, 150
L -630.8301, 191.5239, 0.0000, -626.8221, 175.4918, 0.0000, 150, 90, 150
L -630.8301, 191.5239, 0.0000, -614.7980, 187.5159, 0.0000, 150, 90, 150
P -581.9824, 159.5540, 0.0000, 150, 90, 150, 3, To_Al-Karad_Ruins
L -581.9824, 357.2761, 0.0000, -630.8301, 406.1239, 0.0000, 150, 90, 150
L -630.8301, 406.1239, 0.0000, -626.8221, 390.0918, 0.0000, 150, 90, 150
L -630.8301, 406.1239, 0.0000, -614.7980, 402.1159, 0.0000, 150, 90, 150
P -581.9824, 374.1540, 0.0000, 150, 90, 150, 3, To_Blakedown
L 489.9980, -380.7428, 0.0000, 538.8458, -429.5906, 0.0000, 150, 90, 150
L 538.8458, -429.5906, 0.0000, 534.8378, -413.5585, 0.0000, 150, 90, 150
L 538.8458, -429.5906, 0.0000, 522.8137, -425.5825, 0.0000, 150, 90, 150
P 489.9980, -363.8649, 0.0000, 150, 90, 150, 3, To_Baga_Village
L 470.1391, -47.5000, 0.0000, 558.7047, -47.5000, 0.0000, 150, 90, 150
L 558.7047, -47.5000, 0.0000, 540.9916, -36.8721, 0.0000, 150, 90, 150
L 558.7047, -47.5000, 0.0000, 540.9916, -58.1279, 0.0000, 150, 90, 150
P 470.1391, -30.6221, 0.0000, 150, 90, 150, 4, To_Merry-by-Water
L 489.9980, 285.7428, 0.0000, 538.8458, 334.5906, 0.0000, 150, 90, 150
L 538.8458, 334.5906, 0.0000, 522.8137, 330.5825, 0.0000, 150, 90, 150
L 538.8458, 334.5906, 0.0000, 534.8378, 318.5585, 0.0000, 150, 90, 150
P 489.9980, 302.6207, 0.0000, 150, 90, 150, 3, To_Strag's_Rest
L -46.0000, -431.8969, 0.0000, -46.0000, -500.9781, 0.0000, 150, 90, 150
L -46.0000, -500.9781, 0.0000, -37.4977, -486.8076, 0.0000, 150, 90, 150
L -46.0000, -500.9781, 0.0000, -54.5023, -486.8076, 0.0000, 150, 90, 150
P -46.0000, -415.0190, 0.0000, 150, 90, 150, 3, To_Mt._Hatespike
