L -46.0000, 152.0000, 12.0000, -32.0000, 152.0000, 12.0000, 160, 105, 0
L -32.0000, 152.0000, 12.0000, -32.0000, 166.0000, 12.0000, 160, 105, 0
L -32.0000, 166.0000, 12.0000, -46.0000, 166.0000, 12.0000, 160, 105, 0
L -46.0000, 166.0000, 12.0000, -46.0000, 152.0000, 12.0000, 160, 105, 0
L 333.0000, -102.0000, 7.5000, 347.0000, -102.0000, 7.5000, 160, 105, 0
L 347.0000, -102.0000, 7.5000, 347.0000, -88.0000, 7.5000, 160, 105, 0
L 347.0000, -88.0000, 7.5000, 333.0000, -88.0000, 7.5000, 160, 105, 0
L 333.0000, -88.0000, 7.5000, 333.0000, -102.0000, 7.5000, 160, 105, 0
L 201.0000, -134.0000, 11.0625, 209.0000, -126.0000, 11.0625, 30, 70, 90
L 209.0000, -126.0000, 11.0625, 201.0000, -118.0000, 11.0625, 30, 70, 90
L 201.0000, -118.0000, 11.0625, 193.0000, -126.0000, 11.0625, 30, 70, 90
L 193.0000, -126.0000, 11.0625, 201.0000, -134.0000, 11.0625, 30, 70, 90
L 119.0000, -14.0000, 40.9688, 127.0000, -6.0000, 40.9688, 30, 70, 90
L 127.0000, -6.0000, 40.9688, 119.0000, 2.0000, 40.9688, 30, 70, 90
L 119.0000, 2.0000, 40.9688, 111.0000, -6.0000, 40.9688, 30, 70, 90
L 111.0000, -6.0000, 40.9688, 119.0000, -14.0000, 40.9688, 30, 70, 90
L 21.0000, -72.0000, 0.0000, 27.0000, -66.0000, 0.0000, 165, 60, 20
L 27.0000, -66.0000, 0.0000, 21.0000, -60.0000, 0.0000, 165, 60, 20
L 21.0000, -60.0000, 0.0000, 15.0000, -66.0000, 0.0000, 165, 60, 20
L 15.0000, -66.0000, 0.0000, 21.0000, -72.0000, 0.0000, 165, 60, 20
L 140.0000, -166.0000, 55.2812, 146.0000, -160.0000, 55.2812, 165, 60, 20
L 146.0000, -160.0000, 55.2812, 140.0000, -154.0000, 55.2812, 165, 60, 20
L 140.0000, -154.0000, 55.2812, 134.0000, -160.0000, 55.2812, 165, 60, 20
L 134.0000, -160.0000, 55.2812, 140.0000, -166.0000, 55.2812, 165, 60, 20
L -140.0000, -195.0000, -47.9688, -134.0000, -189.0000, -47.9688, 165, 60, 20
L -134.0000, -189.0000, -47.9688, -140.0000, -183.0000, -47.9688, 165, 60, 20
L -140.0000, -183.0000, -47.9688, -146.0000, -189.0000, -47.9688, 165, 60, 20
L -146.0000, -189.0000, -47.9688, -140.0000, -195.0000, -47.9688, 165, 60, 20
L 124.0000, -271.0000, -38.0000, 130.0000, -265.0000, -38.0000, 165, 60, 20
L 130.0000, -265.0000, -38.0000, 124.0000, -259.0000, -38.0000, 165, 60, 20
L 124.0000, -259.0000, -38.0000, 118.0000, -265.0000, -38.0000, 165, 60, 20
L 118.0000, -265.0000, -38.0000, 124.0000, -271.0000, -38.0000, 165, 60, 20
L 147.0000, -95.0000, -53.4844, 153.0000, -89.0000, -53.4844, 165, 60, 20
L 153.0000, -89.0000, -53.4844, 147.0000, -83.0000, -53.4844, 165, 60, 20
L 147.0000, -83.0000, -53.4844, 141.0000, -89.0000, -53.4844, 165, 60, 20
L 141.0000, -89.0000, -53.4844, 147.0000, -95.0000, -53.4844, 165, 60, 20
L 320.0000, -61.0000, -24.0000, 326.0000, -55.0000, -24.0000, 165, 60, 20
L 326.0000, -55.0000, -24.0000, 320.0000, -49.0000, -24.0000, 165, 60, 20
L 320.0000, -49.0000, -24.0000, 314.0000, -55.0000, -24.0000, 165, 60, 20
L 314.0000, -55.0000, -24.0000, 320.0000, -61.0000, -24.0000, 165, 60, 20
L 341.0000, -29.0000, -24.0000, 347.0000, -23.0000, -24.0000, 165, 60, 20
L 347.0000, -23.0000, -24.0000, 341.0000, -17.0000, -24.0000, 165, 60, 20
L 341.0000, -17.0000, -24.0000, 335.0000, -23.0000, -24.0000, 165, 60, 20
L 335.0000, -23.0000, -24.0000, 341.0000, -29.0000, -24.0000, 165, 60, 20
L 115.0000, -298.0000, -38.0000, 121.0000, -292.0000, -38.0000, 165, 60, 20
L 121.0000, -292.0000, -38.0000, 115.0000, -286.0000, -38.0000, 165, 60, 20
L 115.0000, -286.0000, -38.0000, 109.0000, -292.0000, -38.0000, 165, 60, 20
L 109.0000, -292.0000, -38.0000, 115.0000, -298.0000, -38.0000, 165, 60, 20
L 38.0000, 91.0000, -49.1250, 44.0000, 97.0000, -49.1250, 165, 60, 20
L 44.0000, 97.0000, -49.1250, 38.0000, 103.0000, -49.1250, 165, 60, 20
L 38.0000, 103.0000, -49.1250, 32.0000, 97.0000, -49.1250, 165, 60, 20
L 32.0000, 97.0000, -49.1250, 38.0000, 91.0000, -49.1250, 165, 60, 20
L 286.0000, 79.0000, -45.9688, 292.0000, 85.0000, -45.9688, 165, 60, 20
L 292.0000, 85.0000, -45.9688, 286.0000, 91.0000, -45.9688, 165, 60, 20
L 286.0000, 91.0000, -45.9688, 280.0000, 85.0000, -45.9688, 165, 60, 20
L 280.0000, 85.0000, -45.9688, 286.0000, 79.0000, -45.9688, 165, 60, 20
L -117.0000, 80.0000, -42.9688, -111.0000, 86.0000, -42.9688, 165, 60, 20
L -111.0000, 86.0000, -42.9688, -117.0000, 92.0000, -42.9688, 165, 60, 20
L -117.0000, 92.0000, -42.9688, -123.0000, 86.0000, -42.9688, 165, 60, 20
L -123.0000, 86.0000, -42.9688, -117.0000, 80.0000, -42.9688, 165, 60, 20
L 385.0000, -160.0000, -125.9375, 394.0000, -160.0000, -125.9375, 110, 0, 60
L 385.0000, -160.0000, -125.9375, 391.3640, -153.6360, -125.9375, 110, 0, 60
L 385.0000, -160.0000, -125.9375, 385.0000, -151.0000, -125.9375, 110, 0, 60
L 385.0000, -160.0000, -125.9375, 378.6360, -153.6360, -125.9375, 110, 0, 60
L 385.0000, -160.0000, -125.9375, 376.0000, -160.0000, -125.9375, 110, 0, 60
L 385.0000, -160.0000, -125.9375, 378.6360, -166.3640, -125.9375, 110, 0, 60
L 385.0000, -160.0000, -125.9375, 385.0000, -169.0000, -125.9375, 110, 0, 60
L 385.0000, -160.0000, -125.9375, 391.3640, -166.3640, -125.9375, 110, 0, 60
L 385.0000, -165.4000, -125.9375, 390.4000, -160.0000, -125.9375, 110, 0, 60
L 390.4000, -160.0000, -125.9375, 385.0000, -154.6000, -125.9375, 110, 0, 60
L 385.0000, -154.6000, -125.9375, 379.6000, -160.0000, -125.9375, 110, 0, 60
L 379.6000, -160.0000, -125.9375, 385.0000, -165.4000, -125.9375, 110, 0, 60
L -384.0000, 150.0000, -121.1094, -375.0000, 150.0000, -121.1094, 110, 0, 60
L -384.0000, 150.0000, -121.1094, -377.6360, 156.3640, -121.1094, 110, 0, 60
L -384.0000, 150.0000, -121.1094, -384.0000, 159.0000, -121.1094, 110, 0, 60
L -384.0000, 150.0000, -121.1094, -390.3640, 156.3640, -121.1094, 110, 0, 60
L -384.0000, 150.0000, -121.1094, -393.0000, 150.0000, -121.1094, 110, 0, 60
L -384.0000, 150.0000, -121.1094, -390.3640, 143.6360, -121.1094, 110, 0, 60
L -384.0000, 150.0000, -121.1094, -384.0000, 141.0000, -121.1094, 110, 0, 60
L -384.0000, 150.0000, -121.1094, -377.6360, 143.6360, -121.1094, 110, 0, 60
L -384.0000, 144.6000, -121.1094, -378.6000, 150.0000, -121.1094, 110, 0, 60
L -378.6000, 150.0000, -121.1094, -384.0000, 155.4000, -121.1094, 110, 0, 60
L -384.0000, 155.4000, -121.1094, -389.4000, 150.0000, -121.1094, 110, 0, 60
L -389.4000, 150.0000, -121.1094, -384.0000, 144.6000, -121.1094, 110, 0, 60
L -357.0000, -49.0000, -122.9531, -348.0000, -49.0000, -122.9531, 110, 0, 60
L -357.0000, -49.0000, -122.9531, -350.6360, -42.6360, -122.9531, 110, 0, 60
L -357.0000, -49.0000, -122.9531, -357.0000, -40.0000, -122.9531, 110, 0, 60
L -357.0000, -49.0000, -122.9531, -363.3640, -42.6360, -122.9531, 110, 0, 60
L -357.0000, -49.0000, -122.9531, -366.0000, -49.0000, -122.9531, 110, 0, 60
L -357.0000, -49.0000, -122.9531, -363.3640, -55.3640, -122.9531, 110, 0, 60
L -357.0000, -49.0000, -122.9531, -357.0000, -58.0000, -122.9531, 110, 0, 60
L -357.0000, -49.0000, -122.9531, -350.6360, -55.3640, -122.9531, 110, 0, 60
L -357.0000, -54.4000, -122.9531, -351.6000, -49.0000, -122.9531, 110, 0, 60
L -351.6000, -49.0000, -122.9531, -357.0000, -43.6000, -122.9531, 110, 0, 60
L -357.0000, -43.6000, -122.9531, -362.4000, -49.0000, -122.9531, 110, 0, 60
L -362.4000, -49.0000, -122.9531, -357.0000, -54.4000, -122.9531, 110, 0, 60
L -452.0000, 156.0000, -158.9375, -446.0000, 162.0000, -158.9375, 165, 60, 20
L -446.0000, 162.0000, -158.9375, -452.0000, 168.0000, -158.9375, 165, 60, 20
L -452.0000, 168.0000, -158.9375, -458.0000, 162.0000, -158.9375, 165, 60, 20
L -458.0000, 162.0000, -158.9375, -452.0000, 156.0000, -158.9375, 165, 60, 20
L -386.0000, -59.0000, -115.9688, -380.0000, -53.0000, -115.9688, 165, 60, 20
L -380.0000, -53.0000, -115.9688, -386.0000, -47.0000, -115.9688, 165, 60, 20
L -386.0000, -47.0000, -115.9688, -392.0000, -53.0000, -115.9688, 165, 60, 20
L -392.0000, -53.0000, -115.9688, -386.0000, -59.0000, -115.9688, 165, 60, 20
L -356.0000, -59.0000, -129.9375, -350.0000, -53.0000, -129.9375, 165, 60, 20
L -350.0000, -53.0000, -129.9375, -356.0000, -47.0000, -129.9375, 165, 60, 20
L -356.0000, -47.0000, -129.9375, -362.0000, -53.0000, -129.9375, 165, 60, 20
L -362.0000, -53.0000, -129.9375, -356.0000, -59.0000, -129.9375, 165, 60, 20
L -157.0000, -170.0000, -135.4375, -151.0000, -164.0000, -135.4375, 165, 60, 20
L -151.0000, -164.0000, -135.4375, -157.0000, -158.0000, -135.4375, 165, 60, 20
L -157.0000, -158.0000, -135.4375, -163.0000, -164.0000, -135.4375, 165, 60, 20
L -163.0000, -164.0000, -135.4375, -157.0000, -170.0000, -135.4375, 165, 60, 20
L -363.0000, -257.0000, -121.4531, -357.0000, -251.0000, -121.4531, 165, 60, 20
L -357.0000, -251.0000, -121.4531, -363.0000, -245.0000, -121.4531, 165, 60, 20
L -363.0000, -245.0000, -121.4531, -369.0000, -251.0000, -121.4531, 165, 60, 20
L -369.0000, -251.0000, -121.4531, -363.0000, -257.0000, -121.4531, 165, 60, 20
P -29.0000, 156.0000, 12.0000, 160, 105, 0, 3, To_Qeynos_Hills_(Succor)
P 350.0000, -98.0000, 7.5000, 160, 105, 0, 3, To_Everfrost_Peaks
P 211.0000, -129.0000, 11.0625, 30, 70, 90, 2, Plague_Rat_Storeroom_[F1-1]
P 129.0000, -9.0000, 40.9688, 30, 70, 90, 2, The_Pit_+_a_Razorgill_[F1-2]
P 31.0000, -69.0000, -180.9375, 165, 60, 20, 2, Splitpaw_Sentry_(Ranger_10)_[F1-2]
P 150.0000, -163.0000, 55.2812, 165, 60, 20, 2, Tranixx_Darkpaw_(10,_patrols)_[F1-4]
P -130.0000, -192.0000, -47.9688, 165, 60, 20, 2, Sabertooth_Clan_Necromancer_(15)_[F2-2]
P 134.0000, -268.0000, -38.0000, 165, 60, 20, 2, Mannan_of_the_Sabertooth_(15)_[F2-3]
P 157.0000, -92.0000, -53.4844, 165, 60, 20, 2, Refugee_Splitpaw_(Shaman_14)_[F2-4]
P 330.0000, -58.0000, -24.0000, 165, 60, 20, 2, The_Gnoll_High_Shaman_(15,_Quest)_[F2-5]
P 351.0000, -26.0000, -24.0000, 165, 60, 20, 2, A_Gnoll_Commander_(13-15)_[F2]
P 125.0000, -295.0000, -38.0000, 165, 60, 20, 2, A_Gnoll_Commander_(13-15)_[F2]
P 48.0000, 94.0000, -49.1250, 165, 60, 20, 2, Splitpaw_Commander_(14)_[F2-7]
P 296.0000, 82.0000, -45.9688, 165, 60, 20, 2, Socho_Darkpaw_(Rogue_13)_[F2-8]
P -107.0000, 83.0000, -42.9688, 165, 60, 20, 2, A_Gnoll_Tactician_(13-15)
P 395.0000, -163.0000, -125.9375, 110, 0, 60, 3, Lord_Elgnub_(SK_22,_BOSS)_[F3-9]
P -374.0000, 147.0000, -121.1094, 110, 0, 60, 3, Sabertooth_Overseer_(Berserker_20)_[F3-2]
P -347.0000, -52.0000, -122.9531, 110, 0, 60, 3, Splitpaw_Sharpshooter_(Ranger_20)_[F3-5]
P -442.0000, 159.0000, -158.9375, 165, 60, 20, 2, Refugee_Splitpaw_(Monk_18)_[F3-3]
P -376.0000, -56.0000, -115.9688, 165, 60, 20, 2, Master_Brewer_(18,_Casks)_[F3-4]
P -346.0000, -56.0000, -129.9375, 165, 60, 20, 2, A_Gnoll_Brewer_(17)_[F3-4]
P -147.0000, -167.0000, -135.4375, 165, 60, 20, 2, Splitpaw_Explorer_(Rogue_18)_[F3-7]
P -353.0000, -254.0000, -121.4531, 165, 60, 20, 2, Splitpaw_Commander_(14)_[F3-6]
