L -3920.00, -3172.00, 0.0000, -3920.00, 3179.00, 0.0000, 150, 146, 138
L -3360.00, -3172.00, 0.0000, -3360.00, 3179.00, 0.0000, 150, 146, 138
L -2800.00, -3172.00, 0.0000, -2800.00, 3179.00, 0.0000, 150, 146, 138
L -2240.00, -3172.00, 0.0000, -2240.00, 3179.00, 0.0000, 150, 146, 138
L -1680.00, -3172.00, 0.0000, -1680.00, 3179.00, 0.0000, 150, 146, 138
L -1120.00, -3172.00, 0.0000, -1120.00, 3179.00, 0.0000, 150, 146, 138
L -560.00, -3172.00, 0.0000, -560.00, 3179.00, 0.0000, 150, 146, 138
L 0.00, -3172.00, 0.0000, 0.00, 3179.00, 0.0000, 150, 146, 138
L 560.00, -3172.00, 0.0000, 560.00, 3179.00, 0.0000, 150, 146, 138
L 1120.00, -3172.00, 0.0000, 1120.00, 3179.00, 0.0000, 150, 146, 138
L 1680.00, -3172.00, 0.0000, 1680.00, 3179.00, 0.0000, 150, 146, 138
L 2240.00, -3172.00, 0.0000, 2240.00, 3179.00, 0.0000, 150, 146, 138
L 2800.00, -3172.00, 0.0000, 2800.00, 3179.00, 0.0000, 150, 146, 138
L -4009.00, -2800.00, 0.0000, 3283.00, -2800.00, 0.0000, 150, 146, 138
L -4009.00, -2240.00, 0.0000, 3283.00, -2240.00, 0.0000, 150, 146, 138
L -4009.00, -1680.00, 0.0000, 3283.00, -1680.00, 0.0000, 150, 146, 138
L -4009.00, -1120.00, 0.0000, 3283.00, -1120.00, 0.0000, 150, 146, 138
L -4009.00, -560.00, 0.0000, 3283.00, -560.00, 0.0000, 150, 146, 138
L -4009.00, 0.00, 0.0000, 3283.00, 0.00, 0.0000, 150, 146, 138
L -4009.00, 560.00, 0.0000, 3283.00, 560.00, 0.0000, 150, 146, 138
L -4009.00, 1120.00, 0.0000, 3283.00, 1120.00, 0.0000, 150, 146, 138
L -4009.00, 1680.00, 0.0000, 3283.00, 1680.00, 0.0000, 150, 146, 138
L -4009.00, 2240.00, 0.0000, 3283.00, 2240.00, 0.0000, 150, 146, 138
L -4009.00, 2800.00, 0.0000, 3283.00, 2800.00, 0.0000, 150, 146, 138
L -4009.00, -3172.00, 0.0000, 3283.00, -3172.00, 0.0000, 150, 146, 138
L -4009.00, 3179.00, 0.0000, 3283.00, 3179.00, 0.0000, 150, 146, 138
L -4009.00, -3172.00, 0.0000, -4009.00, 3179.00, 0.0000, 150, 146, 138
L 3283.00, -3172.00, 0.0000, 3283.00, 3179.00, 0.0000, 150, 146, 138
L -4589.0000, -3752.0000, 0.0000, -4287.1400, -3702.5300, 0.0000, 70, 66, 58
L -4287.1400, -3702.5300, 0.0000, -3985.2900, -3752.0000, 0.0000, 70, 66, 58
L -3985.2900, -3752.0000, 0.0000, -3683.4300, -3687.8100, 0.0000, 70, 66, 58
L -3683.4300, -3687.8100, 0.0000, -3381.5700, -3752.0000, 0.0000, 70, 66, 58
L -3381.5700, -3752.0000, 0.0000, -3079.7100, -3706.1300, 0.0000, 70, 66, 58
L -3079.7100, -3706.1300, 0.0000, -2777.8600, -3752.0000, 0.0000, 70, 66, 58
L -2777.8600, -3752.0000, 0.0000, -2476.0000, -3710.7000, 0.0000, 70, 66, 58
L -2476.0000, -3710.7000, 0.0000, -2174.1400, -3752.0000, 0.0000, 70, 66, 58
L -2174.1400, -3752.0000, 0.0000, -1872.2900, -3713.6900, 0.0000, 70, 66, 58
L -1872.2900, -3713.6900, 0.0000, -1570.4300, -3752.0000, 0.0000, 70, 66, 58
L -1570.4300, -3752.0000, 0.0000, -1298.2611, -3704.8443, 0.0000, 70, 66, 58
L -1238.8789, -3704.8443, 0.0000, -966.7100, -3752.0000, 0.0000, 70, 66, 58
L -966.7100, -3752.0000, 0.0000, -664.8600, -3708.3900, 0.0000, 70, 66, 58
L -664.8600, -3708.3900, 0.0000, -363.0000, -3752.0000, 0.0000, 70, 66, 58
L -363.0000, -3752.0000, 0.0000, -155.1620, -3704.8085, 0.0000, 70, 66, 58
L 32.8789, -3704.8085, 0.0000, 240.7100, -3752.0000, 0.0000, 70, 66, 58
L 240.7100, -3752.0000, 0.0000, 443.5995, -3704.6484, 0.0000, 70, 66, 58
L 641.5405, -3704.6484, 0.0000, 844.4300, -3752.0000, 0.0000, 70, 66, 58
L 844.4300, -3752.0000, 0.0000, 1146.2900, -3718.3500, 0.0000, 70, 66, 58
L 1146.2900, -3718.3500, 0.0000, 1448.1400, -3752.0000, 0.0000, 70, 66, 58
L 1448.1400, -3752.0000, 0.0000, 1750.0000, -3702.7100, 0.0000, 70, 66, 58
L 1750.0000, -3702.7100, 0.0000, 2051.8600, -3752.0000, 0.0000, 70, 66, 58
L 2051.8600, -3752.0000, 0.0000, 2353.7100, -3723.8400, 0.0000, 70, 66, 58
L 2353.7100, -3723.8400, 0.0000, 2655.5700, -3752.0000, 0.0000, 70, 66, 58
L 2655.5700, -3752.0000, 0.0000, 2957.4300, -3685.4100, 0.0000, 70, 66, 58
L 2957.4300, -3685.4100, 0.0000, 3259.2900, -3752.0000, 0.0000, 70, 66, 58
L 3259.2900, -3752.0000, 0.0000, 3561.1400, -3676.8500, 0.0000, 70, 66, 58
L 3561.1400, -3676.8500, 0.0000, 3863.0000, -3752.0000, 0.0000, 70, 66, 58
L 3863.0000, -3752.0000, 0.0000, 3812.5300, -3451.5600, 0.0000, 70, 66, 58
L 3812.5300, -3451.5600, 0.0000, 3863.0000, -3151.1200, 0.0000, 70, 66, 58
L 3863.0000, -3151.1200, 0.0000, 3808.4500, -2850.6800, 0.0000, 70, 66, 58
L 3808.4500, -2850.6800, 0.0000, 3863.0000, -2550.2400, 0.0000, 70, 66, 58
L 3863.0000, -2550.2400, 0.0000, 3798.5400, -2249.8000, 0.0000, 70, 66, 58
L 3798.5400, -2249.8000, 0.0000, 3863.0000, -1949.3600, 0.0000, 70, 66, 58
L 3863.0000, -1949.3600, 0.0000, 3804.1300, -1648.9200, 0.0000, 70, 66, 58
L 3804.1300, -1648.9200, 0.0000, 3863.0000, -1348.4800, 0.0000, 70, 66, 58
L 3863.0000, -1348.4800, 0.0000, 3801.6200, -1048.0400, 0.0000, 70, 66, 58
L 3801.6200, -1048.0400, 0.0000, 3863.0000, -747.6000, 0.0000, 70, 66, 58
L 3863.0000, -747.6000, 0.0000, 3785.6000, -447.1600, 0.0000, 70, 66, 58
L 3785.6000, -447.1600, 0.0000, 3863.0000, -146.7200, 0.0000, 70, 66, 58
L 3863.0000, -146.7200, 0.0000, 3806.3400, 153.7200, 0.0000, 70, 66, 58
L 3806.3400, 153.7200, 0.0000, 3863.0000, 454.1600, 0.0000, 70, 66, 58
L 3863.0000, 454.1600, 0.0000, 3807.1800, 754.6000, 0.0000, 70, 66, 58
L 3807.1800, 754.6000, 0.0000, 3863.0000, 1055.0400, 0.0000, 70, 66, 58
L 3863.0000, 1055.0400, 0.0000, 3804.9400, 1355.4800, 0.0000, 70, 66, 58
L 3804.9400, 1355.4800, 0.0000, 3863.0000, 1655.9200, 0.0000, 70, 66, 58
L 3863.0000, 1655.9200, 0.0000, 3821.7900, 1956.3600, 0.0000, 70, 66, 58
L 3821.7900, 1956.3600, 0.0000, 3863.0000, 2256.8000, 0.0000, 70, 66, 58
L 3863.0000, 2256.8000, 0.0000, 3827.7600, 2557.2400, 0.0000, 70, 66, 58
L 3827.7600, 2557.2400, 0.0000, 3863.0000, 2857.6800, 0.0000, 70, 66, 58
L 3863.0000, 2857.6800, 0.0000, 3820.0000, 3158.1200, 0.0000, 70, 66, 58
L 3820.0000, 3158.1200, 0.0000, 3863.0000, 3458.5600, 0.0000, 70, 66, 58
L 3863.0000, 3458.5600, 0.0000, 3786.6700, 3759.0000, 0.0000, 70, 66, 58
L 3863.0000, 3759.0000, 0.0000, 3561.1400, 3679.4900, 0.0000, 70, 66, 58
L 3561.1400, 3679.4900, 0.0000, 3259.2900, 3759.0000, 0.0000, 70, 66, 58
L 3259.2900, 3759.0000, 0.0000, 2957.4300, 3714.4200, 0.0000, 70, 66, 58
L 2957.4300, 3714.4200, 0.0000, 2655.5700, 3759.0000, 0.0000, 70, 66, 58
L 2655.5700, 3759.0000, 0.0000, 2353.7100, 3708.0300, 0.0000, 70, 66, 58
L 2353.7100, 3708.0300, 0.0000, 2051.8600, 3759.0000, 0.0000, 70, 66, 58
L 2051.8600, 3759.0000, 0.0000, 1750.0000, 3694.6900, 0.0000, 70, 66, 58
L 1750.0000, 3694.6900, 0.0000, 1448.1400, 3759.0000, 0.0000, 70, 66, 58
L 1448.1400, 3759.0000, 0.0000, 1146.2900, 3687.3200, 0.0000, 70, 66, 58
L 1146.2900, 3687.3200, 0.0000, 844.4300, 3759.0000, 0.0000, 70, 66, 58
L 844.4300, 3759.0000, 0.0000, 542.5700, 3718.2100, 0.0000, 70, 66, 58
L 542.5700, 3718.2100, 0.0000, 240.7100, 3759.0000, 0.0000, 70, 66, 58
L 240.7100, 3759.0000, 0.0000, -61.1400, 3700.5600, 0.0000, 70, 66, 58
L -61.1400, 3700.5600, 0.0000, -363.0000, 3759.0000, 0.0000, 70, 66, 58
L -363.0000, 3759.0000, 0.0000, -664.8600, 3707.0600, 0.0000, 70, 66, 58
L -664.8600, 3707.0600, 0.0000, -966.7100, 3759.0000, 0.0000, 70, 66, 58
L -966.7100, 3759.0000, 0.0000, -1268.5700, 3694.4300, 0.0000, 70, 66, 58
L -1268.5700, 3694.4300, 0.0000, -1570.4300, 3759.0000, 0.0000, 70, 66, 58
L -1570.4300, 3759.0000, 0.0000, -1872.2900, 3704.2400, 0.0000, 70, 66, 58
L -1872.2900, 3704.2400, 0.0000, -2174.1400, 3759.0000, 0.0000, 70, 66, 58
L -2174.1400, 3759.0000, 0.0000, -2476.0000, 3728.5900, 0.0000, 70, 66, 58
L -2476.0000, 3728.5900, 0.0000, -2777.8600, 3759.0000, 0.0000, 70, 66, 58
L -2777.8600, 3759.0000, 0.0000, -3079.7100, 3714.0600, 0.0000, 70, 66, 58
L -3079.7100, 3714.0600, 0.0000, -3381.5700, 3759.0000, 0.0000, 70, 66, 58
L -3381.5700, 3759.0000, 0.0000, -3683.4300, 3698.3000, 0.0000, 70, 66, 58
L -3683.4300, 3698.3000, 0.0000, -3985.2900, 3759.0000, 0.0000, 70, 66, 58
L -3985.2900, 3759.0000, 0.0000, -4287.1400, 3720.0400, 0.0000, 70, 66, 58
L -4287.1400, 3720.0400, 0.0000, -4589.0000, 3759.0000, 0.0000, 70, 66, 58
L -4589.0000, 3759.0000, 0.0000, -4509.7400, 3458.5600, 0.0000, 70, 66, 58
L -4509.7400, 3458.5600, 0.0000, -4589.0000, 3158.1200, 0.0000, 70, 66, 58
L -4589.0000, 3158.1200, 0.0000, -4547.5300, 2857.6800, 0.0000, 70, 66, 58
L -4547.5300, 2857.6800, 0.0000, -4589.0000, 2557.2400, 0.0000, 70, 66, 58
L -4589.0000, 2557.2400, 0.0000, -4516.7300, 2256.8000, 0.0000, 70, 66, 58
L -4516.7300, 2256.8000, 0.0000, -4589.0000, 1956.3600, 0.0000, 70, 66, 58
L -4589.0000, 1956.3600, 0.0000, -4537.6400, 1655.9200, 0.0000, 70, 66, 58
L -4537.6400, 1655.9200, 0.0000, -4589.0000, 1355.4800, 0.0000, 70, 66, 58
L -4589.0000, 1355.4800, 0.0000, -4522.5100, 1055.0400, 0.0000, 70, 66, 58
L -4522.5100, 1055.0400, 0.0000, -4589.0000, 754.6000, 0.0000, 70, 66, 58
L -4589.0000, 754.6000, 0.0000, -4517.8400, 454.1600, 0.0000, 70, 66, 58
L -4517.8400, 454.1600, 0.0000, -4589.0000, 153.7200, 0.0000, 70, 66, 58
L -4589.0000, 153.7200, 0.0000, -4536.6900, -146.7200, 0.0000, 70, 66, 58
L -4536.6900, -146.7200, 0.0000, -4589.0000, -447.1600, 0.0000, 70, 66, 58
L -4589.0000, -447.1600, 0.0000, -4524.5800, -747.6000, 0.0000, 70, 66, 58
L -4524.5800, -747.6000, 0.0000, -4589.0000, -1048.0400, 0.0000, 70, 66, 58
L -4589.0000, -1048.0400, 0.0000, -4543.1500, -1348.4800, 0.0000, 70, 66, 58
L -4543.1500, -1348.4800, 0.0000, -4589.0000, -1648.9200, 0.0000, 70, 66, 58
L -4589.0000, -1648.9200, 0.0000, -4540.0800, -1949.3600, 0.0000, 70, 66, 58
L -4540.0800, -1949.3600, 0.0000, -4589.0000, -2249.8000, 0.0000, 70, 66, 58
L -4589.0000, -2249.8000, 0.0000, -4552.1200, -2550.2400, 0.0000, 70, 66, 58
L -4552.1200, -2550.2400, 0.0000, -4589.0000, -2850.6800, 0.0000, 70, 66, 58
L -4589.0000, -2850.6800, 0.0000, -4513.1500, -3151.1200, 0.0000, 70, 66, 58
L -4513.1500, -3151.1200, 0.0000, -4589.0000, -3451.5600, 0.0000, 70, 66, 58
L -4589.0000, -3451.5600, 0.0000, -4509.7500, -3752.0000, 0.0000, 70, 66, 58
L -4469.0000, -3632.0000, 0.0000, -4077.9500, -3609.4500, 0.0000, 110, 96, 74
L -4077.9500, -3609.4500, 0.0000, -3686.9000, -3632.0000, 0.0000, 110, 96, 74
L -3686.9000, -3632.0000, 0.0000, -3295.8600, -3609.3700, 0.0000, 110, 96, 74
L -3295.8600, -3609.3700, 0.0000, -2904.8100, -3632.0000, 0.0000, 110, 96, 74
L -2904.8100, -3632.0000, 0.0000, -2513.7600, -3608.2400, 0.0000, 110, 96, 74
L -2513.7600, -3608.2400, 0.0000, -2122.7100, -3632.0000, 0.0000, 110, 96, 74
L -2122.7100, -3632.0000, 0.0000, -1887.0833, -3617.3637, 0.0000, 110, 96, 74
L -1681.5354, -3610.8241, 0.0000, -1636.4142, -3613.6268, 0.0000, 110, 96, 74
L -1536.1450, -3619.8550, 0.0000, -1536.1450, -3619.8550, 0.0000, 110, 96, 74
L -1526.1181, -3620.4778, 0.0000, -1450.9162, -3625.1490, 0.0000, 110, 96, 74
L -1079.9200, -3617.0800, 0.0000, -1069.8931, -3616.5062, 0.0000, 110, 96, 74
L -899.4354, -3612.4892, 0.0000, -879.3815, -3613.6369, 0.0000, 110, 96, 74
L -779.1123, -3619.3754, 0.0000, -693.8835, -3624.2531, 0.0000, 110, 96, 74
L -162.4665, -3600.7163, 0.0000, -117.3454, -3604.3728, 0.0000, 110, 96, 74
L 63.1392, -3618.9990, 0.0000, 118.2873, -3623.4681, 0.0000, 110, 96, 74
L 238.6104, -3631.1096, 0.0000, 434.1354, -3619.5346, 0.0000, 110, 96, 74
L 609.6065, -3609.1468, 0.0000, 614.6200, -3608.8500, 0.0000, 110, 96, 74
L 614.6200, -3608.8500, 0.0000, 694.8354, -3613.5987, 0.0000, 110, 96, 74
L 840.2258, -3622.2058, 0.0000, 875.3200, -3624.2833, 0.0000, 110, 96, 74
L 990.6296, -3631.1096, 0.0000, 1005.6700, -3632.0000, 0.0000, 110, 96, 74
L 1005.6700, -3632.0000, 0.0000, 1050.7900, -3628.1900, 0.0000, 110, 96, 74
L 1131.0033, -3621.4167, 0.0000, 1396.7100, -3598.9800, 0.0000, 110, 96, 74
L 1396.7100, -3598.9800, 0.0000, 1787.7600, -3632.0000, 0.0000, 110, 96, 74
L 1787.7600, -3632.0000, 0.0000, 2178.8100, -3593.0300, 0.0000, 110, 96, 74
L 2178.8100, -3593.0300, 0.0000, 2569.8600, -3632.0000, 0.0000, 110, 96, 74
L 2569.8600, -3632.0000, 0.0000, 2960.9000, -3609.8600, 0.0000, 110, 96, 74
L 2960.9000, -3609.8600, 0.0000, 3351.9500, -3632.0000, 0.0000, 110, 96, 74
L 3351.9500, -3632.0000, 0.0000, 3743.0000, -3603.4700, 0.0000, 110, 96, 74
L 3743.0000, -3632.0000, 0.0000, 3705.5400, -3228.0600, 0.0000, 110, 96, 74
L 3705.5400, -3228.0600, 0.0000, 3743.0000, -2824.1100, 0.0000, 110, 96, 74
L 3743.0000, -2824.1100, 0.0000, 3714.2600, -2420.1700, 0.0000, 110, 96, 74
L 3714.2600, -2420.1700, 0.0000, 3743.0000, -2016.2200, 0.0000, 110, 96, 74
L 3743.0000, -2016.2200, 0.0000, 3720.3300, -1612.2800, 0.0000, 110, 96, 74
L 3720.3300, -1612.2800, 0.0000, 3743.0000, -1208.3300, 0.0000, 110, 96, 74
L 3743.0000, -1208.3300, 0.0000, 3714.6300, -804.3900, 0.0000, 110, 96, 74
L 3714.6300, -804.3900, 0.0000, 3743.0000, -400.4400, 0.0000, 110, 96, 74
L 3743.0000, -400.4400, 0.0000, 3716.6600, 3.5000, 0.0000, 110, 96, 74
L 3716.6600, 3.5000, 0.0000, 3743.0000, 407.4400, 0.0000, 110, 96, 74
L 3743.0000, 407.4400, 0.0000, 3710.9000, 811.3900, 0.0000, 110, 96, 74
L 3710.9000, 811.3900, 0.0000, 3743.0000, 1215.3300, 0.0000, 110, 96, 74
L 3743.0000, 1215.3300, 0.0000, 3719.8600, 1619.2800, 0.0000, 110, 96, 74
L 3719.8600, 1619.2800, 0.0000, 3743.0000, 2023.2200, 0.0000, 110, 96, 74
L 3743.0000, 2023.2200, 0.0000, 3719.9500, 2427.1700, 0.0000, 110, 96, 74
L 3719.9500, 2427.1700, 0.0000, 3743.0000, 2831.1100, 0.0000, 110, 96, 74
L 3743.0000, 2831.1100, 0.0000, 3699.9200, 3235.0600, 0.0000, 110, 96, 74
L 3699.9200, 3235.0600, 0.0000, 3743.0000, 3639.0000, 0.0000, 110, 96, 74
L 3743.0000, 3639.0000, 0.0000, 3351.9500, 3613.5700, 0.0000, 110, 96, 74
L 3351.9500, 3613.5700, 0.0000, 2960.9000, 3639.0000, 0.0000, 110, 96, 74
L 2960.9000, 3639.0000, 0.0000, 2569.8600, 3613.4000, 0.0000, 110, 96, 74
L 2569.8600, 3613.4000, 0.0000, 2178.8100, 3639.0000, 0.0000, 110, 96, 74
L 2178.8100, 3639.0000, 0.0000, 1787.7600, 3606.3100, 0.0000, 110, 96, 74
L 1787.7600, 3606.3100, 0.0000, 1396.7100, 3639.0000, 0.0000, 110, 96, 74
L 1396.7100, 3639.0000, 0.0000, 1005.6700, 3610.8900, 0.0000, 110, 96, 74
L 1005.6700, 3610.8900, 0.0000, 614.6200, 3639.0000, 0.0000, 110, 96, 74
L 614.6200, 3639.0000, 0.0000, 223.5700, 3595.7000, 0.0000, 110, 96, 74
L 223.5700, 3595.7000, 0.0000, -167.4800, 3639.0000, 0.0000, 110, 96, 74
L -167.4800, 3639.0000, 0.0000, -558.5200, 3603.2300, 0.0000, 110, 96, 74
L -558.5200, 3603.2300, 0.0000, -949.5700, 3639.0000, 0.0000, 110, 96, 74
L -949.5700, 3639.0000, 0.0000, -1340.6200, 3605.6300, 0.0000, 110, 96, 74
L -1340.6200, 3605.6300, 0.0000, -1731.6700, 3639.0000, 0.0000, 110, 96, 74
L -1731.6700, 3639.0000, 0.0000, -2122.7100, 3595.3100, 0.0000, 110, 96, 74
L -2122.7100, 3595.3100, 0.0000, -2513.7600, 3639.0000, 0.0000, 110, 96, 74
L -2513.7600, 3639.0000, 0.0000, -2904.8100, 3601.7100, 0.0000, 110, 96, 74
L -2904.8100, 3601.7100, 0.0000, -3295.8600, 3639.0000, 0.0000, 110, 96, 74
L -3295.8600, 3639.0000, 0.0000, -3686.9000, 3620.0700, 0.0000, 110, 96, 74
L -3686.9000, 3620.0700, 0.0000, -4077.9500, 3639.0000, 0.0000, 110, 96, 74
L -4077.9500, 3639.0000, 0.0000, -4469.0000, 3605.8000, 0.0000, 110, 96, 74
L -4469.0000, 3639.0000, 0.0000, -4450.7400, 3235.0600, 0.0000, 110, 96, 74
L -4450.7400, 3235.0600, 0.0000, -4469.0000, 2831.1100, 0.0000, 110, 96, 74
L -4469.0000, 2831.1100, 0.0000, -4450.1500, 2427.1700, 0.0000, 110, 96, 74
L -4450.1500, 2427.1700, 0.0000, -4469.0000, 2023.2200, 0.0000, 110, 96, 74
L -4469.0000, 2023.2200, 0.0000, -4432.1200, 1619.2800, 0.0000, 110, 96, 74
L -4432.1200, 1619.2800, 0.0000, -4469.0000, 1215.3300, 0.0000, 110, 96, 74
L -4469.0000, 1215.3300, 0.0000, -4435.7100, 811.3900, 0.0000, 110, 96, 74
L -4435.7100, 811.3900, 0.0000, -4469.0000, 407.4400, 0.0000, 110, 96, 74
L -4469.0000, 407.4400, 0.0000, -4429.2800, 3.5000, 0.0000, 110, 96, 74
L -4429.2800, 3.5000, 0.0000, -4469.0000, -400.4400, 0.0000, 110, 96, 74
L -4469.0000, -400.4400, 0.0000, -4427.9900, -804.3900, 0.0000, 110, 96, 74
L -4427.9900, -804.3900, 0.0000, -4469.0000, -1208.3300, 0.0000, 110, 96, 74
L -4469.0000, -1208.3300, 0.0000, -4444.1200, -1612.2800, 0.0000, 110, 96, 74
L -4444.1200, -1612.2800, 0.0000, -4469.0000, -2016.2200, 0.0000, 110, 96, 74
L -4469.0000, -2016.2200, 0.0000, -4444.7500, -2420.1700, 0.0000, 110, 96, 74
L -4444.7500, -2420.1700, 0.0000, -4469.0000, -2824.1100, 0.0000, 110, 96, 74
L -4469.0000, -2824.1100, 0.0000, -4438.8300, -3228.0600, 0.0000, 110, 96, 74
L -4438.8300, -3228.0600, 0.0000, -4469.0000, -3632.0000, 0.0000, 110, 96, 74
L -4379.0000, -3519.0000, 0.0000, -4402.0000, -3565.0000, 0.0000, 70, 66, 58
L -4393.7200, -3555.8000, 0.0000, -4407.5200, -3557.6400, 0.0000, 90, 96, 108
L -4407.5200, -3557.6400, 0.0000, -4406.6000, -3545.6800, 0.0000, 90, 96, 108
L -4406.6000, -3545.6800, 0.0000, -4392.8000, -3547.5200, 0.0000, 90, 96, 108
L -4392.8000, -3547.5200, 0.0000, -4393.7200, -3555.8000, 0.0000, 90, 96, 108
L -4379.0000, -3519.0000, 0.0000, -4356.0000, -3565.0000, 0.0000, 70, 66, 58
L -4364.2800, -3555.8000, 0.0000, -4350.4800, -3557.6400, 0.0000, 90, 96, 108
L -4350.4800, -3557.6400, 0.0000, -4351.4000, -3545.6800, 0.0000, 90, 96, 108
L -4351.4000, -3545.6800, 0.0000, -4365.2000, -3547.5200, 0.0000, 90, 96, 108
L -4365.2000, -3547.5200, 0.0000, -4364.2800, -3555.8000, 0.0000, 90, 96, 108
L 3653.0000, -3519.0000, 0.0000, 3630.0000, -3565.0000, 0.0000, 70, 66, 58
L 3638.2800, -3555.8000, 0.0000, 3624.4800, -3557.6400, 0.0000, 90, 96, 108
L 3624.4800, -3557.6400, 0.0000, 3625.4000, -3545.6800, 0.0000, 90, 96, 108
L 3625.4000, -3545.6800, 0.0000, 3639.2000, -3547.5200, 0.0000, 90, 96, 108
L 3639.2000, -3547.5200, 0.0000, 3638.2800, -3555.8000, 0.0000, 90, 96, 108
L 3653.0000, -3519.0000, 0.0000, 3676.0000, -3565.0000, 0.0000, 70, 66, 58
L 3667.7200, -3555.8000, 0.0000, 3681.5200, -3557.6400, 0.0000, 90, 96, 108
L 3681.5200, -3557.6400, 0.0000, 3680.6000, -3545.6800, 0.0000, 90, 96, 108
L 3680.6000, -3545.6800, 0.0000, 3666.8000, -3547.5200, 0.0000, 90, 96, 108
L 3666.8000, -3547.5200, 0.0000, 3667.7200, -3555.8000, 0.0000, 90, 96, 108
L -4379.0000, 3572.0000, 0.0000, -4402.0000, 3526.0000, 0.0000, 70, 66, 58
L -4393.7200, 3535.2000, 0.0000, -4407.5200, 3533.3600, 0.0000, 90, 96, 108
L -4407.5200, 3533.3600, 0.0000, -4406.6000, 3545.3200, 0.0000, 90, 96, 108
L -4406.6000, 3545.3200, 0.0000, -4392.8000, 3543.4800, 0.0000, 90, 96, 108
L -4392.8000, 3543.4800, 0.0000, -4393.7200, 3535.2000, 0.0000, 90, 96, 108
L -4379.0000, 3572.0000, 0.0000, -4356.0000, 3526.0000, 0.0000, 70, 66, 58
L -4364.2800, 3535.2000, 0.0000, -4350.4800, 3533.3600, 0.0000, 90, 96, 108
L -4350.4800, 3533.3600, 0.0000, -4351.4000, 3545.3200, 0.0000, 90, 96, 108
L -4351.4000, 3545.3200, 0.0000, -4365.2000, 3543.4800, 0.0000, 90, 96, 108
L -4365.2000, 3543.4800, 0.0000, -4364.2800, 3535.2000, 0.0000, 90, 96, 108
L 3653.0000, 3572.0000, 0.0000, 3630.0000, 3526.0000, 0.0000, 70, 66, 58
L 3638.2800, 3535.2000, 0.0000, 3624.4800, 3533.3600, 0.0000, 90, 96, 108
L 3624.4800, 3533.3600, 0.0000, 3625.4000, 3545.3200, 0.0000, 90, 96, 108
L 3625.4000, 3545.3200, 0.0000, 3639.2000, 3543.4800, 0.0000, 90, 96, 108
L 3639.2000, 3543.4800, 0.0000, 3638.2800, 3535.2000, 0.0000, 90, 96, 108
L 3653.0000, 3572.0000, 0.0000, 3676.0000, 3526.0000, 0.0000, 70, 66, 58
L 3667.7200, 3535.2000, 0.0000, 3681.5200, 3533.3600, 0.0000, 90, 96, 108
L 3681.5200, 3533.3600, 0.0000, 3680.6000, 3545.3200, 0.0000, 90, 96, 108
L 3680.6000, 3545.3200, 0.0000, 3666.8000, 3543.4800, 0.0000, 90, 96, 108
L 3666.8000, 3543.4800, 0.0000, 3667.7200, 3535.2000, 0.0000, 90, 96, 108
L -1848.00, -3332.00, 0.0000, -1848.00, -3632.00, 0.0000, 70, 66, 58
L -1844.00, -3332.00, 0.0000, -1844.00, -3632.00, 0.0000, 70, 66, 58
L -1848.00, -3328.00, 0.0000, -1848.00, -3628.00, 0.0000, 70, 66, 58
L -1839.00, -3321.00, 0.0000, -1839.00, -3621.00, 0.0000, 120, 104, 80
L -1848.00, -3632.00, 0.0000, -1685.64, -3578.00, 0.0000, 70, 66, 58
L -1844.00, -3632.00, 0.0000, -1681.64, -3578.00, 0.0000, 70, 66, 58
L -1848.00, -3628.00, 0.0000, -1685.64, -3574.00, 0.0000, 70, 66, 58
L -1839.00, -3621.00, 0.0000, -1676.64, -3567.00, 0.0000, 120, 104, 80
L -1685.64, -3578.00, 0.0000, -1739.10, -3497.00, 0.0000, 70, 66, 58
L -1681.64, -3578.00, 0.0000, -1735.10, -3497.00, 0.0000, 70, 66, 58
L -1685.64, -3574.00, 0.0000, -1739.10, -3493.00, 0.0000, 70, 66, 58
L -1676.64, -3567.00, 0.0000, -1730.10, -3486.00, 0.0000, 120, 104, 80
L -1739.10, -3497.00, 0.0000, -1848.00, -3488.00, 0.0000, 70, 66, 58
L -1735.10, -3497.00, 0.0000, -1844.00, -3488.00, 0.0000, 70, 66, 58
L -1739.10, -3493.00, 0.0000, -1848.00, -3484.00, 0.0000, 70, 66, 58
L -1730.10, -3486.00, 0.0000, -1839.00, -3477.00, 0.0000, 120, 104, 80
L -1848.00, -3488.00, 0.0000, -1661.88, -3416.00, 0.0000, 70, 66, 58
L -1844.00, -3488.00, 0.0000, -1657.88, -3416.00, 0.0000, 70, 66, 58
L -1848.00, -3484.00, 0.0000, -1661.88, -3412.00, 0.0000, 70, 66, 58
L -1839.00, -3477.00, 0.0000, -1652.88, -3405.00, 0.0000, 120, 104, 80
L -1661.88, -3416.00, 0.0000, -1725.24, -3332.00, 0.0000, 70, 66, 58
L -1657.88, -3416.00, 0.0000, -1721.24, -3332.00, 0.0000, 70, 66, 58
L -1661.88, -3412.00, 0.0000, -1725.24, -3328.00, 0.0000, 70, 66, 58
L -1652.88, -3405.00, 0.0000, -1716.24, -3321.00, 0.0000, 120, 104, 80
L -1725.24, -3332.00, 0.0000, -1848.00, -3332.00, 0.0000, 70, 66, 58
L -1721.24, -3332.00, 0.0000, -1844.00, -3332.00, 0.0000, 70, 66, 58
L -1725.24, -3328.00, 0.0000, -1848.00, -3328.00, 0.0000, 70, 66, 58
L -1716.24, -3321.00, 0.0000, -1839.00, -3321.00, 0.0000, 120, 104, 80
L -1871.76, -3332.00, 0.0000, -1820.28, -3332.00, 0.0000, 70, 66, 58
L -1867.76, -3332.00, 0.0000, -1816.28, -3332.00, 0.0000, 70, 66, 58
L -1871.76, -3328.00, 0.0000, -1820.28, -3328.00, 0.0000, 70, 66, 58
L -1862.76, -3321.00, 0.0000, -1811.28, -3321.00, 0.0000, 120, 104, 80
L -1871.76, -3632.00, 0.0000, -1820.28, -3632.00, 0.0000, 70, 66, 58
L -1867.76, -3632.00, 0.0000, -1816.28, -3632.00, 0.0000, 70, 66, 58
L -1871.76, -3628.00, 0.0000, -1820.28, -3628.00, 0.0000, 70, 66, 58
L -1862.76, -3621.00, 0.0000, -1811.28, -3621.00, 0.0000, 120, 104, 80
L -1871.76, -3632.00, 0.0000, -1820.28, -3632.00, 0.0000, 70, 66, 58
L -1867.76, -3632.00, 0.0000, -1816.28, -3632.00, 0.0000, 70, 66, 58
L -1871.76, -3628.00, 0.0000, -1820.28, -3628.00, 0.0000, 70, 66, 58
L -1862.76, -3621.00, 0.0000, -1811.28, -3621.00, 0.0000, 120, 104, 80
L -1871.76, -3332.00, 0.0000, -1820.28, -3332.00, 0.0000, 70, 66, 58
L -1867.76, -3332.00, 0.0000, -1816.28, -3332.00, 0.0000, 70, 66, 58
L -1871.76, -3328.00, 0.0000, -1820.28, -3328.00, 0.0000, 70, 66, 58
L -1862.76, -3321.00, 0.0000, -1811.28, -3321.00, 0.0000, 120, 104, 80
L -1596.00, -3632.00, 0.0000, -1580.16, -3374.00, 0.0000, 70, 66, 58
L -1592.00, -3632.00, 0.0000, -1576.16, -3374.00, 0.0000, 70, 66, 58
L -1596.00, -3628.00, 0.0000, -1580.16, -3370.00, 0.0000, 70, 66, 58
L -1587.00, -3621.00, 0.0000, -1571.16, -3363.00, 0.0000, 120, 104, 80
L -1580.16, -3374.00, 0.0000, -1497.00, -3332.00, 0.0000, 70, 66, 58
L -1576.16, -3374.00, 0.0000, -1493.00, -3332.00, 0.0000, 70, 66, 58
L -1580.16, -3370.00, 0.0000, -1497.00, -3328.00, 0.0000, 70, 66, 58
L -1571.16, -3363.00, 0.0000, -1488.00, -3321.00, 0.0000, 120, 104, 80
L -1497.00, -3332.00, 0.0000, -1413.84, -3374.00, 0.0000, 70, 66, 58
L -1493.00, -3332.00, 0.0000, -1409.84, -3374.00, 0.0000, 70, 66, 58
L -1497.00, -3328.00, 0.0000, -1413.84, -3370.00, 0.0000, 70, 66, 58
L -1488.00, -3321.00, 0.0000, -1404.84, -3363.00, 0.0000, 120, 104, 80
L -1413.84, -3374.00, 0.0000, -1398.00, -3632.00, 0.0000, 70, 66, 58
L -1409.84, -3374.00, 0.0000, -1394.00, -3632.00, 0.0000, 70, 66, 58
L -1413.84, -3370.00, 0.0000, -1398.00, -3628.00, 0.0000, 70, 66, 58
L -1404.84, -3363.00, 0.0000, -1389.00, -3621.00, 0.0000, 120, 104, 80
L -1619.76, -3632.00, 0.0000, -1568.28, -3632.00, 0.0000, 70, 66, 58
L -1615.76, -3632.00, 0.0000, -1564.28, -3632.00, 0.0000, 70, 66, 58
L -1619.76, -3628.00, 0.0000, -1568.28, -3628.00, 0.0000, 70, 66, 58
L -1610.76, -3621.00, 0.0000, -1559.28, -3621.00, 0.0000, 120, 104, 80
L -1421.76, -3632.00, 0.0000, -1370.28, -3632.00, 0.0000, 70, 66, 58
L -1417.76, -3632.00, 0.0000, -1366.28, -3632.00, 0.0000, 70, 66, 58
L -1421.76, -3628.00, 0.0000, -1370.28, -3628.00, 0.0000, 70, 66, 58
L -1412.76, -3621.00, 0.0000, -1361.28, -3621.00, 0.0000, 120, 104, 80
L -1344.00, -3632.00, 0.0000, -1146.00, -3632.00, 0.0000, 70, 66, 58
L -1340.00, -3632.00, 0.0000, -1142.00, -3632.00, 0.0000, 70, 66, 58
L -1344.00, -3628.00, 0.0000, -1146.00, -3628.00, 0.0000, 70, 66, 58
L -1335.00, -3621.00, 0.0000, -1137.00, -3621.00, 0.0000, 120, 104, 80
L -1245.00, -3632.00, 0.0000, -1245.00, -3332.00, 0.0000, 70, 66, 58
L -1241.00, -3632.00, 0.0000, -1241.00, -3332.00, 0.0000, 70, 66, 58
L -1245.00, -3628.00, 0.0000, -1245.00, -3328.00, 0.0000, 70, 66, 58
L -1236.00, -3621.00, 0.0000, -1236.00, -3321.00, 0.0000, 120, 104, 80
L -1280.64, -3632.00, 0.0000, -1280.64, -3590.00, 0.0000, 70, 66, 58
L -1276.64, -3632.00, 0.0000, -1276.64, -3590.00, 0.0000, 70, 66, 58
L -1280.64, -3628.00, 0.0000, -1280.64, -3586.00, 0.0000, 70, 66, 58
L -1271.64, -3621.00, 0.0000, -1271.64, -3579.00, 0.0000, 120, 104, 80
L -1209.36, -3632.00, 0.0000, -1209.36, -3590.00, 0.0000, 70, 66, 58
L -1205.36, -3632.00, 0.0000, -1205.36, -3590.00, 0.0000, 70, 66, 58
L -1209.36, -3628.00, 0.0000, -1209.36, -3586.00, 0.0000, 70, 66, 58
L -1200.36, -3621.00, 0.0000, -1200.36, -3579.00, 0.0000, 120, 104, 80
L -1367.76, -3632.00, 0.0000, -1316.28, -3632.00, 0.0000, 70, 66, 58
L -1363.76, -3632.00, 0.0000, -1312.28, -3632.00, 0.0000, 70, 66, 58
L -1367.76, -3628.00, 0.0000, -1316.28, -3628.00, 0.0000, 70, 66, 58
L -1358.76, -3621.00, 0.0000, -1307.28, -3621.00, 0.0000, 120, 104, 80
L -1169.76, -3632.00, 0.0000, -1118.28, -3632.00, 0.0000, 70, 66, 58
L -1165.76, -3632.00, 0.0000, -1114.28, -3632.00, 0.0000, 70, 66, 58
L -1169.76, -3628.00, 0.0000, -1118.28, -3628.00, 0.0000, 70, 66, 58
L -1160.76, -3621.00, 0.0000, -1109.28, -3621.00, 0.0000, 120, 104, 80
L -1268.76, -3632.00, 0.0000, -1217.28, -3632.00, 0.0000, 70, 66, 58
L -1264.76, -3632.00, 0.0000, -1213.28, -3632.00, 0.0000, 70, 66, 58
L -1268.76, -3628.00, 0.0000, -1217.28, -3628.00, 0.0000, 70, 66, 58
L -1259.76, -3621.00, 0.0000, -1208.28, -3621.00, 0.0000, 120, 104, 80
L -1268.76, -3332.00, 0.0000, -1217.28, -3332.00, 0.0000, 70, 66, 58
L -1264.76, -3332.00, 0.0000, -1213.28, -3332.00, 0.0000, 70, 66, 58
L -1268.76, -3328.00, 0.0000, -1217.28, -3328.00, 0.0000, 70, 66, 58
L -1259.76, -3321.00, 0.0000, -1208.28, -3321.00, 0.0000, 120, 104, 80
L -894.00, -3572.00, 0.0000, -993.00, -3632.00, 0.0000, 70, 66, 58
L -890.00, -3572.00, 0.0000, -989.00, -3632.00, 0.0000, 70, 66, 58
L -894.00, -3568.00, 0.0000, -993.00, -3628.00, 0.0000, 70, 66, 58
L -885.00, -3561.00, 0.0000, -984.00, -3621.00, 0.0000, 120, 104, 80
L -993.00, -3632.00, 0.0000, -1076.16, -3578.00, 0.0000, 70, 66, 58
L -989.00, -3632.00, 0.0000, -1072.16, -3578.00, 0.0000, 70, 66, 58
L -993.00, -3628.00, 0.0000, -1076.16, -3574.00, 0.0000, 70, 66, 58
L -984.00, -3621.00, 0.0000, -1067.16, -3567.00, 0.0000, 120, 104, 80
L -1076.16, -3578.00, 0.0000, -1092.00, -3482.00, 0.0000, 70, 66, 58
L -1072.16, -3578.00, 0.0000, -1088.00, -3482.00, 0.0000, 70, 66, 58
L -1076.16, -3574.00, 0.0000, -1092.00, -3478.00, 0.0000, 70, 66, 58
L -1067.16, -3567.00, 0.0000, -1083.00, -3471.00, 0.0000, 120, 104, 80
L -1092.00, -3482.00, 0.0000, -1076.16, -3386.00, 0.0000, 70, 66, 58
L -1088.00, -3482.00, 0.0000, -1072.16, -3386.00, 0.0000, 70, 66, 58
L -1092.00, -3478.00, 0.0000, -1076.16, -3382.00, 0.0000, 70, 66, 58
L -1083.00, -3471.00, 0.0000, -1067.16, -3375.00, 0.0000, 120, 104, 80
L -1076.16, -3386.00, 0.0000, -993.00, -3332.00, 0.0000, 70, 66, 58
L -1072.16, -3386.00, 0.0000, -989.00, -3332.00, 0.0000, 70, 66, 58
L -1076.16, -3382.00, 0.0000, -993.00, -3328.00, 0.0000, 70, 66, 58
L -1067.16, -3375.00, 0.0000, -984.00, -3321.00, 0.0000, 120, 104, 80
L -993.00, -3332.00, 0.0000, -894.00, -3392.00, 0.0000, 70, 66, 58
L -989.00, -3332.00, 0.0000, -890.00, -3392.00, 0.0000, 70, 66, 58
L -993.00, -3328.00, 0.0000, -894.00, -3388.00, 0.0000, 70, 66, 58
L -984.00, -3321.00, 0.0000, -885.00, -3381.00, 0.0000, 120, 104, 80
L -840.00, -3332.00, 0.0000, -840.00, -3632.00, 0.0000, 70, 66, 58
L -836.00, -3332.00, 0.0000, -836.00, -3632.00, 0.0000, 70, 66, 58
L -840.00, -3328.00, 0.0000, -840.00, -3628.00, 0.0000, 70, 66, 58
L -831.00, -3321.00, 0.0000, -831.00, -3621.00, 0.0000, 120, 104, 80
L -642.00, -3332.00, 0.0000, -642.00, -3632.00, 0.0000, 70, 66, 58
L -638.00, -3332.00, 0.0000, -638.00, -3632.00, 0.0000, 70, 66, 58
L -642.00, -3328.00, 0.0000, -642.00, -3628.00, 0.0000, 70, 66, 58
L -633.00, -3321.00, 0.0000, -633.00, -3621.00, 0.0000, 120, 104, 80
L -840.00, -3482.00, 0.0000, -642.00, -3482.00, 0.0000, 70, 66, 58
L -836.00, -3482.00, 0.0000, -638.00, -3482.00, 0.0000, 70, 66, 58
L -840.00, -3478.00, 0.0000, -642.00, -3478.00, 0.0000, 70, 66, 58
L -831.00, -3471.00, 0.0000, -633.00, -3471.00, 0.0000, 120, 104, 80
L -863.76, -3332.00, 0.0000, -812.28, -3332.00, 0.0000, 70, 66, 58
L -859.76, -3332.00, 0.0000, -808.28, -3332.00, 0.0000, 70, 66, 58
L -863.76, -3328.00, 0.0000, -812.28, -3328.00, 0.0000, 70, 66, 58
L -854.76, -3321.00, 0.0000, -803.28, -3321.00, 0.0000, 120, 104, 80
L -863.76, -3632.00, 0.0000, -812.28, -3632.00, 0.0000, 70, 66, 58
L -859.76, -3632.00, 0.0000, -808.28, -3632.00, 0.0000, 70, 66, 58
L -863.76, -3628.00, 0.0000, -812.28, -3628.00, 0.0000, 70, 66, 58
L -854.76, -3621.00, 0.0000, -803.28, -3621.00, 0.0000, 120, 104, 80
L -665.76, -3332.00, 0.0000, -614.28, -3332.00, 0.0000, 70, 66, 58
L -661.76, -3332.00, 0.0000, -610.28, -3332.00, 0.0000, 70, 66, 58
L -665.76, -3328.00, 0.0000, -614.28, -3328.00, 0.0000, 70, 66, 58
L -656.76, -3321.00, 0.0000, -605.28, -3321.00, 0.0000, 120, 104, 80
L -665.76, -3632.00, 0.0000, -614.28, -3632.00, 0.0000, 70, 66, 58
L -661.76, -3632.00, 0.0000, -610.28, -3632.00, 0.0000, 70, 66, 58
L -665.76, -3628.00, 0.0000, -614.28, -3628.00, 0.0000, 70, 66, 58
L -656.76, -3621.00, 0.0000, -605.28, -3621.00, 0.0000, 120, 104, 80
L -390.00, -3632.00, 0.0000, -588.00, -3632.00, 0.0000, 70, 66, 58
L -386.00, -3632.00, 0.0000, -584.00, -3632.00, 0.0000, 70, 66, 58
L -390.00, -3628.00, 0.0000, -588.00, -3628.00, 0.0000, 70, 66, 58
L -381.00, -3621.00, 0.0000, -579.00, -3621.00, 0.0000, 120, 104, 80
L -588.00, -3632.00, 0.0000, -588.00, -3332.00, 0.0000, 70, 66, 58
L -584.00, -3632.00, 0.0000, -584.00, -3332.00, 0.0000, 70, 66, 58
L -588.00, -3628.00, 0.0000, -588.00, -3328.00, 0.0000, 70, 66, 58
L -579.00, -3621.00, 0.0000, -579.00, -3321.00, 0.0000, 120, 104, 80
L -588.00, -3332.00, 0.0000, -390.00, -3332.00, 0.0000, 70, 66, 58
L -584.00, -3332.00, 0.0000, -386.00, -3332.00, 0.0000, 70, 66, 58
L -588.00, -3328.00, 0.0000, -390.00, -3328.00, 0.0000, 70, 66, 58
L -579.00, -3321.00, 0.0000, -381.00, -3321.00, 0.0000, 120, 104, 80
L -588.00, -3482.00, 0.0000, -445.44, -3482.00, 0.0000, 70, 66, 58
L -584.00, -3482.00, 0.0000, -441.44, -3482.00, 0.0000, 70, 66, 58
L -588.00, -3478.00, 0.0000, -445.44, -3478.00, 0.0000, 70, 66, 58
L -579.00, -3471.00, 0.0000, -436.44, -3471.00, 0.0000, 120, 104, 80
L -413.76, -3632.00, 0.0000, -362.28, -3632.00, 0.0000, 70, 66, 58
L -409.76, -3632.00, 0.0000, -358.28, -3632.00, 0.0000, 70, 66, 58
L -413.76, -3628.00, 0.0000, -362.28, -3628.00, 0.0000, 70, 66, 58
L -404.76, -3621.00, 0.0000, -353.28, -3621.00, 0.0000, 120, 104, 80
L -413.76, -3332.00, 0.0000, -362.28, -3332.00, 0.0000, 70, 66, 58
L -409.76, -3332.00, 0.0000, -358.28, -3332.00, 0.0000, 70, 66, 58
L -413.76, -3328.00, 0.0000, -362.28, -3328.00, 0.0000, 70, 66, 58
L -404.76, -3321.00, 0.0000, -353.28, -3321.00, 0.0000, 120, 104, 80
L -336.00, -3332.00, 0.0000, -336.00, -3632.00, 0.0000, 70, 66, 58
L -332.00, -3332.00, 0.0000, -332.00, -3632.00, 0.0000, 70, 66, 58
L -336.00, -3328.00, 0.0000, -336.00, -3628.00, 0.0000, 70, 66, 58
L -327.00, -3321.00, 0.0000, -327.00, -3621.00, 0.0000, 120, 104, 80
L -336.00, -3632.00, 0.0000, -173.64, -3578.00, 0.0000, 70, 66, 58
L -332.00, -3632.00, 0.0000, -169.64, -3578.00, 0.0000, 70, 66, 58
L -336.00, -3628.00, 0.0000, -173.64, -3574.00, 0.0000, 70, 66, 58
L -327.00, -3621.00, 0.0000, -164.64, -3567.00, 0.0000, 120, 104, 80
L -173.64, -3578.00, 0.0000, -227.10, -3497.00, 0.0000, 70, 66, 58
L -169.64, -3578.00, 0.0000, -223.10, -3497.00, 0.0000, 70, 66, 58
L -173.64, -3574.00, 0.0000, -227.10, -3493.00, 0.0000, 70, 66, 58
L -164.64, -3567.00, 0.0000, -218.10, -3486.00, 0.0000, 120, 104, 80
L -227.10, -3497.00, 0.0000, -336.00, -3488.00, 0.0000, 70, 66, 58
L -223.10, -3497.00, 0.0000, -332.00, -3488.00, 0.0000, 70, 66, 58
L -227.10, -3493.00, 0.0000, -336.00, -3484.00, 0.0000, 70, 66, 58
L -218.10, -3486.00, 0.0000, -327.00, -3477.00, 0.0000, 120, 104, 80
L -252.84, -3488.00, 0.0000, -138.00, -3332.00, 0.0000, 70, 66, 58
L -248.84, -3488.00, 0.0000, -134.00, -3332.00, 0.0000, 70, 66, 58
L -252.84, -3484.00, 0.0000, -138.00, -3328.00, 0.0000, 70, 66, 58
L -243.84, -3477.00, 0.0000, -129.00, -3321.00, 0.0000, 120, 104, 80
L -359.76, -3332.00, 0.0000, -308.28, -3332.00, 0.0000, 70, 66, 58
L -355.76, -3332.00, 0.0000, -304.28, -3332.00, 0.0000, 70, 66, 58
L -359.76, -3328.00, 0.0000, -308.28, -3328.00, 0.0000, 70, 66, 58
L -350.76, -3321.00, 0.0000, -299.28, -3321.00, 0.0000, 120, 104, 80
L -359.76, -3632.00, 0.0000, -308.28, -3632.00, 0.0000, 70, 66, 58
L -355.76, -3632.00, 0.0000, -304.28, -3632.00, 0.0000, 70, 66, 58
L -359.76, -3628.00, 0.0000, -308.28, -3628.00, 0.0000, 70, 66, 58
L -350.76, -3621.00, 0.0000, -299.28, -3621.00, 0.0000, 120, 104, 80
L -359.76, -3632.00, 0.0000, -308.28, -3632.00, 0.0000, 70, 66, 58
L -355.76, -3632.00, 0.0000, -304.28, -3632.00, 0.0000, 70, 66, 58
L -359.76, -3628.00, 0.0000, -308.28, -3628.00, 0.0000, 70, 66, 58
L -350.76, -3621.00, 0.0000, -299.28, -3621.00, 0.0000, 120, 104, 80
L -161.76, -3332.00, 0.0000, -110.28, -3332.00, 0.0000, 70, 66, 58
L -157.76, -3332.00, 0.0000, -106.28, -3332.00, 0.0000, 70, 66, 58
L -161.76, -3328.00, 0.0000, -110.28, -3328.00, 0.0000, 70, 66, 58
L -152.76, -3321.00, 0.0000, -101.28, -3321.00, 0.0000, 120, 104, 80
L -84.00, -3332.00, 0.0000, -84.00, -3632.00, 0.0000, 70, 66, 58
L -80.00, -3332.00, 0.0000, -80.00, -3632.00, 0.0000, 70, 66, 58
L -84.00, -3328.00, 0.0000, -84.00, -3628.00, 0.0000, 70, 66, 58
L -75.00, -3321.00, 0.0000, -75.00, -3621.00, 0.0000, 120, 104, 80
L -84.00, -3632.00, 0.0000, 78.36, -3578.00, 0.0000, 70, 66, 58
L -80.00, -3632.00, 0.0000, 82.36, -3578.00, 0.0000, 70, 66, 58
L -84.00, -3628.00, 0.0000, 78.36, -3574.00, 0.0000, 70, 66, 58
L -75.00, -3621.00, 0.0000, 87.36, -3567.00, 0.0000, 120, 104, 80
L 78.36, -3578.00, 0.0000, 24.90, -3497.00, 0.0000, 70, 66, 58
L 82.36, -3578.00, 0.0000, 28.90, -3497.00, 0.0000, 70, 66, 58
L 78.36, -3574.00, 0.0000, 24.90, -3493.00, 0.0000, 70, 66, 58
L 87.36, -3567.00, 0.0000, 33.90, -3486.00, 0.0000, 120, 104, 80
L 24.90, -3497.00, 0.0000, -84.00, -3488.00, 0.0000, 70, 66, 58
L 28.90, -3497.00, 0.0000, -80.00, -3488.00, 0.0000, 70, 66, 58
L 24.90, -3493.00, 0.0000, -84.00, -3484.00, 0.0000, 70, 66, 58
L 33.90, -3486.00, 0.0000, -75.00, -3477.00, 0.0000, 120, 104, 80
L -84.00, -3488.00, 0.0000, 102.12, -3416.00, 0.0000, 70, 66, 58
L -80.00, -3488.00, 0.0000, 106.12, -3416.00, 0.0000, 70, 66, 58
L -84.00, -3484.00, 0.0000, 102.12, -3412.00, 0.0000, 70, 66, 58
L -75.00, -3477.00, 0.0000, 111.12, -3405.00, 0.0000, 120, 104, 80
L 102.12, -3416.00, 0.0000, 38.76, -3332.00, 0.0000, 70, 66, 58
L 106.12, -3416.00, 0.0000, 42.76, -3332.00, 0.0000, 70, 66, 58
L 102.12, -3412.00, 0.0000, 38.76, -3328.00, 0.0000, 70, 66, 58
L 111.12, -3405.00, 0.0000, 47.76, -3321.00, 0.0000, 120, 104, 80
L 38.76, -3332.00, 0.0000, -84.00, -3332.00, 0.0000, 70, 66, 58
L 42.76, -3332.00, 0.0000, -80.00, -3332.00, 0.0000, 70, 66, 58
L 38.76, -3328.00, 0.0000, -84.00, -3328.00, 0.0000, 70, 66, 58
L 47.76, -3321.00, 0.0000, -75.00, -3321.00, 0.0000, 120, 104, 80
L -107.76, -3332.00, 0.0000, -56.28, -3332.00, 0.0000, 70, 66, 58
L -103.76, -3332.00, 0.0000, -52.28, -3332.00, 0.0000, 70, 66, 58
L -107.76, -3328.00, 0.0000, -56.28, -3328.00, 0.0000, 70, 66, 58
L -98.76, -3321.00, 0.0000, -47.28, -3321.00, 0.0000, 120, 104, 80
L -107.76, -3632.00, 0.0000, -56.28, -3632.00, 0.0000, 70, 66, 58
L -103.76, -3632.00, 0.0000, -52.28, -3632.00, 0.0000, 70, 66, 58
L -107.76, -3628.00, 0.0000, -56.28, -3628.00, 0.0000, 70, 66, 58
L -98.76, -3621.00, 0.0000, -47.28, -3621.00, 0.0000, 120, 104, 80
L -107.76, -3632.00, 0.0000, -56.28, -3632.00, 0.0000, 70, 66, 58
L -103.76, -3632.00, 0.0000, -52.28, -3632.00, 0.0000, 70, 66, 58
L -107.76, -3628.00, 0.0000, -56.28, -3628.00, 0.0000, 70, 66, 58
L -98.76, -3621.00, 0.0000, -47.28, -3621.00, 0.0000, 120, 104, 80
L -107.76, -3332.00, 0.0000, -56.28, -3332.00, 0.0000, 70, 66, 58
L -103.76, -3332.00, 0.0000, -52.28, -3332.00, 0.0000, 70, 66, 58
L -107.76, -3328.00, 0.0000, -56.28, -3328.00, 0.0000, 70, 66, 58
L -98.76, -3321.00, 0.0000, -47.28, -3321.00, 0.0000, 120, 104, 80
L 168.00, -3632.00, 0.0000, 168.00, -3332.00, 0.0000, 70, 66, 58
L 172.00, -3632.00, 0.0000, 172.00, -3332.00, 0.0000, 70, 66, 58
L 168.00, -3628.00, 0.0000, 168.00, -3328.00, 0.0000, 70, 66, 58
L 177.00, -3621.00, 0.0000, 177.00, -3321.00, 0.0000, 120, 104, 80
L 168.00, -3332.00, 0.0000, 330.36, -3332.00, 0.0000, 70, 66, 58
L 172.00, -3332.00, 0.0000, 334.36, -3332.00, 0.0000, 70, 66, 58
L 168.00, -3328.00, 0.0000, 330.36, -3328.00, 0.0000, 70, 66, 58
L 177.00, -3321.00, 0.0000, 339.36, -3321.00, 0.0000, 120, 104, 80
L 144.24, -3632.00, 0.0000, 195.72, -3632.00, 0.0000, 70, 66, 58
L 148.24, -3632.00, 0.0000, 199.72, -3632.00, 0.0000, 70, 66, 58
L 144.24, -3628.00, 0.0000, 195.72, -3628.00, 0.0000, 70, 66, 58
L 153.24, -3621.00, 0.0000, 204.72, -3621.00, 0.0000, 120, 104, 80
L 479.40, -3332.00, 0.0000, 558.60, -3332.00, 0.0000, 70, 66, 58
L 483.40, -3332.00, 0.0000, 562.60, -3332.00, 0.0000, 70, 66, 58
L 479.40, -3328.00, 0.0000, 558.60, -3328.00, 0.0000, 70, 66, 58
L 488.40, -3321.00, 0.0000, 567.60, -3321.00, 0.0000, 120, 104, 80
L 558.60, -3332.00, 0.0000, 618.00, -3428.00, 0.0000, 70, 66, 58
L 562.60, -3332.00, 0.0000, 622.00, -3428.00, 0.0000, 70, 66, 58
L 558.60, -3328.00, 0.0000, 618.00, -3424.00, 0.0000, 70, 66, 58
L 567.60, -3321.00, 0.0000, 627.00, -3417.00, 0.0000, 120, 104, 80
L 618.00, -3428.00, 0.0000, 618.00, -3536.00, 0.0000, 70, 66, 58
L 622.00, -3428.00, 0.0000, 622.00, -3536.00, 0.0000, 70, 66, 58
L 618.00, -3424.00, 0.0000, 618.00, -3532.00, 0.0000, 70, 66, 58
L 627.00, -3417.00, 0.0000, 627.00, -3525.00, 0.0000, 120, 104, 80
L 618.00, -3536.00, 0.0000, 558.60, -3632.00, 0.0000, 70, 66, 58
L 622.00, -3536.00, 0.0000, 562.60, -3632.00, 0.0000, 70, 66, 58
L 618.00, -3532.00, 0.0000, 558.60, -3628.00, 0.0000, 70, 66, 58
L 627.00, -3525.00, 0.0000, 567.60, -3621.00, 0.0000, 120, 104, 80
L 558.60, -3632.00, 0.0000, 479.40, -3632.00, 0.0000, 70, 66, 58
L 562.60, -3632.00, 0.0000, 483.40, -3632.00, 0.0000, 70, 66, 58
L 558.60, -3628.00, 0.0000, 479.40, -3628.00, 0.0000, 70, 66, 58
L 567.60, -3621.00, 0.0000, 488.40, -3621.00, 0.0000, 120, 104, 80
L 479.40, -3632.00, 0.0000, 420.00, -3536.00, 0.0000, 70, 66, 58
L 483.40, -3632.00, 0.0000, 424.00, -3536.00, 0.0000, 70, 66, 58
L 479.40, -3628.00, 0.0000, 420.00, -3532.00, 0.0000, 70, 66, 58
L 488.40, -3621.00, 0.0000, 429.00, -3525.00, 0.0000, 120, 104, 80
L 420.00, -3536.00, 0.0000, 420.00, -3428.00, 0.0000, 70, 66, 58
L 424.00, -3536.00, 0.0000, 424.00, -3428.00, 0.0000, 70, 66, 58
L 420.00, -3532.00, 0.0000, 420.00, -3424.00, 0.0000, 70, 66, 58
L 429.00, -3525.00, 0.0000, 429.00, -3417.00, 0.0000, 120, 104, 80
L 420.00, -3428.00, 0.0000, 479.40, -3332.00, 0.0000, 70, 66, 58
L 424.00, -3428.00, 0.0000, 483.40, -3332.00, 0.0000, 70, 66, 58
L 420.00, -3424.00, 0.0000, 479.40, -3328.00, 0.0000, 70, 66, 58
L 429.00, -3417.00, 0.0000, 488.40, -3321.00, 0.0000, 120, 104, 80
L 870.00, -3572.00, 0.0000, 771.00, -3632.00, 0.0000, 70, 66, 58
L 874.00, -3572.00, 0.0000, 775.00, -3632.00, 0.0000, 70, 66, 58
L 870.00, -3568.00, 0.0000, 771.00, -3628.00, 0.0000, 70, 66, 58
L 879.00, -3561.00, 0.0000, 780.00, -3621.00, 0.0000, 120, 104, 80
L 771.00, -3632.00, 0.0000, 687.84, -3578.00, 0.0000, 70, 66, 58
L 775.00, -3632.00, 0.0000, 691.84, -3578.00, 0.0000, 70, 66, 58
L 771.00, -3628.00, 0.0000, 687.84, -3574.00, 0.0000, 70, 66, 58
L 780.00, -3621.00, 0.0000, 696.84, -3567.00, 0.0000, 120, 104, 80
L 687.84, -3578.00, 0.0000, 672.00, -3482.00, 0.0000, 70, 66, 58
L 691.84, -3578.00, 0.0000, 676.00, -3482.00, 0.0000, 70, 66, 58
L 687.84, -3574.00, 0.0000, 672.00, -3478.00, 0.0000, 70, 66, 58
L 696.84, -3567.00, 0.0000, 681.00, -3471.00, 0.0000, 120, 104, 80
L 672.00, -3482.00, 0.0000, 687.84, -3386.00, 0.0000, 70, 66, 58
L 676.00, -3482.00, 0.0000, 691.84, -3386.00, 0.0000, 70, 66, 58
L 672.00, -3478.00, 0.0000, 687.84, -3382.00, 0.0000, 70, 66, 58
L 681.00, -3471.00, 0.0000, 696.84, -3375.00, 0.0000, 120, 104, 80
L 687.84, -3386.00, 0.0000, 771.00, -3332.00, 0.0000, 70, 66, 58
L 691.84, -3386.00, 0.0000, 775.00, -3332.00, 0.0000, 70, 66, 58
L 687.84, -3382.00, 0.0000, 771.00, -3328.00, 0.0000, 70, 66, 58
L 696.84, -3375.00, 0.0000, 780.00, -3321.00, 0.0000, 120, 104, 80
L 771.00, -3332.00, 0.0000, 870.00, -3392.00, 0.0000, 70, 66, 58
L 775.00, -3332.00, 0.0000, 874.00, -3392.00, 0.0000, 70, 66, 58
L 771.00, -3328.00, 0.0000, 870.00, -3388.00, 0.0000, 70, 66, 58
L 780.00, -3321.00, 0.0000, 879.00, -3381.00, 0.0000, 120, 104, 80
L 924.00, -3332.00, 0.0000, 924.00, -3632.00, 0.0000, 70, 66, 58
L 928.00, -3332.00, 0.0000, 928.00, -3632.00, 0.0000, 70, 66, 58
L 924.00, -3328.00, 0.0000, 924.00, -3628.00, 0.0000, 70, 66, 58
L 933.00, -3321.00, 0.0000, 933.00, -3621.00, 0.0000, 120, 104, 80
L 924.00, -3482.00, 0.0000, 1092.30, -3632.00, 0.0000, 70, 66, 58
L 928.00, -3482.00, 0.0000, 1096.30, -3632.00, 0.0000, 70, 66, 58
L 924.00, -3478.00, 0.0000, 1092.30, -3628.00, 0.0000, 70, 66, 58
L 933.00, -3471.00, 0.0000, 1101.30, -3621.00, 0.0000, 120, 104, 80
L 979.44, -3506.00, 0.0000, 1102.20, -3332.00, 0.0000, 70, 66, 58
L 983.44, -3506.00, 0.0000, 1106.20, -3332.00, 0.0000, 70, 66, 58
L 979.44, -3502.00, 0.0000, 1102.20, -3328.00, 0.0000, 70, 66, 58
L 988.44, -3495.00, 0.0000, 1111.20, -3321.00, 0.0000, 120, 104, 80
L 900.24, -3332.00, 0.0000, 951.72, -3332.00, 0.0000, 70, 66, 58
L 904.24, -3332.00, 0.0000, 955.72, -3332.00, 0.0000, 70, 66, 58
L 900.24, -3328.00, 0.0000, 951.72, -3328.00, 0.0000, 70, 66, 58
L 909.24, -3321.00, 0.0000, 960.72, -3321.00, 0.0000, 120, 104, 80
L 900.24, -3632.00, 0.0000, 951.72, -3632.00, 0.0000, 70, 66, 58
L 904.24, -3632.00, 0.0000, 955.72, -3632.00, 0.0000, 70, 66, 58
L 900.24, -3628.00, 0.0000, 951.72, -3628.00, 0.0000, 70, 66, 58
L 909.24, -3621.00, 0.0000, 960.72, -3621.00, 0.0000, 120, 104, 80
L -1878.00, -3286.00, 0.0000, 1152.00, -3286.00, 0.0000, 120, 104, 80
L -1878.00, -3674.00, 0.0000, 1152.00, -3674.00, 0.0000, 120, 104, 80
L 3406.5437, -935.3645, 0.0000, 3550.0563, -935.3645, 0.0000, 96, 90, 80
L 3550.0563, -935.3645, 0.0000, 3583.8240, -846.7243, 0.0000, 96, 90, 80
L 3583.8240, -846.7243, 0.0000, 3372.7760, -846.7243, 0.0000, 96, 90, 80
L 3372.7760, -846.7243, 0.0000, 3406.5437, -935.3645, 0.0000, 96, 90, 80
L 3442.4218, -935.3645, 0.0000, 3425.5380, -846.7243, 0.0000, 96, 90, 80
L 3398.1018, -913.2044, 0.0000, 3558.4982, -913.2044, 0.0000, 96, 90, 80
L 3478.3000, -935.3645, 0.0000, 3478.3000, -846.7243, 0.0000, 96, 90, 80
L 3389.6598, -891.0444, 0.0000, 3566.9402, -891.0444, 0.0000, 96, 90, 80
L 3514.1782, -935.3645, 0.0000, 3531.0620, -846.7243, 0.0000, 96, 90, 80
L 3381.2179, -868.8844, 0.0000, 3575.3821, -868.8844, 0.0000, 96, 90, 80
L 3410.3636, -930.9325, 0.0000, 3405.6784, -917.6364, 0.0000, 70, 66, 58
L 3423.2165, -930.9325, 0.0000, 3408.0210, -924.2845, 0.0000, 70, 66, 58
L 3436.0693, -930.9325, 0.0000, 3410.3636, -930.9325, 0.0000, 70, 66, 58
L 3443.4982, -908.7724, 0.0000, 3441.3455, -895.4764, 0.0000, 70, 66, 58
L 3457.8283, -908.7724, 0.0000, 3442.4218, -902.1244, 0.0000, 70, 66, 58
L 3472.1585, -908.7724, 0.0000, 3443.4982, -908.7724, 0.0000, 70, 66, 58
L 3483.8084, -930.9325, 0.0000, 3484.1882, -917.6364, 0.0000, 70, 66, 58
L 3496.6612, -930.9325, 0.0000, 3483.9983, -924.2845, 0.0000, 70, 66, 58
L 3509.5140, -930.9325, 0.0000, 3483.8084, -930.9325, 0.0000, 70, 66, 58
L 3394.7461, -886.6124, 0.0000, 3390.0608, -873.3164, 0.0000, 70, 66, 58
L 3410.5536, -886.6124, 0.0000, 3392.4035, -879.9644, 0.0000, 70, 66, 58
L 3426.3611, -886.6124, 0.0000, 3394.7461, -886.6124, 0.0000, 70, 66, 58
L 3485.0746, -886.6124, 0.0000, 3485.4545, -873.3164, 0.0000, 70, 66, 58
L 3500.8821, -886.6124, 0.0000, 3485.2646, -879.9644, 0.0000, 70, 66, 58
L 3516.6896, -886.6124, 0.0000, 3485.0746, -886.6124, 0.0000, 70, 66, 58
L 3525.3848, -908.7724, 0.0000, 3528.2973, -895.4764, 0.0000, 70, 66, 58
L 3539.7150, -908.7724, 0.0000, 3526.8410, -902.1244, 0.0000, 70, 66, 58
L 3554.0451, -908.7724, 0.0000, 3525.3848, -908.7724, 0.0000, 70, 66, 58
L 3436.3226, -864.4524, 0.0000, 3434.1699, -851.1563, 0.0000, 70, 66, 58
L 3453.6074, -864.4524, 0.0000, 3435.2462, -857.8043, 0.0000, 70, 66, 58
L 3470.8922, -864.4524, 0.0000, 3436.3226, -864.4524, 0.0000, 70, 66, 58
L 3535.0930, -864.4524, 0.0000, 3538.0055, -851.1563, 0.0000, 70, 66, 58
L 3552.3778, -864.4524, 0.0000, 3536.5492, -857.8043, 0.0000, 70, 66, 58
L 3569.6627, -864.4524, 0.0000, 3535.0930, -864.4524, 0.0000, 70, 66, 58
L 3488.8524, -935.3645, 0.0000, 3488.8524, -994.4579, 0.0000, 90, 96, 108
L 3471.9686, -935.3645, 0.0000, 3476.1895, -994.4579, 0.0000, 90, 96, 108
L 3476.1895, -994.4579, 0.0000, 3501.5153, -994.4579, 0.0000, 90, 96, 108
L 3501.5153, -994.4579, 0.0000, 3505.7362, -935.3645, 0.0000, 90, 96, 108
L 3505.7362, -935.3645, 0.0000, 3471.9686, -935.3645, 0.0000, 90, 96, 108
L 3478.3000, -1007.1208, 0.0000, 3499.4048, -1007.1208, 0.0000, 90, 96, 108
L 3488.8524, -998.6789, 0.0000, 3488.8524, -1019.7837, 0.0000, 90, 96, 108
L 3319.33, -793.78, 0.0000, 3334.47, -793.78, 0.0000, 70, 66, 58
L 3326.90, -793.78, 0.0000, 3326.90, -768.54, 0.0000, 70, 66, 58
L 3342.04, -768.54, 0.0000, 3342.04, -793.78, 0.0000, 70, 66, 58
L 3357.18, -768.54, 0.0000, 3357.18, -793.78, 0.0000, 70, 66, 58
L 3342.04, -781.16, 0.0000, 3357.18, -781.16, 0.0000, 70, 66, 58
L 3379.89, -793.78, 0.0000, 3364.75, -793.78, 0.0000, 70, 66, 58
L 3364.75, -793.78, 0.0000, 3364.75, -768.54, 0.0000, 70, 66, 58
L 3364.75, -768.54, 0.0000, 3379.89, -768.54, 0.0000, 70, 66, 58
L 3364.75, -781.16, 0.0000, 3375.35, -781.16, 0.0000, 70, 66, 58
L 3424.55, -788.73, 0.0000, 3420.77, -793.78, 0.0000, 70, 66, 58
L 3420.77, -793.78, 0.0000, 3413.95, -793.78, 0.0000, 70, 66, 58
L 3413.95, -793.78, 0.0000, 3410.17, -786.21, 0.0000, 70, 66, 58
L 3410.17, -786.21, 0.0000, 3410.17, -776.11, 0.0000, 70, 66, 58
L 3410.17, -776.11, 0.0000, 3413.95, -768.54, 0.0000, 70, 66, 58
L 3413.95, -768.54, 0.0000, 3420.77, -768.54, 0.0000, 70, 66, 58
L 3420.77, -768.54, 0.0000, 3424.55, -773.59, 0.0000, 70, 66, 58
L 3432.88, -768.54, 0.0000, 3432.88, -793.78, 0.0000, 70, 66, 58
L 3448.02, -768.54, 0.0000, 3448.02, -793.78, 0.0000, 70, 66, 58
L 3432.88, -781.16, 0.0000, 3448.02, -781.16, 0.0000, 70, 66, 58
L 3470.73, -793.78, 0.0000, 3455.59, -793.78, 0.0000, 70, 66, 58
L 3455.59, -793.78, 0.0000, 3455.59, -768.54, 0.0000, 70, 66, 58
L 3455.59, -768.54, 0.0000, 3470.73, -768.54, 0.0000, 70, 66, 58
L 3455.59, -781.16, 0.0000, 3466.19, -781.16, 0.0000, 70, 66, 58
L 3493.44, -789.99, 0.0000, 3490.41, -793.78, 0.0000, 70, 66, 58
L 3490.41, -793.78, 0.0000, 3481.33, -793.78, 0.0000, 70, 66, 58
L 3481.33, -793.78, 0.0000, 3478.30, -789.24, 0.0000, 70, 66, 58
L 3478.30, -789.24, 0.0000, 3478.30, -783.69, 0.0000, 70, 66, 58
L 3478.30, -783.69, 0.0000, 3481.33, -781.16, 0.0000, 70, 66, 58
L 3481.33, -781.16, 0.0000, 3490.41, -781.16, 0.0000, 70, 66, 58
L 3490.41, -781.16, 0.0000, 3493.44, -778.13, 0.0000, 70, 66, 58
L 3493.44, -778.13, 0.0000, 3493.44, -772.58, 0.0000, 70, 66, 58
L 3493.44, -772.58, 0.0000, 3490.41, -768.54, 0.0000, 70, 66, 58
L 3490.41, -768.54, 0.0000, 3481.33, -768.54, 0.0000, 70, 66, 58
L 3481.33, -768.54, 0.0000, 3478.30, -772.58, 0.0000, 70, 66, 58
L 3516.15, -789.99, 0.0000, 3513.12, -793.78, 0.0000, 70, 66, 58
L 3513.12, -793.78, 0.0000, 3504.04, -793.78, 0.0000, 70, 66, 58
L 3504.04, -793.78, 0.0000, 3501.01, -789.24, 0.0000, 70, 66, 58
L 3501.01, -789.24, 0.0000, 3501.01, -783.69, 0.0000, 70, 66, 58
L 3501.01, -783.69, 0.0000, 3504.04, -781.16, 0.0000, 70, 66, 58
L 3504.04, -781.16, 0.0000, 3513.12, -781.16, 0.0000, 70, 66, 58
L 3513.12, -781.16, 0.0000, 3516.15, -778.13, 0.0000, 70, 66, 58
L 3516.15, -778.13, 0.0000, 3516.15, -772.58, 0.0000, 70, 66, 58
L 3516.15, -772.58, 0.0000, 3513.12, -768.54, 0.0000, 70, 66, 58
L 3513.12, -768.54, 0.0000, 3504.04, -768.54, 0.0000, 70, 66, 58
L 3504.04, -768.54, 0.0000, 3501.01, -772.58, 0.0000, 70, 66, 58
L 3523.72, -768.54, 0.0000, 3523.72, -793.78, 0.0000, 70, 66, 58
L 3523.72, -793.78, 0.0000, 3534.32, -793.78, 0.0000, 70, 66, 58
L 3534.32, -793.78, 0.0000, 3537.35, -788.73, 0.0000, 70, 66, 58
L 3537.35, -788.73, 0.0000, 3534.32, -782.42, 0.0000, 70, 66, 58
L 3534.32, -782.42, 0.0000, 3523.72, -782.42, 0.0000, 70, 66, 58
L 3523.72, -782.42, 0.0000, 3535.08, -782.42, 0.0000, 70, 66, 58
L 3535.08, -782.42, 0.0000, 3538.10, -776.11, 0.0000, 70, 66, 58
L 3538.10, -776.11, 0.0000, 3534.32, -768.54, 0.0000, 70, 66, 58
L 3534.32, -768.54, 0.0000, 3523.72, -768.54, 0.0000, 70, 66, 58
L 3550.22, -768.54, 0.0000, 3557.79, -768.54, 0.0000, 70, 66, 58
L 3557.79, -768.54, 0.0000, 3561.57, -776.11, 0.0000, 70, 66, 58
L 3561.57, -776.11, 0.0000, 3561.57, -786.21, 0.0000, 70, 66, 58
L 3561.57, -786.21, 0.0000, 3557.79, -793.78, 0.0000, 70, 66, 58
L 3557.79, -793.78, 0.0000, 3550.22, -793.78, 0.0000, 70, 66, 58
L 3550.22, -793.78, 0.0000, 3546.43, -786.21, 0.0000, 70, 66, 58
L 3546.43, -786.21, 0.0000, 3546.43, -776.11, 0.0000, 70, 66, 58
L 3546.43, -776.11, 0.0000, 3550.22, -768.54, 0.0000, 70, 66, 58
L 3569.14, -768.54, 0.0000, 3576.71, -793.78, 0.0000, 70, 66, 58
L 3576.71, -793.78, 0.0000, 3584.28, -768.54, 0.0000, 70, 66, 58
L 3572.93, -778.64, 0.0000, 3580.50, -778.64, 0.0000, 70, 66, 58
L 3591.85, -768.54, 0.0000, 3591.85, -793.78, 0.0000, 70, 66, 58
L 3591.85, -793.78, 0.0000, 3602.45, -793.78, 0.0000, 70, 66, 58
L 3602.45, -793.78, 0.0000, 3606.24, -788.73, 0.0000, 70, 66, 58
L 3606.24, -788.73, 0.0000, 3602.45, -782.42, 0.0000, 70, 66, 58
L 3602.45, -782.42, 0.0000, 3591.85, -782.42, 0.0000, 70, 66, 58
L 3597.15, -782.42, 0.0000, 3606.99, -768.54, 0.0000, 70, 66, 58
L 3614.56, -768.54, 0.0000, 3614.56, -793.78, 0.0000, 70, 66, 58
L 3614.56, -793.78, 0.0000, 3623.65, -793.78, 0.0000, 70, 66, 58
L 3623.65, -793.78, 0.0000, 3628.95, -786.21, 0.0000, 70, 66, 58
L 3628.95, -786.21, 0.0000, 3628.95, -776.11, 0.0000, 70, 66, 58
L 3628.95, -776.11, 0.0000, 3623.65, -768.54, 0.0000, 70, 66, 58
L 3623.65, -768.54, 0.0000, 3614.56, -768.54, 0.0000, 70, 66, 58
L 3425.5380, -2697.4386, 0.0000, 3428.8356, -2737.0101, 0.0000, 90, 96, 108
L 3428.8356, -2737.0101, 0.0000, 3478.3000, -2753.4982, 0.0000, 90, 96, 108
L 3478.3000, -2753.4982, 0.0000, 3527.7644, -2737.0101, 0.0000, 90, 96, 108
L 3527.7644, -2737.0101, 0.0000, 3531.0620, -2697.4386, 0.0000, 90, 96, 108
L 3420.5916, -2697.4386, 0.0000, 3536.0084, -2697.4386, 0.0000, 90, 96, 108
L 3478.3000, -2753.4982, 0.0000, 3478.3000, -2740.3077, 0.0000, 90, 96, 108
L 3428.8356, -2704.0338, 0.0000, 3395.8594, -2713.9267, 0.0000, 150, 120, 50
L 3395.8594, -2713.9267, 0.0000, 3372.7760, -2746.9029, 0.0000, 150, 120, 50
L 3372.7760, -2746.9029, 0.0000, 3376.0736, -2779.8792, 0.0000, 150, 120, 50
L 3376.0736, -2779.8792, 0.0000, 3395.8594, -2769.9863, 0.0000, 150, 120, 50
L 3395.8594, -2769.9863, 0.0000, 3392.5618, -2743.6053, 0.0000, 150, 120, 50
L 3392.5618, -2743.6053, 0.0000, 3418.9428, -2717.2243, 0.0000, 150, 120, 50
L 3418.9428, -2717.2243, 0.0000, 3428.8356, -2704.0338, 0.0000, 150, 120, 50
L 3527.7644, -2704.0338, 0.0000, 3560.7406, -2713.9267, 0.0000, 150, 120, 50
L 3560.7406, -2713.9267, 0.0000, 3583.8240, -2746.9029, 0.0000, 150, 120, 50
L 3583.8240, -2746.9029, 0.0000, 3580.5264, -2779.8792, 0.0000, 150, 120, 50
L 3580.5264, -2779.8792, 0.0000, 3560.7406, -2769.9863, 0.0000, 150, 120, 50
L 3560.7406, -2769.9863, 0.0000, 3564.0383, -2743.6053, 0.0000, 150, 120, 50
L 3564.0383, -2743.6053, 0.0000, 3537.6573, -2717.2243, 0.0000, 150, 120, 50
L 3537.6573, -2717.2243, 0.0000, 3527.7644, -2704.0338, 0.0000, 150, 120, 50
L 3435.4309, -2687.5457, 0.0000, 3470.0559, -2694.1409, 0.0000, 64, 46, 32
L 3435.4309, -2680.9504, 0.0000, 3470.0559, -2687.5457, 0.0000, 64, 46, 32
L 3486.5441, -2694.1409, 0.0000, 3521.1691, -2687.5457, 0.0000, 64, 46, 32
L 3486.5441, -2687.5457, 0.0000, 3521.1691, -2680.9504, 0.0000, 64, 46, 32
L 3450.2702, -2672.7064, 0.0000, 3461.8119, -2672.7064, 0.0000, 64, 46, 32
L 3494.7881, -2672.7064, 0.0000, 3506.3298, -2672.7064, 0.0000, 64, 46, 32
L 3470.0559, -2674.3552, 0.0000, 3463.4607, -2654.5694, 0.0000, 150, 120, 86
L 3463.4607, -2654.5694, 0.0000, 3478.3000, -2644.6766, 0.0000, 150, 120, 86
L 3478.3000, -2644.6766, 0.0000, 3493.1393, -2654.5694, 0.0000, 150, 120, 86
L 3493.1393, -2654.5694, 0.0000, 3486.5441, -2674.3552, 0.0000, 150, 120, 86
L 3428.8356, -2671.0576, 0.0000, 3422.2404, -2621.5932, 0.0000, 150, 120, 70
L 3422.2404, -2621.5932, 0.0000, 3455.2166, -2585.3193, 0.0000, 150, 120, 70
L 3455.2166, -2585.3193, 0.0000, 3478.3000, -2572.1288, 0.0000, 150, 120, 70
L 3478.3000, -2572.1288, 0.0000, 3501.3834, -2585.3193, 0.0000, 150, 120, 70
L 3501.3834, -2585.3193, 0.0000, 3534.3596, -2621.5932, 0.0000, 150, 120, 70
L 3534.3596, -2621.5932, 0.0000, 3527.7644, -2671.0576, 0.0000, 150, 120, 70
L 3527.7644, -2671.0576, 0.0000, 3428.8356, -2671.0576, 0.0000, 150, 120, 70
L 3458.5143, -2647.9742, 0.0000, 3476.6512, -2639.7301, 0.0000, 150, 120, 70
L 3498.0858, -2647.9742, 0.0000, 3479.9488, -2639.7301, 0.0000, 150, 120, 70
L 3458.5143, -2628.1884, 0.0000, 3456.8654, -2591.9146, 0.0000, 150, 120, 70
L 3498.0858, -2628.1884, 0.0000, 3499.7346, -2591.9146, 0.0000, 150, 120, 70
L 3478.3000, -2634.7837, 0.0000, 3478.3000, -2580.3729, 0.0000, 150, 120, 70
L 3398.81, -2511.29, 0.0000, 3398.81, -2536.53, 0.0000, 70, 66, 58
L 3398.81, -2522.65, 0.0000, 3411.68, -2536.53, 0.0000, 70, 66, 58
L 3402.60, -2525.17, 0.0000, 3412.44, -2511.29, 0.0000, 70, 66, 58
L 3421.52, -2511.29, 0.0000, 3429.09, -2536.53, 0.0000, 70, 66, 58
L 3429.09, -2536.53, 0.0000, 3436.66, -2511.29, 0.0000, 70, 66, 58
L 3425.31, -2521.39, 0.0000, 3432.88, -2521.39, 0.0000, 70, 66, 58
L 3444.23, -2536.53, 0.0000, 3444.23, -2511.29, 0.0000, 70, 66, 58
L 3444.23, -2511.29, 0.0000, 3456.35, -2511.29, 0.0000, 70, 66, 58
L 3466.94, -2511.29, 0.0000, 3474.51, -2536.53, 0.0000, 70, 66, 58
L 3474.51, -2536.53, 0.0000, 3482.09, -2511.29, 0.0000, 70, 66, 58
L 3470.73, -2521.39, 0.0000, 3478.30, -2521.39, 0.0000, 70, 66, 58
L 3489.66, -2511.29, 0.0000, 3489.66, -2536.53, 0.0000, 70, 66, 58
L 3489.66, -2536.53, 0.0000, 3498.74, -2536.53, 0.0000, 70, 66, 58
L 3498.74, -2536.53, 0.0000, 3504.04, -2528.96, 0.0000, 70, 66, 58
L 3504.04, -2528.96, 0.0000, 3504.04, -2518.86, 0.0000, 70, 66, 58
L 3504.04, -2518.86, 0.0000, 3498.74, -2511.29, 0.0000, 70, 66, 58
L 3498.74, -2511.29, 0.0000, 3489.66, -2511.29, 0.0000, 70, 66, 58
L 3519.94, -2511.29, 0.0000, 3519.94, -2536.53, 0.0000, 70, 66, 58
L 3515.39, -2536.53, 0.0000, 3524.48, -2536.53, 0.0000, 70, 66, 58
L 3515.39, -2511.29, 0.0000, 3524.48, -2511.29, 0.0000, 70, 66, 58
L 3535.08, -2511.29, 0.0000, 3535.08, -2536.53, 0.0000, 70, 66, 58
L 3535.08, -2536.53, 0.0000, 3542.65, -2522.65, 0.0000, 70, 66, 58
L 3542.65, -2522.65, 0.0000, 3550.22, -2536.53, 0.0000, 70, 66, 58
L 3550.22, -2536.53, 0.0000, 3550.22, -2511.29, 0.0000, 70, 66, 58
L -4289.9138, -911.3528, 0.0000, -4266.0216, -871.5324, 0.0000, 120, 84, 48
L -4266.0216, -871.5324, 0.0000, -4154.5245, -871.5324, 0.0000, 120, 84, 48
L -4154.5245, -871.5324, 0.0000, -4130.6323, -911.3528, 0.0000, 120, 84, 48
L -4130.6323, -911.3528, 0.0000, -4289.9138, -911.3528, 0.0000, 120, 84, 48
L -4289.9138, -911.3528, 0.0000, -4130.6323, -911.3528, 0.0000, 120, 84, 48
L -4210.2731, -911.3528, 0.0000, -4210.2731, -1014.8858, 0.0000, 120, 84, 48
L -4210.2731, -1010.9037, 0.0000, -4158.5066, -951.1732, 0.0000, 180, 172, 150
L -4158.5066, -951.1732, 0.0000, -4210.2731, -943.2091, 0.0000, 180, 172, 150
L -4210.2731, -943.2091, 0.0000, -4210.2731, -1010.9037, 0.0000, 180, 172, 150
L -4210.2731, -1002.9397, 0.0000, -4250.0934, -951.1732, 0.0000, 180, 172, 150
L -4250.0934, -951.1732, 0.0000, -4210.2731, -947.1911, 0.0000, 180, 172, 150
L -4210.2731, -947.1911, 0.0000, -4210.2731, -1002.9397, 0.0000, 180, 172, 150
L -4309.8240, -851.6222, 0.0000, -4293.8958, -859.5863, 0.0000, 70, 120, 180
L -4293.8958, -859.5863, 0.0000, -4277.9677, -851.6222, 0.0000, 70, 120, 180
L -4250.0934, -851.6222, 0.0000, -4234.1653, -859.5863, 0.0000, 70, 120, 180
L -4234.1653, -859.5863, 0.0000, -4218.2371, -851.6222, 0.0000, 70, 120, 180
L -4190.3629, -851.6222, 0.0000, -4174.4347, -859.5863, 0.0000, 70, 120, 180
L -4174.4347, -859.5863, 0.0000, -4158.5066, -851.6222, 0.0000, 70, 120, 180
L -4130.6323, -851.6222, 0.0000, -4114.7042, -859.5863, 0.0000, 70, 120, 180
L -4114.7042, -859.5863, 0.0000, -4098.7760, -851.6222, 0.0000, 70, 120, 180
L -4306.50, -793.78, 0.0000, -4291.36, -793.78, 0.0000, 70, 66, 58
L -4298.93, -793.78, 0.0000, -4298.93, -768.54, 0.0000, 70, 66, 58
L -4283.79, -768.54, 0.0000, -4283.79, -793.78, 0.0000, 70, 66, 58
L -4268.65, -768.54, 0.0000, -4268.65, -793.78, 0.0000, 70, 66, 58
L -4283.79, -781.16, 0.0000, -4268.65, -781.16, 0.0000, 70, 66, 58
L -4245.94, -793.78, 0.0000, -4261.08, -793.78, 0.0000, 70, 66, 58
L -4261.08, -793.78, 0.0000, -4261.08, -768.54, 0.0000, 70, 66, 58
L -4261.08, -768.54, 0.0000, -4245.94, -768.54, 0.0000, 70, 66, 58
L -4261.08, -781.16, 0.0000, -4250.48, -781.16, 0.0000, 70, 66, 58
L -4215.66, -768.54, 0.0000, -4215.66, -793.78, 0.0000, 70, 66, 58
L -4215.66, -793.78, 0.0000, -4206.57, -793.78, 0.0000, 70, 66, 58
L -4206.57, -793.78, 0.0000, -4201.27, -786.21, 0.0000, 70, 66, 58
L -4201.27, -786.21, 0.0000, -4201.27, -776.11, 0.0000, 70, 66, 58
L -4201.27, -776.11, 0.0000, -4206.57, -768.54, 0.0000, 70, 66, 58
L -4206.57, -768.54, 0.0000, -4215.66, -768.54, 0.0000, 70, 66, 58
L -4189.16, -768.54, 0.0000, -4181.59, -768.54, 0.0000, 70, 66, 58
L -4181.59, -768.54, 0.0000, -4177.80, -776.11, 0.0000, 70, 66, 58
L -4177.80, -776.11, 0.0000, -4177.80, -786.21, 0.0000, 70, 66, 58
L -4177.80, -786.21, 0.0000, -4181.59, -793.78, 0.0000, 70, 66, 58
L -4181.59, -793.78, 0.0000, -4189.16, -793.78, 0.0000, 70, 66, 58
L -4189.16, -793.78, 0.0000, -4192.94, -786.21, 0.0000, 70, 66, 58
L -4192.94, -786.21, 0.0000, -4192.94, -776.11, 0.0000, 70, 66, 58
L -4192.94, -776.11, 0.0000, -4189.16, -768.54, 0.0000, 70, 66, 58
L -4155.85, -788.73, 0.0000, -4159.64, -793.78, 0.0000, 70, 66, 58
L -4159.64, -793.78, 0.0000, -4166.45, -793.78, 0.0000, 70, 66, 58
L -4166.45, -793.78, 0.0000, -4170.23, -786.21, 0.0000, 70, 66, 58
L -4170.23, -786.21, 0.0000, -4170.23, -776.11, 0.0000, 70, 66, 58
L -4170.23, -776.11, 0.0000, -4166.45, -768.54, 0.0000, 70, 66, 58
L -4166.45, -768.54, 0.0000, -4159.64, -768.54, 0.0000, 70, 66, 58
L -4159.64, -768.54, 0.0000, -4155.85, -773.59, 0.0000, 70, 66, 58
L -4147.52, -768.54, 0.0000, -4147.52, -793.78, 0.0000, 70, 66, 58
L -4147.52, -779.90, 0.0000, -4134.65, -793.78, 0.0000, 70, 66, 58
L -4143.74, -782.42, 0.0000, -4133.90, -768.54, 0.0000, 70, 66, 58
L -4109.67, -789.99, 0.0000, -4112.70, -793.78, 0.0000, 70, 66, 58
L -4112.70, -793.78, 0.0000, -4121.78, -793.78, 0.0000, 70, 66, 58
L -4121.78, -793.78, 0.0000, -4124.81, -789.24, 0.0000, 70, 66, 58
L -4124.81, -789.24, 0.0000, -4124.81, -783.69, 0.0000, 70, 66, 58
L -4124.81, -783.69, 0.0000, -4121.78, -781.16, 0.0000, 70, 66, 58
L -4121.78, -781.16, 0.0000, -4112.70, -781.16, 0.0000, 70, 66, 58
L -4112.70, -781.16, 0.0000, -4109.67, -778.13, 0.0000, 70, 66, 58
L -4109.67, -778.13, 0.0000, -4109.67, -772.58, 0.0000, 70, 66, 58
L -4109.67, -772.58, 0.0000, -4112.70, -768.54, 0.0000, 70, 66, 58
L -4112.70, -768.54, 0.0000, -4121.78, -768.54, 0.0000, 70, 66, 58
L -4121.78, -768.54, 0.0000, -4124.81, -772.58, 0.0000, 70, 66, 58
L 3397.7607, 757.3823, 0.0000, 3407.2359, 719.4814, 0.0000, 90, 96, 108
L 3407.2359, 719.4814, 0.0000, 3501.9880, 719.4814, 0.0000, 90, 96, 108
L 3501.9880, 719.4814, 0.0000, 3511.4633, 757.3823, 0.0000, 90, 96, 108
L 3393.0230, 757.3823, 0.0000, 3516.2009, 757.3823, 0.0000, 90, 96, 108
L 3454.6120, 719.4814, 0.0000, 3454.6120, 700.5310, 0.0000, 90, 96, 108
L 3416.7111, 766.8575, 0.0000, 3492.5128, 766.8575, 0.0000, 150, 110, 80
L 3435.6615, 781.0703, 0.0000, 3445.1367, 781.0703, 0.0000, 70, 66, 58
L 3464.0872, 781.0703, 0.0000, 3473.5624, 781.0703, 0.0000, 70, 66, 58
L 3402.4983, 771.5951, 0.0000, 3388.2854, 866.3473, 0.0000, 150, 120, 70
L 3388.2854, 866.3473, 0.0000, 3454.6120, 918.4610, 0.0000, 150, 120, 70
L 3454.6120, 918.4610, 0.0000, 3520.9385, 866.3473, 0.0000, 150, 120, 70
L 3520.9385, 866.3473, 0.0000, 3506.7257, 771.5951, 0.0000, 150, 120, 70
L 3506.7257, 771.5951, 0.0000, 3402.4983, 771.5951, 0.0000, 150, 120, 70
L 3430.9239, 804.7584, 0.0000, 3426.1863, 880.5601, 0.0000, 150, 120, 70
L 3478.3000, 804.7584, 0.0000, 3483.0376, 880.5601, 0.0000, 150, 120, 70
L 3454.6120, 800.0208, 0.0000, 3454.6120, 894.7730, 0.0000, 150, 120, 70
L 3383.5478, 871.0849, 0.0000, 3525.6761, 871.0849, 0.0000, 70, 66, 58
L 3535.1513, 743.1695, 0.0000, 3535.1513, 885.2977, 0.0000, 120, 84, 48
L 3535.1513, 743.1695, 0.0000, 3573.0522, 757.3823, 0.0000, 90, 96, 108
L 3573.0522, 757.3823, 0.0000, 3573.0522, 800.0208, 0.0000, 90, 96, 108
L 3573.0522, 800.0208, 0.0000, 3535.1513, 804.7584, 0.0000, 90, 96, 108
L 3535.1513, 804.7584, 0.0000, 3535.1513, 743.1695, 0.0000, 90, 96, 108
L 3398.81, 974.21, 0.0000, 3398.81, 948.97, 0.0000, 70, 66, 58
L 3398.81, 948.97, 0.0000, 3407.90, 948.97, 0.0000, 70, 66, 58
L 3407.90, 948.97, 0.0000, 3413.20, 956.54, 0.0000, 70, 66, 58
L 3413.20, 956.54, 0.0000, 3413.20, 966.64, 0.0000, 70, 66, 58
L 3413.20, 966.64, 0.0000, 3407.90, 974.21, 0.0000, 70, 66, 58
L 3407.90, 974.21, 0.0000, 3398.81, 974.21, 0.0000, 70, 66, 58
L 3421.52, 948.97, 0.0000, 3425.31, 974.21, 0.0000, 70, 66, 58
L 3425.31, 974.21, 0.0000, 3429.09, 959.06, 0.0000, 70, 66, 58
L 3429.09, 959.06, 0.0000, 3432.88, 974.21, 0.0000, 70, 66, 58
L 3432.88, 974.21, 0.0000, 3436.66, 948.97, 0.0000, 70, 66, 58
L 3444.23, 974.21, 0.0000, 3451.80, 948.97, 0.0000, 70, 66, 58
L 3451.80, 948.97, 0.0000, 3459.37, 974.21, 0.0000, 70, 66, 58
L 3448.02, 964.11, 0.0000, 3455.59, 964.11, 0.0000, 70, 66, 58
L 3466.94, 974.21, 0.0000, 3466.94, 948.97, 0.0000, 70, 66, 58
L 3466.94, 948.97, 0.0000, 3477.54, 948.97, 0.0000, 70, 66, 58
L 3477.54, 948.97, 0.0000, 3481.33, 954.02, 0.0000, 70, 66, 58
L 3481.33, 954.02, 0.0000, 3477.54, 960.33, 0.0000, 70, 66, 58
L 3477.54, 960.33, 0.0000, 3466.94, 960.33, 0.0000, 70, 66, 58
L 3472.24, 960.33, 0.0000, 3482.09, 974.21, 0.0000, 70, 66, 58
L 3489.66, 948.97, 0.0000, 3497.23, 974.21, 0.0000, 70, 66, 58
L 3497.23, 974.21, 0.0000, 3504.80, 948.97, 0.0000, 70, 66, 58
L 3527.51, 948.97, 0.0000, 3512.37, 948.97, 0.0000, 70, 66, 58
L 3512.37, 948.97, 0.0000, 3512.37, 974.21, 0.0000, 70, 66, 58
L 3512.37, 974.21, 0.0000, 3527.51, 974.21, 0.0000, 70, 66, 58
L 3512.37, 961.59, 0.0000, 3522.96, 961.59, 0.0000, 70, 66, 58
L 3550.22, 952.76, 0.0000, 3547.19, 948.97, 0.0000, 70, 66, 58
L 3547.19, 948.97, 0.0000, 3538.10, 948.97, 0.0000, 70, 66, 58
L 3538.10, 948.97, 0.0000, 3535.08, 953.51, 0.0000, 70, 66, 58
L 3535.08, 953.51, 0.0000, 3535.08, 959.06, 0.0000, 70, 66, 58
L 3535.08, 959.06, 0.0000, 3538.10, 961.59, 0.0000, 70, 66, 58
L 3538.10, 961.59, 0.0000, 3547.19, 961.59, 0.0000, 70, 66, 58
L 3547.19, 961.59, 0.0000, 3550.22, 964.62, 0.0000, 70, 66, 58
L 3550.22, 964.62, 0.0000, 3550.22, 970.17, 0.0000, 70, 66, 58
L 3550.22, 970.17, 0.0000, 3547.19, 974.21, 0.0000, 70, 66, 58
L 3547.19, 974.21, 0.0000, 3538.10, 974.21, 0.0000, 70, 66, 58
L 3538.10, 974.21, 0.0000, 3535.08, 970.17, 0.0000, 70, 66, 58
L 3561.2978, 2618.7602, 0.0000, 3561.2978, 2551.1816, 0.0000, 96, 90, 80
L 3561.2978, 2551.1816, 0.0000, 3583.8240, 2551.1816, 0.0000, 96, 90, 80
L 3583.8240, 2551.1816, 0.0000, 3583.8240, 2618.7602, 0.0000, 96, 90, 80
L 3583.8240, 2618.7602, 0.0000, 3561.2978, 2618.7602, 0.0000, 96, 90, 80
L 3540.6976, 2605.7852, 0.0000, 3540.6976, 2538.2065, 0.0000, 96, 90, 80
L 3540.6976, 2538.2065, 0.0000, 3563.2238, 2538.2065, 0.0000, 96, 90, 80
L 3563.2238, 2538.2065, 0.0000, 3563.2238, 2605.7852, 0.0000, 96, 90, 80
L 3563.2238, 2605.7852, 0.0000, 3540.6976, 2605.7852, 0.0000, 96, 90, 80
L 3507.3475, 2596.9774, 0.0000, 3507.3475, 2529.3988, 0.0000, 96, 90, 80
L 3507.3475, 2529.3988, 0.0000, 3529.8737, 2529.3988, 0.0000, 96, 90, 80
L 3529.8737, 2529.3988, 0.0000, 3529.8737, 2596.9774, 0.0000, 96, 90, 80
L 3529.8737, 2596.9774, 0.0000, 3507.3475, 2596.9774, 0.0000, 96, 90, 80
L 3467.0369, 2593.8575, 0.0000, 3467.0369, 2526.2789, 0.0000, 96, 90, 80
L 3467.0369, 2526.2789, 0.0000, 3489.5631, 2526.2789, 0.0000, 96, 90, 80
L 3489.5631, 2526.2789, 0.0000, 3489.5631, 2593.8575, 0.0000, 96, 90, 80
L 3489.5631, 2593.8575, 0.0000, 3467.0369, 2593.8575, 0.0000, 96, 90, 80
L 3426.7263, 2596.9774, 0.0000, 3426.7263, 2529.3988, 0.0000, 96, 90, 80
L 3426.7263, 2529.3988, 0.0000, 3449.2525, 2529.3988, 0.0000, 96, 90, 80
L 3449.2525, 2529.3988, 0.0000, 3449.2525, 2596.9774, 0.0000, 96, 90, 80
L 3449.2525, 2596.9774, 0.0000, 3426.7263, 2596.9774, 0.0000, 96, 90, 80
L 3393.3762, 2605.7852, 0.0000, 3393.3762, 2538.2065, 0.0000, 96, 90, 80
L 3393.3762, 2538.2065, 0.0000, 3415.9024, 2538.2065, 0.0000, 96, 90, 80
L 3415.9024, 2538.2065, 0.0000, 3415.9024, 2605.7852, 0.0000, 96, 90, 80
L 3415.9024, 2605.7852, 0.0000, 3393.3762, 2605.7852, 0.0000, 96, 90, 80
L 3372.7760, 2618.7602, 0.0000, 3372.7760, 2551.1816, 0.0000, 96, 90, 80
L 3372.7760, 2551.1816, 0.0000, 3395.3022, 2551.1816, 0.0000, 96, 90, 80
L 3395.3022, 2551.1816, 0.0000, 3395.3022, 2618.7602, 0.0000, 96, 90, 80
L 3395.3022, 2618.7602, 0.0000, 3372.7760, 2618.7602, 0.0000, 96, 90, 80
L 3545.5632, 2543.0835, 0.0000, 3545.5632, 2498.0311, 0.0000, 70, 66, 58
L 3563.5842, 2543.0835, 0.0000, 3563.5842, 2498.0311, 0.0000, 70, 66, 58
L 3545.5632, 2498.0311, 0.0000, 3563.5842, 2498.0311, 0.0000, 70, 66, 58
L 3514.0153, 2534.1068, 0.0000, 3514.0153, 2489.0544, 0.0000, 70, 66, 58
L 3532.0363, 2534.1068, 0.0000, 3532.0363, 2489.0544, 0.0000, 70, 66, 58
L 3514.0153, 2489.0544, 0.0000, 3532.0363, 2489.0544, 0.0000, 70, 66, 58
L 3469.2895, 2530.7842, 0.0000, 3469.2895, 2485.7318, 0.0000, 70, 66, 58
L 3487.3105, 2530.7842, 0.0000, 3487.3105, 2485.7318, 0.0000, 70, 66, 58
L 3469.2895, 2485.7318, 0.0000, 3487.3105, 2485.7318, 0.0000, 70, 66, 58
L 3424.5637, 2534.1068, 0.0000, 3424.5637, 2489.0544, 0.0000, 70, 66, 58
L 3442.5847, 2534.1068, 0.0000, 3442.5847, 2489.0544, 0.0000, 70, 66, 58
L 3424.5637, 2489.0544, 0.0000, 3442.5847, 2489.0544, 0.0000, 70, 66, 58
L 3393.0158, 2543.0835, 0.0000, 3393.0158, 2498.0311, 0.0000, 70, 66, 58
L 3411.0368, 2543.0835, 0.0000, 3411.0368, 2498.0311, 0.0000, 70, 66, 58
L 3393.0158, 2498.0311, 0.0000, 3411.0368, 2498.0311, 0.0000, 70, 66, 58
L 3379.89, 2695.51, 0.0000, 3376.86, 2691.72, 0.0000, 70, 66, 58
L 3376.86, 2691.72, 0.0000, 3367.78, 2691.72, 0.0000, 70, 66, 58
L 3367.78, 2691.72, 0.0000, 3364.75, 2696.26, 0.0000, 70, 66, 58
L 3364.75, 2696.26, 0.0000, 3364.75, 2701.81, 0.0000, 70, 66, 58
L 3364.75, 2701.81, 0.0000, 3367.78, 2704.34, 0.0000, 70, 66, 58
L 3367.78, 2704.34, 0.0000, 3376.86, 2704.34, 0.0000, 70, 66, 58
L 3376.86, 2704.34, 0.0000, 3379.89, 2707.37, 0.0000, 70, 66, 58
L 3379.89, 2707.37, 0.0000, 3379.89, 2712.92, 0.0000, 70, 66, 58
L 3379.89, 2712.92, 0.0000, 3376.86, 2716.96, 0.0000, 70, 66, 58
L 3376.86, 2716.96, 0.0000, 3367.78, 2716.96, 0.0000, 70, 66, 58
L 3367.78, 2716.96, 0.0000, 3364.75, 2712.92, 0.0000, 70, 66, 58
L 3387.46, 2691.72, 0.0000, 3402.60, 2691.72, 0.0000, 70, 66, 58
L 3395.03, 2691.72, 0.0000, 3395.03, 2716.96, 0.0000, 70, 66, 58
L 3413.95, 2716.96, 0.0000, 3421.52, 2716.96, 0.0000, 70, 66, 58
L 3421.52, 2716.96, 0.0000, 3425.31, 2709.39, 0.0000, 70, 66, 58
L 3425.31, 2709.39, 0.0000, 3425.31, 2699.29, 0.0000, 70, 66, 58
L 3425.31, 2699.29, 0.0000, 3421.52, 2691.72, 0.0000, 70, 66, 58
L 3421.52, 2691.72, 0.0000, 3413.95, 2691.72, 0.0000, 70, 66, 58
L 3413.95, 2691.72, 0.0000, 3410.17, 2699.29, 0.0000, 70, 66, 58
L 3410.17, 2699.29, 0.0000, 3410.17, 2709.39, 0.0000, 70, 66, 58
L 3410.17, 2709.39, 0.0000, 3413.95, 2716.96, 0.0000, 70, 66, 58
L 3432.88, 2716.96, 0.0000, 3432.88, 2691.72, 0.0000, 70, 66, 58
L 3432.88, 2691.72, 0.0000, 3448.02, 2716.96, 0.0000, 70, 66, 58
L 3448.02, 2716.96, 0.0000, 3448.02, 2691.72, 0.0000, 70, 66, 58
L 3470.73, 2691.72, 0.0000, 3455.59, 2691.72, 0.0000, 70, 66, 58
L 3455.59, 2691.72, 0.0000, 3455.59, 2716.96, 0.0000, 70, 66, 58
L 3455.59, 2716.96, 0.0000, 3470.73, 2716.96, 0.0000, 70, 66, 58
L 3455.59, 2704.34, 0.0000, 3466.19, 2704.34, 0.0000, 70, 66, 58
L 3501.01, 2716.96, 0.0000, 3501.01, 2691.72, 0.0000, 70, 66, 58
L 3501.01, 2691.72, 0.0000, 3511.61, 2691.72, 0.0000, 70, 66, 58
L 3511.61, 2691.72, 0.0000, 3515.39, 2696.77, 0.0000, 70, 66, 58
L 3515.39, 2696.77, 0.0000, 3511.61, 2703.08, 0.0000, 70, 66, 58
L 3511.61, 2703.08, 0.0000, 3501.01, 2703.08, 0.0000, 70, 66, 58
L 3506.31, 2703.08, 0.0000, 3516.15, 2716.96, 0.0000, 70, 66, 58
L 3531.29, 2716.96, 0.0000, 3531.29, 2691.72, 0.0000, 70, 66, 58
L 3526.75, 2691.72, 0.0000, 3535.83, 2691.72, 0.0000, 70, 66, 58
L 3526.75, 2716.96, 0.0000, 3535.83, 2716.96, 0.0000, 70, 66, 58
L 3546.43, 2716.96, 0.0000, 3546.43, 2691.72, 0.0000, 70, 66, 58
L 3546.43, 2691.72, 0.0000, 3561.57, 2716.96, 0.0000, 70, 66, 58
L 3561.57, 2716.96, 0.0000, 3561.57, 2691.72, 0.0000, 70, 66, 58
L 3583.53, 2696.77, 0.0000, 3579.74, 2691.72, 0.0000, 70, 66, 58
L 3579.74, 2691.72, 0.0000, 3572.93, 2691.72, 0.0000, 70, 66, 58
L 3572.93, 2691.72, 0.0000, 3569.14, 2699.29, 0.0000, 70, 66, 58
L 3569.14, 2699.29, 0.0000, 3569.14, 2709.39, 0.0000, 70, 66, 58
L 3569.14, 2709.39, 0.0000, 3572.93, 2716.96, 0.0000, 70, 66, 58
L 3572.93, 2716.96, 0.0000, 3579.74, 2716.96, 0.0000, 70, 66, 58
L 3579.74, 2716.96, 0.0000, 3583.53, 2710.65, 0.0000, 70, 66, 58
L 3583.53, 2710.65, 0.0000, 3583.53, 2705.60, 0.0000, 70, 66, 58
L 3583.53, 2705.60, 0.0000, 3578.23, 2705.60, 0.0000, 70, 66, 58
L -4254.6963, -2567.0390, 0.0000, -4243.7998, -2757.7278, 0.0000, 96, 90, 80
L -4243.7998, -2757.7278, 0.0000, -4167.5243, -2757.7278, 0.0000, 96, 90, 80
L -4167.5243, -2757.7278, 0.0000, -4156.6278, -2567.0390, 0.0000, 96, 90, 80
L -4156.6278, -2567.0390, 0.0000, -4254.6963, -2567.0390, 0.0000, 96, 90, 80
L -4238.3516, -2681.4522, 0.0000, -4172.9726, -2681.4522, 0.0000, 70, 66, 58
L -4238.3516, -2632.4180, 0.0000, -4172.9726, -2632.4180, 0.0000, 70, 66, 58
L -4243.7998, -2757.7278, 0.0000, -4243.7998, -2784.9690, 0.0000, 96, 90, 80
L -4243.7998, -2784.9690, 0.0000, -4230.1792, -2784.9690, 0.0000, 96, 90, 80
L -4230.1792, -2784.9690, 0.0000, -4230.1792, -2757.7278, 0.0000, 96, 90, 80
L -4218.3701, -2757.7278, 0.0000, -4218.3701, -2784.9690, 0.0000, 96, 90, 80
L -4218.3701, -2784.9690, 0.0000, -4204.7495, -2784.9690, 0.0000, 96, 90, 80
L -4204.7495, -2784.9690, 0.0000, -4204.7495, -2757.7278, 0.0000, 96, 90, 80
L -4192.9540, -2757.7278, 0.0000, -4192.9540, -2784.9690, 0.0000, 96, 90, 80
L -4192.9540, -2784.9690, 0.0000, -4179.3334, -2784.9690, 0.0000, 96, 90, 80
L -4179.3334, -2784.9690, 0.0000, -4179.3334, -2757.7278, 0.0000, 96, 90, 80
L -4167.5243, -2757.7278, 0.0000, -4167.5243, -2784.9690, 0.0000, 96, 90, 80
L -4167.5243, -2784.9690, 0.0000, -4153.9037, -2784.9690, 0.0000, 96, 90, 80
L -4153.9037, -2784.9690, 0.0000, -4153.9037, -2757.7278, 0.0000, 96, 90, 80
L -4219.2827, -2567.0390, 0.0000, -4219.2827, -2626.9697, 0.0000, 70, 66, 58
L -4192.0414, -2567.0390, 0.0000, -4192.0414, -2626.9697, 0.0000, 70, 66, 58
L -4219.2827, -2626.9697, 0.0000, -4192.0414, -2626.9697, 0.0000, 70, 66, 58
L -4314.82, -2531.48, 0.0000, -4318.61, -2536.53, 0.0000, 70, 66, 58
L -4318.61, -2536.53, 0.0000, -4325.42, -2536.53, 0.0000, 70, 66, 58
L -4325.42, -2536.53, 0.0000, -4329.21, -2528.96, 0.0000, 70, 66, 58
L -4329.21, -2528.96, 0.0000, -4329.21, -2518.86, 0.0000, 70, 66, 58
L -4329.21, -2518.86, 0.0000, -4325.42, -2511.29, 0.0000, 70, 66, 58
L -4325.42, -2511.29, 0.0000, -4318.61, -2511.29, 0.0000, 70, 66, 58
L -4318.61, -2511.29, 0.0000, -4314.82, -2517.60, 0.0000, 70, 66, 58
L -4314.82, -2517.60, 0.0000, -4314.82, -2522.65, 0.0000, 70, 66, 58
L -4314.82, -2522.65, 0.0000, -4320.12, -2522.65, 0.0000, 70, 66, 58
L -4306.50, -2536.53, 0.0000, -4306.50, -2516.34, 0.0000, 70, 66, 58
L -4306.50, -2516.34, 0.0000, -4303.47, -2511.29, 0.0000, 70, 66, 58
L -4303.47, -2511.29, 0.0000, -4294.39, -2511.29, 0.0000, 70, 66, 58
L -4294.39, -2511.29, 0.0000, -4291.36, -2516.34, 0.0000, 70, 66, 58
L -4291.36, -2516.34, 0.0000, -4291.36, -2536.53, 0.0000, 70, 66, 58
L -4283.79, -2511.29, 0.0000, -4276.22, -2536.53, 0.0000, 70, 66, 58
L -4276.22, -2536.53, 0.0000, -4268.65, -2511.29, 0.0000, 70, 66, 58
L -4280.00, -2521.39, 0.0000, -4272.43, -2521.39, 0.0000, 70, 66, 58
L -4261.08, -2511.29, 0.0000, -4261.08, -2536.53, 0.0000, 70, 66, 58
L -4261.08, -2536.53, 0.0000, -4250.48, -2536.53, 0.0000, 70, 66, 58
L -4250.48, -2536.53, 0.0000, -4246.69, -2531.48, 0.0000, 70, 66, 58
L -4246.69, -2531.48, 0.0000, -4250.48, -2525.17, 0.0000, 70, 66, 58
L -4250.48, -2525.17, 0.0000, -4261.08, -2525.17, 0.0000, 70, 66, 58
L -4255.78, -2525.17, 0.0000, -4245.94, -2511.29, 0.0000, 70, 66, 58
L -4238.37, -2511.29, 0.0000, -4238.37, -2536.53, 0.0000, 70, 66, 58
L -4238.37, -2536.53, 0.0000, -4229.28, -2536.53, 0.0000, 70, 66, 58
L -4229.28, -2536.53, 0.0000, -4223.98, -2528.96, 0.0000, 70, 66, 58
L -4223.98, -2528.96, 0.0000, -4223.98, -2518.86, 0.0000, 70, 66, 58
L -4223.98, -2518.86, 0.0000, -4229.28, -2511.29, 0.0000, 70, 66, 58
L -4229.28, -2511.29, 0.0000, -4238.37, -2511.29, 0.0000, 70, 66, 58
L -4192.94, -2536.53, 0.0000, -4177.80, -2536.53, 0.0000, 70, 66, 58
L -4185.37, -2536.53, 0.0000, -4185.37, -2511.29, 0.0000, 70, 66, 58
L -4166.45, -2511.29, 0.0000, -4158.88, -2511.29, 0.0000, 70, 66, 58
L -4158.88, -2511.29, 0.0000, -4155.09, -2518.86, 0.0000, 70, 66, 58
L -4155.09, -2518.86, 0.0000, -4155.09, -2528.96, 0.0000, 70, 66, 58
L -4155.09, -2528.96, 0.0000, -4158.88, -2536.53, 0.0000, 70, 66, 58
L -4158.88, -2536.53, 0.0000, -4166.45, -2536.53, 0.0000, 70, 66, 58
L -4166.45, -2536.53, 0.0000, -4170.23, -2528.96, 0.0000, 70, 66, 58
L -4170.23, -2528.96, 0.0000, -4170.23, -2518.86, 0.0000, 70, 66, 58
L -4170.23, -2518.86, 0.0000, -4166.45, -2511.29, 0.0000, 70, 66, 58
L -4147.52, -2536.53, 0.0000, -4143.74, -2511.29, 0.0000, 70, 66, 58
L -4143.74, -2511.29, 0.0000, -4139.95, -2526.44, 0.0000, 70, 66, 58
L -4139.95, -2526.44, 0.0000, -4136.17, -2511.29, 0.0000, 70, 66, 58
L -4136.17, -2511.29, 0.0000, -4132.38, -2536.53, 0.0000, 70, 66, 58
L -4109.67, -2536.53, 0.0000, -4124.81, -2536.53, 0.0000, 70, 66, 58
L -4124.81, -2536.53, 0.0000, -4124.81, -2511.29, 0.0000, 70, 66, 58
L -4124.81, -2511.29, 0.0000, -4109.67, -2511.29, 0.0000, 70, 66, 58
L -4124.81, -2523.91, 0.0000, -4114.21, -2523.91, 0.0000, 70, 66, 58
L -4102.10, -2511.29, 0.0000, -4102.10, -2536.53, 0.0000, 70, 66, 58
L -4102.10, -2536.53, 0.0000, -4091.50, -2536.53, 0.0000, 70, 66, 58
L -4091.50, -2536.53, 0.0000, -4087.72, -2531.48, 0.0000, 70, 66, 58
L -4087.72, -2531.48, 0.0000, -4091.50, -2525.17, 0.0000, 70, 66, 58
L -4091.50, -2525.17, 0.0000, -4102.10, -2525.17, 0.0000, 70, 66, 58
L -4096.80, -2525.17, 0.0000, -4086.96, -2511.29, 0.0000, 70, 66, 58
L -4246.6753, 761.0671, 0.0000, -4264.8361, 815.5496, 0.0000, 90, 110, 70
L -4264.8361, 815.5496, 0.0000, -4204.3000, 839.7641, 0.0000, 90, 110, 70
L -4204.3000, 839.7641, 0.0000, -4143.7639, 815.5496, 0.0000, 90, 110, 70
L -4143.7639, 815.5496, 0.0000, -4161.9247, 761.0671, 0.0000, 90, 110, 70
L -4161.9247, 761.0671, 0.0000, -4246.6753, 761.0671, 0.0000, 90, 110, 70
L -4246.6753, 773.1743, 0.0000, -4307.2114, 724.7454, 0.0000, 90, 110, 70
L -4307.2114, 724.7454, 0.0000, -4222.4608, 755.0135, 0.0000, 90, 110, 70
L -4161.9247, 773.1743, 0.0000, -4101.3886, 724.7454, 0.0000, 90, 110, 70
L -4101.3886, 724.7454, 0.0000, -4186.1392, 755.0135, 0.0000, 90, 110, 70
L -4228.5144, 785.2816, 0.0000, -4213.3804, 785.2816, 0.0000, 70, 66, 58
L -4195.2196, 785.2816, 0.0000, -4180.0856, 785.2816, 0.0000, 70, 66, 58
L -4204.3000, 839.7641, 0.0000, -4204.3000, 918.4610, 0.0000, 90, 110, 70
L -4155.8711, 730.7991, 0.0000, -4155.8711, 912.4074, 0.0000, 120, 84, 48
L -4155.8711, 730.7991, 0.0000, -4174.0319, 700.5310, 0.0000, 90, 96, 108
L -4155.8711, 730.7991, 0.0000, -4137.7103, 700.5310, 0.0000, 90, 96, 108
L -4269.40, 954.02, 0.0000, -4273.19, 948.97, 0.0000, 70, 66, 58
L -4273.19, 948.97, 0.0000, -4280.00, 948.97, 0.0000, 70, 66, 58
L -4280.00, 948.97, 0.0000, -4283.79, 956.54, 0.0000, 70, 66, 58
L -4283.79, 956.54, 0.0000, -4283.79, 966.64, 0.0000, 70, 66, 58
L -4283.79, 966.64, 0.0000, -4280.00, 974.21, 0.0000, 70, 66, 58
L -4280.00, 974.21, 0.0000, -4273.19, 974.21, 0.0000, 70, 66, 58
L -4273.19, 974.21, 0.0000, -4269.40, 967.90, 0.0000, 70, 66, 58
L -4269.40, 967.90, 0.0000, -4269.40, 962.85, 0.0000, 70, 66, 58
L -4269.40, 962.85, 0.0000, -4274.70, 962.85, 0.0000, 70, 66, 58
L -4257.29, 974.21, 0.0000, -4249.72, 974.21, 0.0000, 70, 66, 58
L -4249.72, 974.21, 0.0000, -4245.94, 966.64, 0.0000, 70, 66, 58
L -4245.94, 966.64, 0.0000, -4245.94, 956.54, 0.0000, 70, 66, 58
L -4245.94, 956.54, 0.0000, -4249.72, 948.97, 0.0000, 70, 66, 58
L -4249.72, 948.97, 0.0000, -4257.29, 948.97, 0.0000, 70, 66, 58
L -4257.29, 948.97, 0.0000, -4261.08, 956.54, 0.0000, 70, 66, 58
L -4261.08, 956.54, 0.0000, -4261.08, 966.64, 0.0000, 70, 66, 58
L -4261.08, 966.64, 0.0000, -4257.29, 974.21, 0.0000, 70, 66, 58
L -4238.37, 974.21, 0.0000, -4238.37, 948.97, 0.0000, 70, 66, 58
L -4238.37, 948.97, 0.0000, -4227.77, 948.97, 0.0000, 70, 66, 58
L -4227.77, 948.97, 0.0000, -4224.74, 954.02, 0.0000, 70, 66, 58
L -4224.74, 954.02, 0.0000, -4227.77, 960.33, 0.0000, 70, 66, 58
L -4227.77, 960.33, 0.0000, -4238.37, 960.33, 0.0000, 70, 66, 58
L -4238.37, 960.33, 0.0000, -4227.01, 960.33, 0.0000, 70, 66, 58
L -4227.01, 960.33, 0.0000, -4223.98, 966.64, 0.0000, 70, 66, 58
L -4223.98, 966.64, 0.0000, -4227.77, 974.21, 0.0000, 70, 66, 58
L -4227.77, 974.21, 0.0000, -4238.37, 974.21, 0.0000, 70, 66, 58
L -4215.66, 948.97, 0.0000, -4215.66, 974.21, 0.0000, 70, 66, 58
L -4215.66, 974.21, 0.0000, -4203.54, 974.21, 0.0000, 70, 66, 58
L -4185.37, 974.21, 0.0000, -4185.37, 948.97, 0.0000, 70, 66, 58
L -4189.92, 948.97, 0.0000, -4180.83, 948.97, 0.0000, 70, 66, 58
L -4189.92, 974.21, 0.0000, -4180.83, 974.21, 0.0000, 70, 66, 58
L -4170.23, 974.21, 0.0000, -4170.23, 948.97, 0.0000, 70, 66, 58
L -4170.23, 948.97, 0.0000, -4155.09, 974.21, 0.0000, 70, 66, 58
L -4155.09, 974.21, 0.0000, -4155.09, 948.97, 0.0000, 70, 66, 58
L -4132.38, 952.76, 0.0000, -4135.41, 948.97, 0.0000, 70, 66, 58
L -4135.41, 948.97, 0.0000, -4144.50, 948.97, 0.0000, 70, 66, 58
L -4144.50, 948.97, 0.0000, -4147.52, 953.51, 0.0000, 70, 66, 58
L -4147.52, 953.51, 0.0000, -4147.52, 959.06, 0.0000, 70, 66, 58
L -4147.52, 959.06, 0.0000, -4144.50, 961.59, 0.0000, 70, 66, 58
L -4144.50, 961.59, 0.0000, -4135.41, 961.59, 0.0000, 70, 66, 58
L -4135.41, 961.59, 0.0000, -4132.38, 964.62, 0.0000, 70, 66, 58
L -4132.38, 964.62, 0.0000, -4132.38, 970.17, 0.0000, 70, 66, 58
L -4132.38, 970.17, 0.0000, -4135.41, 974.21, 0.0000, 70, 66, 58
L -4135.41, 974.21, 0.0000, -4144.50, 974.21, 0.0000, 70, 66, 58
L -4144.50, 974.21, 0.0000, -4147.52, 970.17, 0.0000, 70, 66, 58
L -4235.3365, 2462.2402, 0.0000, -4241.5438, 2511.8986, 0.0000, 120, 100, 70
L -4241.5438, 2511.8986, 0.0000, -4167.0562, 2511.8986, 0.0000, 120, 100, 70
L -4167.0562, 2511.8986, 0.0000, -4173.2635, 2462.2402, 0.0000, 120, 100, 70
L -4173.2635, 2462.2402, 0.0000, -4235.3365, 2462.2402, 0.0000, 120, 100, 70
L -4173.2635, 2487.0694, 0.0000, -4123.6052, 2499.4840, 0.0000, 150, 120, 40
L -4123.6052, 2499.4840, 0.0000, -4173.2635, 2511.8986, 0.0000, 150, 120, 40
L -4216.7146, 2480.8621, 0.0000, -4207.4036, 2480.8621, 0.0000, 70, 66, 58
L -4198.0927, 2480.8621, 0.0000, -4188.7818, 2480.8621, 0.0000, 70, 66, 58
L -4204.3000, 2511.8986, 0.0000, -4204.3000, 2605.0080, 0.0000, 120, 100, 70
L -4204.3000, 2524.3132, 0.0000, -4309.8240, 2493.2767, 0.0000, 120, 100, 70
L -4309.8240, 2493.2767, 0.0000, -4291.2021, 2561.5569, 0.0000, 120, 100, 70
L -4291.2021, 2561.5569, 0.0000, -4204.3000, 2555.3496, 0.0000, 120, 100, 70
L -4204.3000, 2555.3496, 0.0000, -4204.3000, 2524.3132, 0.0000, 120, 100, 70
L -4204.3000, 2524.3132, 0.0000, -4098.7760, 2493.2767, 0.0000, 120, 100, 70
L -4098.7760, 2493.2767, 0.0000, -4117.3979, 2561.5569, 0.0000, 120, 100, 70
L -4117.3979, 2561.5569, 0.0000, -4204.3000, 2555.3496, 0.0000, 120, 100, 70
L -4204.3000, 2555.3496, 0.0000, -4204.3000, 2524.3132, 0.0000, 120, 100, 70
L -4222.9219, 2605.0080, 0.0000, -4222.9219, 2642.2518, 0.0000, 150, 120, 40
L -4185.6781, 2605.0080, 0.0000, -4185.6781, 2642.2518, 0.0000, 150, 120, 40
L -4329.21, 2716.96, 0.0000, -4329.21, 2691.72, 0.0000, 70, 66, 58
L -4329.21, 2705.60, 0.0000, -4316.34, 2691.72, 0.0000, 70, 66, 58
L -4325.42, 2703.08, 0.0000, -4315.58, 2716.96, 0.0000, 70, 66, 58
L -4306.50, 2716.96, 0.0000, -4306.50, 2691.72, 0.0000, 70, 66, 58
L -4306.50, 2691.72, 0.0000, -4295.90, 2691.72, 0.0000, 70, 66, 58
L -4295.90, 2691.72, 0.0000, -4292.11, 2696.77, 0.0000, 70, 66, 58
L -4292.11, 2696.77, 0.0000, -4295.90, 2703.08, 0.0000, 70, 66, 58
L -4295.90, 2703.08, 0.0000, -4306.50, 2703.08, 0.0000, 70, 66, 58
L -4301.20, 2703.08, 0.0000, -4291.36, 2716.96, 0.0000, 70, 66, 58
L -4283.79, 2716.96, 0.0000, -4276.22, 2691.72, 0.0000, 70, 66, 58
L -4276.22, 2691.72, 0.0000, -4268.65, 2716.96, 0.0000, 70, 66, 58
L -4280.00, 2706.86, 0.0000, -4272.43, 2706.86, 0.0000, 70, 66, 58
L -4246.69, 2696.77, 0.0000, -4250.48, 2691.72, 0.0000, 70, 66, 58
L -4250.48, 2691.72, 0.0000, -4257.29, 2691.72, 0.0000, 70, 66, 58
L -4257.29, 2691.72, 0.0000, -4261.08, 2699.29, 0.0000, 70, 66, 58
L -4261.08, 2699.29, 0.0000, -4261.08, 2709.39, 0.0000, 70, 66, 58
L -4261.08, 2709.39, 0.0000, -4257.29, 2716.96, 0.0000, 70, 66, 58
L -4257.29, 2716.96, 0.0000, -4250.48, 2716.96, 0.0000, 70, 66, 58
L -4250.48, 2716.96, 0.0000, -4246.69, 2710.65, 0.0000, 70, 66, 58
L -4246.69, 2710.65, 0.0000, -4246.69, 2705.60, 0.0000, 70, 66, 58
L -4246.69, 2705.60, 0.0000, -4251.99, 2705.60, 0.0000, 70, 66, 58
L -4215.66, 2716.96, 0.0000, -4208.09, 2691.72, 0.0000, 70, 66, 58
L -4208.09, 2691.72, 0.0000, -4200.51, 2716.96, 0.0000, 70, 66, 58
L -4211.87, 2706.86, 0.0000, -4204.30, 2706.86, 0.0000, 70, 66, 58
L -4192.94, 2691.72, 0.0000, -4185.37, 2716.96, 0.0000, 70, 66, 58
L -4185.37, 2716.96, 0.0000, -4177.80, 2691.72, 0.0000, 70, 66, 58
L -4162.66, 2716.96, 0.0000, -4162.66, 2691.72, 0.0000, 70, 66, 58
L -4167.21, 2691.72, 0.0000, -4158.12, 2691.72, 0.0000, 70, 66, 58
L -4167.21, 2716.96, 0.0000, -4158.12, 2716.96, 0.0000, 70, 66, 58
L -4147.52, 2716.96, 0.0000, -4139.95, 2691.72, 0.0000, 70, 66, 58
L -4139.95, 2691.72, 0.0000, -4132.38, 2716.96, 0.0000, 70, 66, 58
L -4143.74, 2706.86, 0.0000, -4136.17, 2706.86, 0.0000, 70, 66, 58
L -4124.81, 2716.96, 0.0000, -4124.81, 2691.72, 0.0000, 70, 66, 58
L -4124.81, 2705.60, 0.0000, -4111.94, 2691.72, 0.0000, 70, 66, 58
L -4121.03, 2703.08, 0.0000, -4111.19, 2716.96, 0.0000, 70, 66, 58
L -4086.96, 2695.51, 0.0000, -4089.99, 2691.72, 0.0000, 70, 66, 58
L -4089.99, 2691.72, 0.0000, -4099.07, 2691.72, 0.0000, 70, 66, 58
L -4099.07, 2691.72, 0.0000, -4102.10, 2696.26, 0.0000, 70, 66, 58
L -4102.10, 2696.26, 0.0000, -4102.10, 2701.81, 0.0000, 70, 66, 58
L -4102.10, 2701.81, 0.0000, -4099.07, 2704.34, 0.0000, 70, 66, 58
L -4099.07, 2704.34, 0.0000, -4089.99, 2704.34, 0.0000, 70, 66, 58
L -4089.99, 2704.34, 0.0000, -4086.96, 2707.37, 0.0000, 70, 66, 58
L -4086.96, 2707.37, 0.0000, -4086.96, 2712.92, 0.0000, 70, 66, 58
L -4086.96, 2712.92, 0.0000, -4089.99, 2716.96, 0.0000, 70, 66, 58
L -4089.99, 2716.96, 0.0000, -4099.07, 2716.96, 0.0000, 70, 66, 58
L -4099.07, 2716.96, 0.0000, -4102.10, 2712.92, 0.0000, 70, 66, 58
L -4296.40, 3489.00, 0.0000, -4061.44, 3379.00, 0.0000, 96, 90, 80
L -4061.44, 3379.00, 0.0000, -3826.48, 3489.00, 0.0000, 96, 90, 80
L -4155.43, 3434.00, 0.0000, -3967.46, 3434.00, 0.0000, 96, 90, 80
L -3861.29, 3489.00, 0.0000, -3626.33, 3353.00, 0.0000, 96, 90, 80
L -3626.33, 3353.00, 0.0000, -3391.37, 3489.00, 0.0000, 96, 90, 80
L -3720.32, 3421.00, 0.0000, -3532.35, 3421.00, 0.0000, 96, 90, 80
L -3426.18, 3489.00, 0.0000, -3191.22, 3379.00, 0.0000, 96, 90, 80
L -3191.22, 3379.00, 0.0000, -2956.26, 3489.00, 0.0000, 96, 90, 80
L -3285.21, 3434.00, 0.0000, -3097.24, 3434.00, 0.0000, 96, 90, 80
L -2991.07, 3489.00, 0.0000, -2756.11, 3353.00, 0.0000, 96, 90, 80
L -2756.11, 3353.00, 0.0000, -2521.15, 3489.00, 0.0000, 96, 90, 80
L -2850.10, 3421.00, 0.0000, -2662.13, 3421.00, 0.0000, 96, 90, 80
L -2555.96, 3489.00, 0.0000, -2321.00, 3379.00, 0.0000, 96, 90, 80
L -2321.00, 3379.00, 0.0000, -2086.04, 3489.00, 0.0000, 96, 90, 80
L -2414.98, 3434.00, 0.0000, -2227.02, 3434.00, 0.0000, 96, 90, 80
L -2120.85, 3489.00, 0.0000, -1885.89, 3353.00, 0.0000, 96, 90, 80
L -1885.89, 3353.00, 0.0000, -1650.93, 3489.00, 0.0000, 96, 90, 80
L -1979.87, 3421.00, 0.0000, -1791.90, 3421.00, 0.0000, 96, 90, 80
L -1685.74, 3489.00, 0.0000, -1450.78, 3379.00, 0.0000, 96, 90, 80
L -1450.78, 3379.00, 0.0000, -1215.82, 3489.00, 0.0000, 96, 90, 80
L -1544.76, 3434.00, 0.0000, -1356.79, 3434.00, 0.0000, 96, 90, 80
L -1250.63, 3489.00, 0.0000, -1015.67, 3353.00, 0.0000, 96, 90, 80
L -1015.67, 3353.00, 0.0000, -780.71, 3489.00, 0.0000, 96, 90, 80
L -1109.65, 3421.00, 0.0000, -921.68, 3421.00, 0.0000, 96, 90, 80
L -815.52, 3489.00, 0.0000, -580.56, 3379.00, 0.0000, 96, 90, 80
L -580.56, 3379.00, 0.0000, -345.60, 3489.00, 0.0000, 96, 90, 80
L -674.54, 3434.00, 0.0000, -486.57, 3434.00, 0.0000, 96, 90, 80
L -380.40, 3489.00, 0.0000, -145.44, 3353.00, 0.0000, 96, 90, 80
L -145.44, 3353.00, 0.0000, 89.52, 3489.00, 0.0000, 96, 90, 80
L -239.43, 3421.00, 0.0000, -51.46, 3421.00, 0.0000, 96, 90, 80
L 54.71, 3489.00, 0.0000, 289.67, 3379.00, 0.0000, 96, 90, 80
L 289.67, 3379.00, 0.0000, 524.63, 3489.00, 0.0000, 96, 90, 80
L 195.68, 3434.00, 0.0000, 383.65, 3434.00, 0.0000, 96, 90, 80
L 489.82, 3489.00, 0.0000, 724.78, 3353.00, 0.0000, 96, 90, 80
L 724.78, 3353.00, 0.0000, 959.74, 3489.00, 0.0000, 96, 90, 80
L 630.79, 3421.00, 0.0000, 818.76, 3421.00, 0.0000, 96, 90, 80
L 924.93, 3489.00, 0.0000, 1159.89, 3379.00, 0.0000, 96, 90, 80
L 1159.89, 3379.00, 0.0000, 1394.85, 3489.00, 0.0000, 96, 90, 80
L 1065.90, 3434.00, 0.0000, 1253.87, 3434.00, 0.0000, 96, 90, 80
L 1360.04, 3489.00, 0.0000, 1595.00, 3353.00, 0.0000, 96, 90, 80
L 1595.00, 3353.00, 0.0000, 1829.96, 3489.00, 0.0000, 96, 90, 80
L 1501.02, 3421.00, 0.0000, 1688.98, 3421.00, 0.0000, 96, 90, 80
L 1795.15, 3489.00, 0.0000, 2030.11, 3379.00, 0.0000, 96, 90, 80
L 2030.11, 3379.00, 0.0000, 2265.07, 3489.00, 0.0000, 96, 90, 80
L 1936.13, 3434.00, 0.0000, 2124.10, 3434.00, 0.0000, 96, 90, 80
L 2230.26, 3489.00, 0.0000, 2465.22, 3353.00, 0.0000, 96, 90, 80
L 2465.22, 3353.00, 0.0000, 2700.18, 3489.00, 0.0000, 96, 90, 80
L 2371.24, 3421.00, 0.0000, 2559.21, 3421.00, 0.0000, 96, 90, 80
L 2665.37, 3489.00, 0.0000, 2900.33, 3379.00, 0.0000, 96, 90, 80
L 2900.33, 3379.00, 0.0000, 3135.29, 3489.00, 0.0000, 96, 90, 80
L 2806.35, 3434.00, 0.0000, 2994.32, 3434.00, 0.0000, 96, 90, 80
L 3100.48, 3489.00, 0.0000, 3335.44, 3353.00, 0.0000, 96, 90, 80
L 3335.44, 3353.00, 0.0000, 3570.40, 3489.00, 0.0000, 96, 90, 80
L 3241.46, 3421.00, 0.0000, 3429.43, 3421.00, 0.0000, 96, 90, 80
L 3530.00, -3209.00, 0.0000, 3526.81, -3172.53, 0.0000, 70, 66, 58
L 3526.81, -3172.53, 0.0000, 3517.34, -3137.18, 0.0000, 70, 66, 58
L 3517.34, -3137.18, 0.0000, 3501.87, -3104.00, 0.0000, 70, 66, 58
L 3501.87, -3104.00, 0.0000, 3480.87, -3074.01, 0.0000, 70, 66, 58
L 3480.87, -3074.01, 0.0000, 3454.99, -3048.13, 0.0000, 70, 66, 58
L 3454.99, -3048.13, 0.0000, 3425.00, -3027.13, 0.0000, 70, 66, 58
L 3425.00, -3027.13, 0.0000, 3391.82, -3011.66, 0.0000, 70, 66, 58
L 3391.82, -3011.66, 0.0000, 3356.47, -3002.19, 0.0000, 70, 66, 58
L 3356.47, -3002.19, 0.0000, 3320.00, -2999.00, 0.0000, 70, 66, 58
L 3320.00, -2999.00, 0.0000, 3283.53, -3002.19, 0.0000, 70, 66, 58
L 3283.53, -3002.19, 0.0000, 3248.18, -3011.66, 0.0000, 70, 66, 58
L 3248.18, -3011.66, 0.0000, 3215.00, -3027.13, 0.0000, 70, 66, 58
L 3215.00, -3027.13, 0.0000, 3185.01, -3048.13, 0.0000, 70, 66, 58
L 3185.01, -3048.13, 0.0000, 3159.13, -3074.01, 0.0000, 70, 66, 58
L 3159.13, -3074.01, 0.0000, 3138.13, -3104.00, 0.0000, 70, 66, 58
L 3138.13, -3104.00, 0.0000, 3122.66, -3137.18, 0.0000, 70, 66, 58
L 3122.66, -3137.18, 0.0000, 3113.19, -3172.53, 0.0000, 70, 66, 58
L 3113.19, -3172.53, 0.0000, 3110.00, -3209.00, 0.0000, 70, 66, 58
L 3110.00, -3209.00, 0.0000, 3113.19, -3245.47, 0.0000, 70, 66, 58
L 3113.19, -3245.47, 0.0000, 3122.66, -3280.82, 0.0000, 70, 66, 58
L 3122.66, -3280.82, 0.0000, 3138.13, -3314.00, 0.0000, 70, 66, 58
L 3138.13, -3314.00, 0.0000, 3159.13, -3343.99, 0.0000, 70, 66, 58
L 3159.13, -3343.99, 0.0000, 3185.01, -3369.87, 0.0000, 70, 66, 58
L 3185.01, -3369.87, 0.0000, 3215.00, -3390.87, 0.0000, 70, 66, 58
L 3215.00, -3390.87, 0.0000, 3248.18, -3406.34, 0.0000, 70, 66, 58
L 3248.18, -3406.34, 0.0000, 3283.53, -3415.81, 0.0000, 70, 66, 58
L 3283.53, -3415.81, 0.0000, 3320.00, -3419.00, 0.0000, 70, 66, 58
L 3320.00, -3419.00, 0.0000, 3356.47, -3415.81, 0.0000, 70, 66, 58
L 3356.47, -3415.81, 0.0000, 3391.82, -3406.34, 0.0000, 70, 66, 58
L 3391.82, -3406.34, 0.0000, 3425.00, -3390.87, 0.0000, 70, 66, 58
L 3425.00, -3390.87, 0.0000, 3454.99, -3369.87, 0.0000, 70, 66, 58
L 3454.99, -3369.87, 0.0000, 3480.87, -3343.99, 0.0000, 70, 66, 58
L 3480.87, -3343.99, 0.0000, 3501.87, -3314.00, 0.0000, 70, 66, 58
L 3501.87, -3314.00, 0.0000, 3517.34, -3280.82, 0.0000, 70, 66, 58
L 3517.34, -3280.82, 0.0000, 3526.81, -3245.47, 0.0000, 70, 66, 58
L 3526.81, -3245.47, 0.0000, 3530.00, -3209.00, 0.0000, 70, 66, 58
L 3557.30, -3209.00, 0.0000, 3553.69, -3167.79, 0.0000, 90, 96, 108
L 3553.69, -3167.79, 0.0000, 3542.99, -3127.84, 0.0000, 90, 96, 108
L 3542.99, -3127.84, 0.0000, 3525.51, -3090.35, 0.0000, 90, 96, 108
L 3525.51, -3090.35, 0.0000, 3501.78, -3056.47, 0.0000, 90, 96, 108
L 3501.78, -3056.47, 0.0000, 3472.53, -3027.22, 0.0000, 90, 96, 108
L 3472.53, -3027.22, 0.0000, 3438.65, -3003.49, 0.0000, 90, 96, 108
L 3438.65, -3003.49, 0.0000, 3401.16, -2986.01, 0.0000, 90, 96, 108
L 3401.16, -2986.01, 0.0000, 3361.21, -2975.31, 0.0000, 90, 96, 108
L 3361.21, -2975.31, 0.0000, 3320.00, -2971.70, 0.0000, 90, 96, 108
L 3320.00, -2971.70, 0.0000, 3278.79, -2975.31, 0.0000, 90, 96, 108
L 3278.79, -2975.31, 0.0000, 3238.84, -2986.01, 0.0000, 90, 96, 108
L 3238.84, -2986.01, 0.0000, 3201.35, -3003.49, 0.0000, 90, 96, 108
L 3201.35, -3003.49, 0.0000, 3167.47, -3027.22, 0.0000, 90, 96, 108
L 3167.47, -3027.22, 0.0000, 3138.22, -3056.47, 0.0000, 90, 96, 108
L 3138.22, -3056.47, 0.0000, 3114.49, -3090.35, 0.0000, 90, 96, 108
L 3114.49, -3090.35, 0.0000, 3097.01, -3127.84, 0.0000, 90, 96, 108
L 3097.01, -3127.84, 0.0000, 3086.31, -3167.79, 0.0000, 90, 96, 108
L 3086.31, -3167.79, 0.0000, 3082.70, -3209.00, 0.0000, 90, 96, 108
L 3082.70, -3209.00, 0.0000, 3086.31, -3250.21, 0.0000, 90, 96, 108
L 3086.31, -3250.21, 0.0000, 3097.01, -3290.16, 0.0000, 90, 96, 108
L 3097.01, -3290.16, 0.0000, 3114.49, -3327.65, 0.0000, 90, 96, 108
L 3114.49, -3327.65, 0.0000, 3138.22, -3361.53, 0.0000, 90, 96, 108
L 3138.22, -3361.53, 0.0000, 3167.47, -3390.78, 0.0000, 90, 96, 108
L 3167.47, -3390.78, 0.0000, 3201.35, -3414.51, 0.0000, 90, 96, 108
L 3201.35, -3414.51, 0.0000, 3238.84, -3431.99, 0.0000, 90, 96, 108
L 3238.84, -3431.99, 0.0000, 3278.79, -3442.69, 0.0000, 90, 96, 108
L 3278.79, -3442.69, 0.0000, 3320.00, -3446.30, 0.0000, 90, 96, 108
L 3320.00, -3446.30, 0.0000, 3361.21, -3442.69, 0.0000, 90, 96, 108
L 3361.21, -3442.69, 0.0000, 3401.16, -3431.99, 0.0000, 90, 96, 108
L 3401.16, -3431.99, 0.0000, 3438.65, -3414.51, 0.0000, 90, 96, 108
L 3438.65, -3414.51, 0.0000, 3472.53, -3390.78, 0.0000, 90, 96, 108
L 3472.53, -3390.78, 0.0000, 3501.78, -3361.53, 0.0000, 90, 96, 108
L 3501.78, -3361.53, 0.0000, 3525.51, -3327.65, 0.0000, 90, 96, 108
L 3525.51, -3327.65, 0.0000, 3542.99, -3290.16, 0.0000, 90, 96, 108
L 3542.99, -3290.16, 0.0000, 3553.69, -3250.21, 0.0000, 90, 96, 108
L 3553.69, -3250.21, 0.0000, 3557.30, -3209.00, 0.0000, 90, 96, 108
L 3320.00, -3209.00, 0.0000, 3320.00, -3419.00, 0.0000, 70, 66, 58
L 3320.00, -3209.00, 0.0000, 3409.10, -3298.10, 0.0000, 150, 120, 70
L 3320.00, -3209.00, 0.0000, 3530.00, -3209.00, 0.0000, 70, 66, 58
L 3320.00, -3209.00, 0.0000, 3409.10, -3119.90, 0.0000, 150, 120, 70
L 3320.00, -3209.00, 0.0000, 3320.00, -2999.00, 0.0000, 70, 66, 58
L 3320.00, -3209.00, 0.0000, 3230.90, -3119.90, 0.0000, 150, 120, 70
L 3320.00, -3209.00, 0.0000, 3110.00, -3209.00, 0.0000, 70, 66, 58
L 3320.00, -3209.00, 0.0000, 3230.90, -3298.10, 0.0000, 150, 120, 70
L 3320.00, -3175.40, 0.0000, 3286.40, -3242.60, 0.0000, 70, 66, 58
L 3298.50, -3229.16, 0.0000, 3278.34, -3231.85, 0.0000, 90, 96, 108
L 3278.34, -3231.85, 0.0000, 3279.68, -3214.38, 0.0000, 90, 96, 108
L 3279.68, -3214.38, 0.0000, 3299.84, -3217.06, 0.0000, 90, 96, 108
L 3299.84, -3217.06, 0.0000, 3298.50, -3229.16, 0.0000, 90, 96, 108
L 3320.00, -3175.40, 0.0000, 3353.60, -3242.60, 0.0000, 70, 66, 58
L 3341.50, -3229.16, 0.0000, 3361.66, -3231.85, 0.0000, 90, 96, 108
L 3361.66, -3231.85, 0.0000, 3360.32, -3214.38, 0.0000, 90, 96, 108
L 3360.32, -3214.38, 0.0000, 3340.16, -3217.06, 0.0000, 90, 96, 108
L 3340.16, -3217.06, 0.0000, 3341.50, -3229.16, 0.0000, 90, 96, 108
L 3320.00, -3314.00, 0.0000, 3320.00, -3398.00, 0.0000, 70, 66, 58
L 3312.00, -3377.00, 0.0000, 3320.00, -3406.40, 0.0000, 70, 66, 58
L 3328.00, -3377.00, 0.0000, 3320.00, -3406.40, 0.0000, 70, 66, 58
P 3320.00, -3477.80, 0.0000, 70, 66, 58, 3, N
P 3320.00, -2940.20, 0.0000, 70, 66, 58, 1, S
P 3588.80, -3209.00, 0.0000, 70, 66, 58, 1, E
P 3051.20, -3209.00, 0.0000, 70, 66, 58, 1, W
