L -912.7135, -1311.3173, 0.0000, -1017.6065, -1416.2102, 0.0000, 150, 90, 150
L -1017.6065, -1416.2102, 0.0000, -984.0407, -1407.8188, 0.0000, 150, 90, 150
L -1017.6065, -1416.2102, 0.0000, -1009.2150, -1382.6445, 0.0000, 150, 90, 150
P -894.9126, -1325.1951, 0.0000, 150, 90, 150, 4, To_Oggok_Gate
L -924.2518, -833.5030, 0.0000, -1006.0682, -915.3195, 0.0000, 150, 90, 150
L -1006.0682, -915.3195, 0.0000, -979.2157, -908.6063, 0.0000, 150, 90, 150
L -1006.0682, -915.3195, 0.0000, -999.3551, -888.4669, 0.0000, 150, 90, 150
P -906.4508, -835.8426, 0.0000, 150, 90, 150, 3, To_Moggok_Gate
L -934.7411, -354.6398, 0.0000, -995.5789, -415.4777, 0.0000, 150, 90, 150
L -995.5789, -415.4777, 0.0000, -975.4395, -410.4428, 0.0000, 150, 90, 150
L -995.5789, -415.4777, 0.0000, -990.5441, -395.3383, 0.0000, 150, 90, 150
P -916.9401, -346.4901, 0.0000, 150, 90, 150, 2, To_West_Feerrott
L -907.3070, 104.2938, 0.0000, -1023.0130, 104.2938, 0.0000, 150, 90, 150
L -1023.0130, 104.2938, 0.0000, -999.2784, 90.0530, 0.0000, 150, 90, 150
L -1023.0130, 104.2938, 0.0000, -999.2784, 118.5345, 0.0000, 150, 90, 150
P -889.5061, 142.8624, 0.0000, 150, 90, 150, 3, To_Oggok
L 674.3418, -1241.2968, 0.0000, 756.1582, -1323.1132, 0.0000, 150, 90, 150
L 756.1582, -1323.1132, 0.0000, 749.4451, -1296.2607, 0.0000, 150, 90, 150
L 756.1582, -1323.1132, 0.0000, 729.3057, -1316.4001, 0.0000, 150, 90, 150
P 304.2310, -1243.6363, 0.0000, 150, 90, 150, 3, To_Kerplunk_Outpost
L 657.3970, -629.7350, 0.0000, 773.1030, -629.7350, 0.0000, 150, 90, 150
L 773.1030, -629.7350, 0.0000, 749.3684, -615.4943, 0.0000, 150, 90, 150
L 773.1030, -629.7350, 0.0000, 749.3684, -643.9757, 0.0000, 150, 90, 150
P 324.3715, -591.1663, 0.0000, 150, 90, 150, 3, To_Stone_Watchers
L 657.3970, 22.7350, 0.0000, 773.1030, 22.7350, 0.0000, 150, 90, 150
L 773.1030, 22.7350, 0.0000, 749.3684, 36.9757, 0.0000, 150, 90, 150
L 773.1030, 22.7350, 0.0000, 749.3684, 8.4943, 0.0000, 150, 90, 150
P 472.7125, 61.3037, 0.0000, 150, 90, 150, 3, To_Dinbak
L -764.0917, -1432.0870, 0.0000, -764.0917, -1547.7930, 0.0000, 150, 90, 150
L -764.0917, -1547.7930, 0.0000, -749.8509, -1524.0584, 0.0000, 150, 90, 150
L -764.0917, -1547.7930, 0.0000, -778.3324, -1524.0584, 0.0000, 150, 90, 150
P -930.9753, -1451.3713, 0.0000, 150, 90, 150, 3, To_Gerntar's_Mines
L -124.9550, -1432.0870, 0.0000, -124.9550, -1547.7930, 0.0000, 150, 90, 150
L -124.9550, -1547.7930, 0.0000, -110.7143, -1524.0584, 0.0000, 150, 90, 150
L -124.9550, -1547.7930, 0.0000, -139.1957, -1524.0584, 0.0000, 150, 90, 150
P -273.2960, -1451.3713, 0.0000, 150, 90, 150, 3, To_Tak'Xiz_South
L 514.1817, -1432.0870, 0.0000, 514.1817, -1547.7930, 0.0000, 150, 90, 150
L 514.1817, -1547.7930, 0.0000, 528.4224, -1524.0584, 0.0000, 150, 90, 150
L 514.1817, -1547.7930, 0.0000, 499.9409, -1524.0584, 0.0000, 150, 90, 150
P 319.4841, -1451.3713, 0.0000, 150, 90, 150, 3, To_Elephant_Graveyard
