L -1113.6738, -1727.4584, 0.0000, -1086.9517, -1737.0682, 0.0000, 112, 96, 78
L -1086.9517, -1737.0682, 0.0000, -1060.2295, -1727.4584, 0.0000, 112, 96, 78
L -1060.2295, -1727.4584, 0.0000, -1033.5074, -1735.9512, 0.0000, 112, 96, 78
L -1033.5074, -1735.9512, 0.0000, -1006.7853, -1727.4584, 0.0000, 112, 96, 78
L -1006.7853, -1727.4584, 0.0000, -980.0632, -1737.3959, 0.0000, 112, 96, 78
L -980.0632, -1737.3959, 0.0000, -953.3410, -1727.4584, 0.0000, 112, 96, 78
L -953.3410, -1727.4584, 0.0000, -926.6189, -1736.5002, 0.0000, 112, 96, 78
L -926.6189, -1736.5002, 0.0000, -899.8968, -1727.4584, 0.0000, 112, 96, 78
L -899.8968, -1727.4584, 0.0000, -873.1746, -1739.8357, 0.0000, 112, 96, 78
L -873.1746, -1739.8357, 0.0000, -846.4525, -1727.4584, 0.0000, 112, 96, 78
L -846.4525, -1727.4584, 0.0000, -819.7304, -1734.0258, 0.0000, 112, 96, 78
L -819.7304, -1734.0258, 0.0000, -793.0082, -1727.4584, 0.0000, 112, 96, 78
L -793.0082, -1727.4584, 0.0000, -766.2861, -1740.0335, 0.0000, 112, 96, 78
L -766.2861, -1740.0335, 0.0000, -739.5640, -1727.4584, 0.0000, 112, 96, 78
L -739.5640, -1727.4584, 0.0000, -712.8419, -1730.9222, 0.0000, 112, 96, 78
L -712.8419, -1730.9222, 0.0000, -686.1197, -1727.4584, 0.0000, 112, 96, 78
L -686.1197, -1727.4584, 0.0000, -659.3976, -1741.8743, 0.0000, 112, 96, 78
L -659.3976, -1741.8743, 0.0000, -632.6755, -1727.4584, 0.0000, 112, 96, 78
L -632.6755, -1727.4584, 0.0000, -605.9533, -1737.7303, 0.0000, 112, 96, 78
L -605.9533, -1737.7303, 0.0000, -579.2312, -1727.4584, 0.0000, 112, 96, 78
L -579.2312, -1727.4584, 0.0000, -552.5091, -1730.6032, 0.0000, 112, 96, 78
L -552.5091, -1730.6032, 0.0000, -525.7869, -1727.4584, 0.0000, 112, 96, 78
L -525.7869, -1727.4584, 0.0000, -499.0648, -1731.1319, 0.0000, 112, 96, 78
L -499.0648, -1731.1319, 0.0000, -472.3427, -1727.4584, 0.0000, 112, 96, 78
L -472.3427, -1727.4584, 0.0000, -445.6206, -1733.2964, 0.0000, 112, 96, 78
L -445.6206, -1733.2964, 0.0000, -418.8984, -1727.4584, 0.0000, 112, 96, 78
L -418.8984, -1727.4584, 0.0000, -392.1763, -1735.9309, 0.0000, 112, 96, 78
L -392.1763, -1735.9309, 0.0000, -365.4542, -1727.4584, 0.0000, 112, 96, 78
L -365.4542, -1727.4584, 0.0000, -338.7320, -1740.4225, 0.0000, 112, 96, 78
L -338.7320, -1740.4225, 0.0000, -312.0099, -1727.4584, 0.0000, 112, 96, 78
L -312.0099, -1727.4584, 0.0000, -285.2878, -1738.0237, 0.0000, 112, 96, 78
L -285.2878, -1738.0237, 0.0000, -258.5656, -1727.4584, 0.0000, 112, 96, 78
L -258.5656, -1727.4584, 0.0000, -231.8435, -1738.2867, 0.0000, 112, 96, 78
L -231.8435, -1738.2867, 0.0000, -205.1214, -1727.4584, 0.0000, 112, 96, 78
L -205.1214, -1727.4584, 0.0000, -178.3993, -1733.7263, 0.0000, 112, 96, 78
L -178.3993, -1733.7263, 0.0000, -151.6771, -1727.4584, 0.0000, 112, 96, 78
L -151.6771, -1727.4584, 0.0000, -124.9550, -1742.2414, 0.0000, 112, 96, 78
L -124.9550, -1742.2414, 0.0000, -98.2329, -1727.4584, 0.0000, 112, 96, 78
L -98.2329, -1727.4584, 0.0000, -71.5107, -1738.8250, 0.0000, 112, 96, 78
L -71.5107, -1738.8250, 0.0000, -44.7886, -1727.4584, 0.0000, 112, 96, 78
L -44.7886, -1727.4584, 0.0000, -18.0665, -1733.1507, 0.0000, 112, 96, 78
L -18.0665, -1733.1507, 0.0000, 8.6556, -1727.4584, 0.0000, 112, 96, 78
L 8.6556, -1727.4584, 0.0000, 35.3778, -1731.2586, 0.0000, 112, 96, 78
L 35.3778, -1731.2586, 0.0000, 62.0999, -1727.4584, 0.0000, 112, 96, 78
L 62.0999, -1727.4584, 0.0000, 88.8220, -1735.1769, 0.0000, 112, 96, 78
L 88.8220, -1735.1769, 0.0000, 115.5442, -1727.4584, 0.0000, 112, 96, 78
L 115.5442, -1727.4584, 0.0000, 142.2663, -1735.0121, 0.0000, 112, 96, 78
L 142.2663, -1735.0121, 0.0000, 168.9884, -1727.4584, 0.0000, 112, 96, 78
L 168.9884, -1727.4584, 0.0000, 195.7106, -1740.4805, 0.0000, 112, 96, 78
L 195.7106, -1740.4805, 0.0000, 222.4327, -1727.4584, 0.0000, 112, 96, 78
L 222.4327, -1727.4584, 0.0000, 249.1548, -1732.9140, 0.0000, 112, 96, 78
L 249.1548, -1732.9140, 0.0000, 275.8769, -1727.4584, 0.0000, 112, 96, 78
L 275.8769, -1727.4584, 0.0000, 302.5991, -1736.0027, 0.0000, 112, 96, 78
L 302.5991, -1736.0027, 0.0000, 329.3212, -1727.4584, 0.0000, 112, 96, 78
L 329.3212, -1727.4584, 0.0000, 356.0433, -1735.1416, 0.0000, 112, 96, 78
L 356.0433, -1735.1416, 0.0000, 382.7655, -1727.4584, 0.0000, 112, 96, 78
L 382.7655, -1727.4584, 0.0000, 409.4876, -1737.8951, 0.0000, 112, 96, 78
L 409.4876, -1737.8951, 0.0000, 436.2097, -1727.4584, 0.0000, 112, 96, 78
L 436.2097, -1727.4584, 0.0000, 462.9319, -1733.6267, 0.0000, 112, 96, 78
L 462.9319, -1733.6267, 0.0000, 489.6540, -1727.4584, 0.0000, 112, 96, 78
L 489.6540, -1727.4584, 0.0000, 516.3761, -1734.3721, 0.0000, 112, 96, 78
L 516.3761, -1734.3721, 0.0000, 543.0982, -1727.4584, 0.0000, 112, 96, 78
L 543.0982, -1727.4584, 0.0000, 569.8204, -1739.4211, 0.0000, 112, 96, 78
L 569.8204, -1739.4211, 0.0000, 596.5425, -1727.4584, 0.0000, 112, 96, 78
L 596.5425, -1727.4584, 0.0000, 623.2646, -1733.3492, 0.0000, 112, 96, 78
L 623.2646, -1733.3492, 0.0000, 649.9868, -1727.4584, 0.0000, 112, 96, 78
L 649.9868, -1727.4584, 0.0000, 676.7089, -1731.1360, 0.0000, 112, 96, 78
L 676.7089, -1731.1360, 0.0000, 703.4310, -1727.4584, 0.0000, 112, 96, 78
L 703.4310, -1727.4584, 0.0000, 730.1532, -1732.5338, 0.0000, 112, 96, 78
L 730.1532, -1732.5338, 0.0000, 756.8753, -1727.4584, 0.0000, 112, 96, 78
L 756.8753, -1727.4584, 0.0000, 783.5974, -1735.7349, 0.0000, 112, 96, 78
L 783.5974, -1735.7349, 0.0000, 810.3195, -1727.4584, 0.0000, 112, 96, 78
L 810.3195, -1727.4584, 0.0000, 837.0417, -1739.1108, 0.0000, 112, 96, 78
L 837.0417, -1739.1108, 0.0000, 863.7638, -1727.4584, 0.0000, 112, 96, 78
L -1113.6738, 378.9838, 0.0000, -1086.9517, 389.5898, 0.0000, 112, 96, 78
L -1086.9517, 389.5898, 0.0000, -1060.2295, 378.9838, 0.0000, 112, 96, 78
L -1060.2295, 378.9838, 0.0000, -1033.5074, 386.9438, 0.0000, 112, 96, 78
L -1033.5074, 386.9438, 0.0000, -1006.7853, 378.9838, 0.0000, 112, 96, 78
L -1006.7853, 378.9838, 0.0000, -980.0632, 385.1524, 0.0000, 112, 96, 78
L -980.0632, 385.1524, 0.0000, -953.3410, 378.9838, 0.0000, 112, 96, 78
L -953.3410, 378.9838, 0.0000, -926.6189, 391.4849, 0.0000, 112, 96, 78
L -926.6189, 391.4849, 0.0000, -899.8968, 378.9838, 0.0000, 112, 96, 78
L -899.8968, 378.9838, 0.0000, -873.1746, 392.4516, 0.0000, 112, 96, 78
L -873.1746, 392.4516, 0.0000, -846.4525, 378.9838, 0.0000, 112, 96, 78
L -846.4525, 378.9838, 0.0000, -819.7304, 386.6296, 0.0000, 112, 96, 78
L -819.7304, 386.6296, 0.0000, -793.0082, 378.9838, 0.0000, 112, 96, 78
L -793.0082, 378.9838, 0.0000, -766.2861, 389.5675, 0.0000, 112, 96, 78
L -766.2861, 389.5675, 0.0000, -739.5640, 378.9838, 0.0000, 112, 96, 78
L -739.5640, 378.9838, 0.0000, -712.8419, 393.6909, 0.0000, 112, 96, 78
L -712.8419, 393.6909, 0.0000, -686.1197, 378.9838, 0.0000, 112, 96, 78
L -686.1197, 378.9838, 0.0000, -659.3976, 385.0157, 0.0000, 112, 96, 78
L -659.3976, 385.0157, 0.0000, -632.6755, 378.9838, 0.0000, 112, 96, 78
L -632.6755, 378.9838, 0.0000, -605.9533, 385.8544, 0.0000, 112, 96, 78
L -605.9533, 385.8544, 0.0000, -579.2312, 378.9838, 0.0000, 112, 96, 78
L -579.2312, 378.9838, 0.0000, -552.5091, 382.8217, 0.0000, 112, 96, 78
L -552.5091, 382.8217, 0.0000, -525.7869, 378.9838, 0.0000, 112, 96, 78
L -525.7869, 378.9838, 0.0000, -499.0648, 388.8661, 0.0000, 112, 96, 78
L -499.0648, 388.8661, 0.0000, -472.3427, 378.9838, 0.0000, 112, 96, 78
L -472.3427, 378.9838, 0.0000, -445.6206, 389.0862, 0.0000, 112, 96, 78
L -445.6206, 389.0862, 0.0000, -418.8984, 378.9838, 0.0000, 112, 96, 78
L -418.8984, 378.9838, 0.0000, -392.1763, 387.3290, 0.0000, 112, 96, 78
L -392.1763, 387.3290, 0.0000, -365.4542, 378.9838, 0.0000, 112, 96, 78
L -365.4542, 378.9838, 0.0000, -338.7320, 387.6911, 0.0000, 112, 96, 78
L -338.7320, 387.6911, 0.0000, -312.0099, 378.9838, 0.0000, 112, 96, 78
L -312.0099, 378.9838, 0.0000, -285.2878, 392.2339, 0.0000, 112, 96, 78
L -285.2878, 392.2339, 0.0000, -258.5656, 378.9838, 0.0000, 112, 96, 78
L -258.5656, 378.9838, 0.0000, -231.8435, 383.7798, 0.0000, 112, 96, 78
L -231.8435, 383.7798, 0.0000, -205.1214, 378.9838, 0.0000, 112, 96, 78
L -205.1214, 378.9838, 0.0000, -178.3993, 391.6557, 0.0000, 112, 96, 78
L -178.3993, 391.6557, 0.0000, -151.6771, 378.9838, 0.0000, 112, 96, 78
L -151.6771, 378.9838, 0.0000, -124.9550, 384.2030, 0.0000, 112, 96, 78
L -124.9550, 384.2030, 0.0000, -98.2329, 378.9838, 0.0000, 112, 96, 78
L -98.2329, 378.9838, 0.0000, -71.5107, 393.1107, 0.0000, 112, 96, 78
L -71.5107, 393.1107, 0.0000, -44.7886, 378.9838, 0.0000, 112, 96, 78
L -44.7886, 378.9838, 0.0000, -18.0665, 393.2261, 0.0000, 112, 96, 78
L -18.0665, 393.2261, 0.0000, 8.6556, 378.9838, 0.0000, 112, 96, 78
L 8.6556, 378.9838, 0.0000, 35.3778, 389.1129, 0.0000, 112, 96, 78
L 35.3778, 389.1129, 0.0000, 62.0999, 378.9838, 0.0000, 112, 96, 78
L 62.0999, 378.9838, 0.0000, 88.8220, 383.1829, 0.0000, 112, 96, 78
L 88.8220, 383.1829, 0.0000, 115.5442, 378.9838, 0.0000, 112, 96, 78
L 115.5442, 378.9838, 0.0000, 142.2663, 393.3750, 0.0000, 112, 96, 78
L 142.2663, 393.3750, 0.0000, 168.9884, 378.9838, 0.0000, 112, 96, 78
L 168.9884, 378.9838, 0.0000, 195.7106, 390.3121, 0.0000, 112, 96, 78
L 195.7106, 390.3121, 0.0000, 222.4327, 378.9838, 0.0000, 112, 96, 78
L 222.4327, 378.9838, 0.0000, 249.1548, 391.7259, 0.0000, 112, 96, 78
L 249.1548, 391.7259, 0.0000, 275.8769, 378.9838, 0.0000, 112, 96, 78
L 275.8769, 378.9838, 0.0000, 302.5991, 385.4329, 0.0000, 112, 96, 78
L 302.5991, 385.4329, 0.0000, 329.3212, 378.9838, 0.0000, 112, 96, 78
L 329.3212, 378.9838, 0.0000, 356.0433, 390.4993, 0.0000, 112, 96, 78
L 356.0433, 390.4993, 0.0000, 382.7655, 378.9838, 0.0000, 112, 96, 78
L 382.7655, 378.9838, 0.0000, 409.4876, 384.6611, 0.0000, 112, 96, 78
L 409.4876, 384.6611, 0.0000, 436.2097, 378.9838, 0.0000, 112, 96, 78
L 436.2097, 378.9838, 0.0000, 462.9319, 392.0663, 0.0000, 112, 96, 78
L 462.9319, 392.0663, 0.0000, 489.6540, 378.9838, 0.0000, 112, 96, 78
L 489.6540, 378.9838, 0.0000, 516.3761, 385.2761, 0.0000, 112, 96, 78
L 516.3761, 385.2761, 0.0000, 543.0982, 378.9838, 0.0000, 112, 96, 78
L 543.0982, 378.9838, 0.0000, 569.8204, 384.3713, 0.0000, 112, 96, 78
L 569.8204, 384.3713, 0.0000, 596.5425, 378.9838, 0.0000, 112, 96, 78
L 596.5425, 378.9838, 0.0000, 623.2646, 385.1452, 0.0000, 112, 96, 78
L 623.2646, 385.1452, 0.0000, 649.9868, 378.9838, 0.0000, 112, 96, 78
L 649.9868, 378.9838, 0.0000, 676.7089, 382.6681, 0.0000, 112, 96, 78
L 676.7089, 382.6681, 0.0000, 703.4310, 378.9838, 0.0000, 112, 96, 78
L 703.4310, 378.9838, 0.0000, 730.1532, 386.3271, 0.0000, 112, 96, 78
L 730.1532, 386.3271, 0.0000, 756.8753, 378.9838, 0.0000, 112, 96, 78
L 756.8753, 378.9838, 0.0000, 783.5974, 383.5121, 0.0000, 112, 96, 78
L 783.5974, 383.5121, 0.0000, 810.3195, 378.9838, 0.0000, 112, 96, 78
L 810.3195, 378.9838, 0.0000, 837.0417, 392.5237, 0.0000, 112, 96, 78
L 837.0417, 392.5237, 0.0000, 863.7638, 378.9838, 0.0000, 112, 96, 78
L -1113.6738, -1727.4584, 0.0000, -1128.2764, -1700.4527, 0.0000, 112, 96, 78
L -1128.2764, -1700.4527, 0.0000, -1113.6738, -1673.4471, 0.0000, 112, 96, 78
L -1113.6738, -1673.4471, 0.0000, -1124.8435, -1646.4414, 0.0000, 112, 96, 78
L -1124.8435, -1646.4414, 0.0000, -1113.6738, -1619.4357, 0.0000, 112, 96, 78
L -1113.6738, -1619.4357, 0.0000, -1118.3062, -1592.4301, 0.0000, 112, 96, 78
L -1118.3062, -1592.4301, 0.0000, -1113.6738, -1565.4244, 0.0000, 112, 96, 78
L -1113.6738, -1565.4244, 0.0000, -1116.8530, -1538.4187, 0.0000, 112, 96, 78
L -1116.8530, -1538.4187, 0.0000, -1113.6738, -1511.4130, 0.0000, 112, 96, 78
L -1113.6738, -1511.4130, 0.0000, -1124.9592, -1484.4074, 0.0000, 112, 96, 78
L -1124.9592, -1484.4074, 0.0000, -1113.6738, -1457.4017, 0.0000, 112, 96, 78
L -1113.6738, -1457.4017, 0.0000, -1116.8929, -1430.3960, 0.0000, 112, 96, 78
L -1116.8929, -1430.3960, 0.0000, -1113.6738, -1403.3904, 0.0000, 112, 96, 78
L -1113.6738, -1403.3904, 0.0000, -1122.3634, -1376.3847, 0.0000, 112, 96, 78
L -1122.3634, -1376.3847, 0.0000, -1113.6738, -1349.3790, 0.0000, 112, 96, 78
L -1113.6738, -1349.3790, 0.0000, -1120.4251, -1322.3734, 0.0000, 112, 96, 78
L -1120.4251, -1322.3734, 0.0000, -1113.6738, -1295.3677, 0.0000, 112, 96, 78
L -1113.6738, -1295.3677, 0.0000, -1117.5338, -1268.3620, 0.0000, 112, 96, 78
L -1117.5338, -1268.3620, 0.0000, -1113.6738, -1241.3564, 0.0000, 112, 96, 78
L -1113.6738, -1241.3564, 0.0000, -1125.3869, -1214.3507, 0.0000, 112, 96, 78
L -1125.3869, -1214.3507, 0.0000, -1113.6738, -1187.3450, 0.0000, 112, 96, 78
L -1113.6738, -1187.3450, 0.0000, -1125.3879, -1160.3393, 0.0000, 112, 96, 78
L -1125.3879, -1160.3393, 0.0000, -1113.6738, -1133.3337, 0.0000, 112, 96, 78
L -1113.6738, -1133.3337, 0.0000, -1126.0545, -1106.3280, 0.0000, 112, 96, 78
L -1126.0545, -1106.3280, 0.0000, -1113.6738, -1079.3223, 0.0000, 112, 96, 78
L -1113.6738, -1079.3223, 0.0000, -1120.8159, -1052.3167, 0.0000, 112, 96, 78
L -1120.8159, -1052.3167, 0.0000, -1113.6738, -1025.3110, 0.0000, 112, 96, 78
L -1113.6738, -1025.3110, 0.0000, -1127.3311, -998.3053, 0.0000, 112, 96, 78
L -1127.3311, -998.3053, 0.0000, -1113.6738, -971.2997, 0.0000, 112, 96, 78
L -1113.6738, -971.2997, 0.0000, -1121.5911, -944.2940, 0.0000, 112, 96, 78
L -1121.5911, -944.2940, 0.0000, -1113.6738, -917.2883, 0.0000, 112, 96, 78
L -1113.6738, -917.2883, 0.0000, -1126.8877, -890.2827, 0.0000, 112, 96, 78
L -1126.8877, -890.2827, 0.0000, -1113.6738, -863.2770, 0.0000, 112, 96, 78
L -1113.6738, -863.2770, 0.0000, -1124.0572, -836.2713, 0.0000, 112, 96, 78
L -1124.0572, -836.2713, 0.0000, -1113.6738, -809.2656, 0.0000, 112, 96, 78
L -1113.6738, -809.2656, 0.0000, -1123.5554, -782.2600, 0.0000, 112, 96, 78
L -1123.5554, -782.2600, 0.0000, -1113.6738, -755.2543, 0.0000, 112, 96, 78
L -1113.6738, -755.2543, 0.0000, -1117.5924, -728.2486, 0.0000, 112, 96, 78
L -1117.5924, -728.2486, 0.0000, -1113.6738, -701.2430, 0.0000, 112, 96, 78
L -1113.6738, -701.2430, 0.0000, -1128.4287, -674.2373, 0.0000, 112, 96, 78
L -1128.4287, -674.2373, 0.0000, -1113.6738, -647.2316, 0.0000, 112, 96, 78
L -1113.6738, -647.2316, 0.0000, -1125.2825, -620.2260, 0.0000, 112, 96, 78
L -1125.2825, -620.2260, 0.0000, -1113.6738, -593.2203, 0.0000, 112, 96, 78
L -1113.6738, -593.2203, 0.0000, -1125.3635, -566.2146, 0.0000, 112, 96, 78
L -1125.3635, -566.2146, 0.0000, -1113.6738, -539.2090, 0.0000, 112, 96, 78
L -1113.6738, -539.2090, 0.0000, -1121.8684, -512.2033, 0.0000, 112, 96, 78
L -1121.8684, -512.2033, 0.0000, -1113.6738, -485.1976, 0.0000, 112, 96, 78
L -1113.6738, -485.1976, 0.0000, -1117.6349, -458.1919, 0.0000, 112, 96, 78
L -1117.6349, -458.1919, 0.0000, -1113.6738, -431.1863, 0.0000, 112, 96, 78
L -1113.6738, -431.1863, 0.0000, -1116.9941, -404.1806, 0.0000, 112, 96, 78
L -1116.9941, -404.1806, 0.0000, -1113.6738, -377.1749, 0.0000, 112, 96, 78
L -1113.6738, -377.1749, 0.0000, -1122.3483, -350.1693, 0.0000, 112, 96, 78
L -1122.3483, -350.1693, 0.0000, -1113.6738, -323.1636, 0.0000, 112, 96, 78
L -1113.6738, -323.1636, 0.0000, -1124.9280, -296.1579, 0.0000, 112, 96, 78
L -1124.9280, -296.1579, 0.0000, -1113.6738, -269.1523, 0.0000, 112, 96, 78
L -1113.6738, -269.1523, 0.0000, -1123.9331, -242.1466, 0.0000, 112, 96, 78
L -1123.9331, -242.1466, 0.0000, -1113.6738, -215.1409, 0.0000, 112, 96, 78
L -1113.6738, -215.1409, 0.0000, -1119.6766, -188.1353, 0.0000, 112, 96, 78
L -1119.6766, -188.1353, 0.0000, -1113.6738, -161.1296, 0.0000, 112, 96, 78
L -1113.6738, -161.1296, 0.0000, -1120.2131, -134.1239, 0.0000, 112, 96, 78
L -1120.2131, -134.1239, 0.0000, -1113.6738, -107.1182, 0.0000, 112, 96, 78
L -1113.6738, -107.1182, 0.0000, -1119.0446, -80.1126, 0.0000, 112, 96, 78
L -1119.0446, -80.1126, 0.0000, -1113.6738, -53.1069, 0.0000, 112, 96, 78
L -1113.6738, -53.1069, 0.0000, -1127.3891, -26.1012, 0.0000, 112, 96, 78
L -1127.3891, -26.1012, 0.0000, -1113.6738, 0.9044, 0.0000, 112, 96, 78
L -1113.6738, 0.9044, 0.0000, -1121.8852, 27.9101, 0.0000, 112, 96, 78
L -1121.8852, 27.9101, 0.0000, -1113.6738, 54.9158, 0.0000, 112, 96, 78
L -1113.6738, 54.9158, 0.0000, -1120.5208, 81.9214, 0.0000, 112, 96, 78
L -1120.5208, 81.9214, 0.0000, -1113.6738, 108.9271, 0.0000, 112, 96, 78
L -1113.6738, 108.9271, 0.0000, -1118.9963, 135.9328, 0.0000, 112, 96, 78
L -1118.9963, 135.9328, 0.0000, -1113.6738, 162.9384, 0.0000, 112, 96, 78
L -1113.6738, 162.9384, 0.0000, -1126.2055, 189.9441, 0.0000, 112, 96, 78
L -1126.2055, 189.9441, 0.0000, -1113.6738, 216.9498, 0.0000, 112, 96, 78
L -1113.6738, 216.9498, 0.0000, -1127.0870, 243.9555, 0.0000, 112, 96, 78
L -1127.0870, 243.9555, 0.0000, -1113.6738, 270.9611, 0.0000, 112, 96, 78
L -1113.6738, 270.9611, 0.0000, -1123.5605, 297.9668, 0.0000, 112, 96, 78
L -1123.5605, 297.9668, 0.0000, -1113.6738, 324.9725, 0.0000, 112, 96, 78
L -1113.6738, 324.9725, 0.0000, -1118.2567, 351.9781, 0.0000, 112, 96, 78
L -1118.2567, 351.9781, 0.0000, -1113.6738, 378.9838, 0.0000, 112, 96, 78
L 863.7638, -1727.4584, 0.0000, 876.6647, -1700.4527, 0.0000, 112, 96, 78
L 876.6647, -1700.4527, 0.0000, 863.7638, -1673.4471, 0.0000, 112, 96, 78
L 863.7638, -1673.4471, 0.0000, 875.1708, -1646.4414, 0.0000, 112, 96, 78
L 875.1708, -1646.4414, 0.0000, 863.7638, -1619.4357, 0.0000, 112, 96, 78
L 863.7638, -1619.4357, 0.0000, 870.0154, -1592.4301, 0.0000, 112, 96, 78
L 870.0154, -1592.4301, 0.0000, 863.7638, -1565.4244, 0.0000, 112, 96, 78
L 863.7638, -1565.4244, 0.0000, 872.0786, -1538.4187, 0.0000, 112, 96, 78
L 872.0786, -1538.4187, 0.0000, 863.7638, -1511.4130, 0.0000, 112, 96, 78
L 863.7638, -1511.4130, 0.0000, 869.2712, -1484.4074, 0.0000, 112, 96, 78
L 869.2712, -1484.4074, 0.0000, 863.7638, -1457.4017, 0.0000, 112, 96, 78
L 863.7638, -1457.4017, 0.0000, 874.1564, -1430.3960, 0.0000, 112, 96, 78
L 874.1564, -1430.3960, 0.0000, 863.7638, -1403.3904, 0.0000, 112, 96, 78
L 863.7638, -1403.3904, 0.0000, 870.4732, -1376.3847, 0.0000, 112, 96, 78
L 870.4732, -1376.3847, 0.0000, 863.7638, -1349.3790, 0.0000, 112, 96, 78
L 863.7638, -1349.3790, 0.0000, 878.3847, -1322.3734, 0.0000, 112, 96, 78
L 878.3847, -1322.3734, 0.0000, 863.7638, -1295.3677, 0.0000, 112, 96, 78
L 863.7638, -1295.3677, 0.0000, 867.6169, -1268.3620, 0.0000, 112, 96, 78
L 867.6169, -1268.3620, 0.0000, 863.7638, -1241.3564, 0.0000, 112, 96, 78
L 863.7638, -1241.3564, 0.0000, 877.0887, -1214.3507, 0.0000, 112, 96, 78
L 877.0887, -1214.3507, 0.0000, 863.7638, -1187.3450, 0.0000, 112, 96, 78
L 863.7638, -1187.3450, 0.0000, 875.1401, -1160.3393, 0.0000, 112, 96, 78
L 875.1401, -1160.3393, 0.0000, 863.7638, -1133.3337, 0.0000, 112, 96, 78
L 863.7638, -1133.3337, 0.0000, 870.3980, -1106.3280, 0.0000, 112, 96, 78
L 870.3980, -1106.3280, 0.0000, 863.7638, -1079.3223, 0.0000, 112, 96, 78
L 863.7638, -1079.3223, 0.0000, 866.9575, -1052.3167, 0.0000, 112, 96, 78
L 866.9575, -1052.3167, 0.0000, 863.7638, -1025.3110, 0.0000, 112, 96, 78
L 863.7638, -1025.3110, 0.0000, 872.1282, -998.3053, 0.0000, 112, 96, 78
L 872.1282, -998.3053, 0.0000, 863.7638, -971.2997, 0.0000, 112, 96, 78
L 863.7638, -971.2997, 0.0000, 876.5765, -944.2940, 0.0000, 112, 96, 78
L 876.5765, -944.2940, 0.0000, 863.7638, -917.2883, 0.0000, 112, 96, 78
L 863.7638, -917.2883, 0.0000, 868.4024, -890.2827, 0.0000, 112, 96, 78
L 868.4024, -890.2827, 0.0000, 863.7638, -863.2770, 0.0000, 112, 96, 78
L 863.7638, -863.2770, 0.0000, 874.1973, -836.2713, 0.0000, 112, 96, 78
L 874.1973, -836.2713, 0.0000, 863.7638, -809.2656, 0.0000, 112, 96, 78
L 863.7638, -809.2656, 0.0000, 874.2066, -782.2600, 0.0000, 112, 96, 78
L 874.2066, -782.2600, 0.0000, 863.7638, -755.2543, 0.0000, 112, 96, 78
L 863.7638, -755.2543, 0.0000, 876.3121, -728.2486, 0.0000, 112, 96, 78
L 876.3121, -728.2486, 0.0000, 863.7638, -701.2430, 0.0000, 112, 96, 78
L 863.7638, -701.2430, 0.0000, 874.8537, -674.2373, 0.0000, 112, 96, 78
L 874.8537, -674.2373, 0.0000, 863.7638, -647.2316, 0.0000, 112, 96, 78
L 863.7638, -647.2316, 0.0000, 872.3693, -620.2260, 0.0000, 112, 96, 78
L 872.3693, -620.2260, 0.0000, 863.7638, -593.2203, 0.0000, 112, 96, 78
L 863.7638, -593.2203, 0.0000, 866.8584, -566.2146, 0.0000, 112, 96, 78
L 866.8584, -566.2146, 0.0000, 863.7638, -539.2090, 0.0000, 112, 96, 78
L 863.7638, -539.2090, 0.0000, 875.2059, -512.2033, 0.0000, 112, 96, 78
L 875.2059, -512.2033, 0.0000, 863.7638, -485.1976, 0.0000, 112, 96, 78
L 863.7638, -485.1976, 0.0000, 869.9627, -458.1919, 0.0000, 112, 96, 78
L 869.9627, -458.1919, 0.0000, 863.7638, -431.1863, 0.0000, 112, 96, 78
L 863.7638, -431.1863, 0.0000, 875.0058, -404.1806, 0.0000, 112, 96, 78
L 875.0058, -404.1806, 0.0000, 863.7638, -377.1749, 0.0000, 112, 96, 78
L 863.7638, -377.1749, 0.0000, 874.0224, -350.1693, 0.0000, 112, 96, 78
L 874.0224, -350.1693, 0.0000, 863.7638, -323.1636, 0.0000, 112, 96, 78
L 863.7638, -323.1636, 0.0000, 871.4006, -296.1579, 0.0000, 112, 96, 78
L 871.4006, -296.1579, 0.0000, 863.7638, -269.1523, 0.0000, 112, 96, 78
L 863.7638, -269.1523, 0.0000, 877.4852, -242.1466, 0.0000, 112, 96, 78
L 877.4852, -242.1466, 0.0000, 863.7638, -215.1409, 0.0000, 112, 96, 78
L 863.7638, -215.1409, 0.0000, 877.7981, -188.1353, 0.0000, 112, 96, 78
L 877.7981, -188.1353, 0.0000, 863.7638, -161.1296, 0.0000, 112, 96, 78
L 863.7638, -161.1296, 0.0000, 868.2723, -134.1239, 0.0000, 112, 96, 78
L 868.2723, -134.1239, 0.0000, 863.7638, -107.1182, 0.0000, 112, 96, 78
L 863.7638, -107.1182, 0.0000, 874.1542, -80.1126, 0.0000, 112, 96, 78
L 874.1542, -80.1126, 0.0000, 863.7638, -53.1069, 0.0000, 112, 96, 78
L 863.7638, -53.1069, 0.0000, 871.2022, -26.1012, 0.0000, 112, 96, 78
L 871.2022, -26.1012, 0.0000, 863.7638, 0.9044, 0.0000, 112, 96, 78
L 863.7638, 0.9044, 0.0000, 877.1658, 27.9101, 0.0000, 112, 96, 78
L 877.1658, 27.9101, 0.0000, 863.7638, 54.9158, 0.0000, 112, 96, 78
L 863.7638, 54.9158, 0.0000, 877.9364, 81.9214, 0.0000, 112, 96, 78
L 877.9364, 81.9214, 0.0000, 863.7638, 108.9271, 0.0000, 112, 96, 78
L 863.7638, 108.9271, 0.0000, 874.4600, 135.9328, 0.0000, 112, 96, 78
L 874.4600, 135.9328, 0.0000, 863.7638, 162.9384, 0.0000, 112, 96, 78
L 863.7638, 162.9384, 0.0000, 875.2980, 189.9441, 0.0000, 112, 96, 78
L 875.2980, 189.9441, 0.0000, 863.7638, 216.9498, 0.0000, 112, 96, 78
L 863.7638, 216.9498, 0.0000, 874.3449, 243.9555, 0.0000, 112, 96, 78
L 874.3449, 243.9555, 0.0000, 863.7638, 270.9611, 0.0000, 112, 96, 78
L 863.7638, 270.9611, 0.0000, 869.2619, 297.9668, 0.0000, 112, 96, 78
L 869.2619, 297.9668, 0.0000, 863.7638, 324.9725, 0.0000, 112, 96, 78
L 863.7638, 324.9725, 0.0000, 878.3664, 351.9781, 0.0000, 112, 96, 78
L 878.3664, 351.9781, 0.0000, 863.7638, 378.9838, 0.0000, 112, 96, 78
L -727.4244, -1453.0276, 0.0000, -727.4244, 193.5575, 0.0000, 152, 142, 120
L -526.6013, -1453.0276, 0.0000, -526.6013, 193.5575, 0.0000, 152, 142, 120
L -325.7781, -1453.0276, 0.0000, -325.7781, 193.5575, 0.0000, 152, 142, 120
L -124.9550, -1453.0276, 0.0000, -124.9550, 193.5575, 0.0000, 152, 142, 120
L 75.8681, -1453.0276, 0.0000, 75.8681, 193.5575, 0.0000, 152, 142, 120
L 276.6913, -1453.0276, 0.0000, 276.6913, 193.5575, 0.0000, 152, 142, 120
L 477.5144, -1453.0276, 0.0000, 477.5144, 193.5575, 0.0000, 152, 142, 120
L -928.2475, -1247.2044, 0.0000, 678.3375, -1247.2044, 0.0000, 152, 142, 120
L -928.2475, -1041.3813, 0.0000, 678.3375, -1041.3813, 0.0000, 152, 142, 120
L -928.2475, -835.5581, 0.0000, 678.3375, -835.5581, 0.0000, 152, 142, 120
L -928.2475, -629.7350, 0.0000, 678.3375, -629.7350, 0.0000, 152, 142, 120
L -928.2475, -423.9119, 0.0000, 678.3375, -423.9119, 0.0000, 152, 142, 120
L -928.2475, -218.0887, 0.0000, 678.3375, -218.0887, 0.0000, 152, 142, 120
L -928.2475, -12.2656, 0.0000, 678.3375, -12.2656, 0.0000, 152, 142, 120
L -441.8043, -1599.7071, 0.0000, -454.7633, -1615.9060, 0.0000, 92, 80, 66
L -454.7633, -1615.9060, 0.0000, -478.0897, -1615.9060, 0.0000, 92, 80, 66
L -478.0897, -1615.9060, 0.0000, -491.0487, -1591.6077, 0.0000, 92, 80, 66
L -491.0487, -1591.6077, 0.0000, -491.0487, -1559.2100, 0.0000, 92, 80, 66
L -491.0487, -1559.2100, 0.0000, -478.0897, -1534.9118, 0.0000, 92, 80, 66
L -478.0897, -1534.9118, 0.0000, -454.7633, -1534.9118, 0.0000, 92, 80, 66
L -454.7633, -1534.9118, 0.0000, -441.8043, -1551.1106, 0.0000, 92, 80, 66
L -423.0136, -1534.9118, 0.0000, -397.0955, -1615.9060, 0.0000, 92, 80, 66
L -397.0955, -1615.9060, 0.0000, -371.1773, -1534.9118, 0.0000, 92, 80, 66
L -410.0545, -1567.3095, 0.0000, -384.1364, -1567.3095, 0.0000, 92, 80, 66
L -354.9785, -1615.9060, 0.0000, -303.1422, -1615.9060, 0.0000, 92, 80, 66
L -303.1422, -1615.9060, 0.0000, -354.9785, -1534.9118, 0.0000, 92, 80, 66
L -354.9785, -1534.9118, 0.0000, -303.1422, -1534.9118, 0.0000, 92, 80, 66
L -261.0252, -1534.9118, 0.0000, -261.0252, -1615.9060, 0.0000, 92, 80, 66
L -276.5761, -1615.9060, 0.0000, -245.4743, -1615.9060, 0.0000, 92, 80, 66
L -276.5761, -1534.9118, 0.0000, -245.4743, -1534.9118, 0.0000, 92, 80, 66
L -169.6638, -1599.7071, 0.0000, -182.6229, -1615.9060, 0.0000, 92, 80, 66
L -182.6229, -1615.9060, 0.0000, -205.9492, -1615.9060, 0.0000, 92, 80, 66
L -205.9492, -1615.9060, 0.0000, -218.9083, -1591.6077, 0.0000, 92, 80, 66
L -218.9083, -1591.6077, 0.0000, -218.9083, -1559.2100, 0.0000, 92, 80, 66
L -218.9083, -1559.2100, 0.0000, -205.9492, -1534.9118, 0.0000, 92, 80, 66
L -205.9492, -1534.9118, 0.0000, -182.6229, -1534.9118, 0.0000, 92, 80, 66
L -182.6229, -1534.9118, 0.0000, -169.6638, -1551.1106, 0.0000, 92, 80, 66
L -82.8380, -1615.9060, 0.0000, -31.0017, -1615.9060, 0.0000, 92, 80, 66
L -56.9199, -1615.9060, 0.0000, -56.9199, -1534.9118, 0.0000, 92, 80, 66
L -14.8029, -1534.9118, 0.0000, -14.8029, -1615.9060, 0.0000, 92, 80, 66
L 37.0334, -1534.9118, 0.0000, 37.0334, -1615.9060, 0.0000, 92, 80, 66
L -14.8029, -1575.4089, 0.0000, 37.0334, -1575.4089, 0.0000, 92, 80, 66
L 53.2322, -1615.9060, 0.0000, 53.2322, -1551.1106, 0.0000, 92, 80, 66
L 53.2322, -1551.1106, 0.0000, 63.5995, -1534.9118, 0.0000, 92, 80, 66
L 63.5995, -1534.9118, 0.0000, 94.7012, -1534.9118, 0.0000, 92, 80, 66
L 94.7012, -1534.9118, 0.0000, 105.0685, -1551.1106, 0.0000, 92, 80, 66
L 105.0685, -1551.1106, 0.0000, 105.0685, -1615.9060, 0.0000, 92, 80, 66
L 121.2673, -1615.9060, 0.0000, 121.2673, -1534.9118, 0.0000, 92, 80, 66
L 121.2673, -1534.9118, 0.0000, 162.7363, -1534.9118, 0.0000, 92, 80, 66
L 241.1387, -1615.9060, 0.0000, 189.3024, -1615.9060, 0.0000, 92, 80, 66
L 189.3024, -1615.9060, 0.0000, 189.3024, -1534.9118, 0.0000, 92, 80, 66
L 189.3024, -1534.9118, 0.0000, 241.1387, -1534.9118, 0.0000, 92, 80, 66
L 189.3024, -1575.4089, 0.0000, 225.5878, -1575.4089, 0.0000, 92, 80, 66
L 809.6193, 271.4366, 0.0000, 805.5543, 291.8729, 0.0000, 88, 76, 62
L 805.5543, 291.8729, 0.0000, 793.9780, 309.1980, 0.0000, 88, 76, 62
L 793.9780, 309.1980, 0.0000, 776.6529, 320.7743, 0.0000, 88, 76, 62
L 776.6529, 320.7743, 0.0000, 756.2166, 324.8393, 0.0000, 88, 76, 62
L 756.2166, 324.8393, 0.0000, 735.7802, 320.7743, 0.0000, 88, 76, 62
L 735.7802, 320.7743, 0.0000, 718.4551, 309.1980, 0.0000, 88, 76, 62
L 718.4551, 309.1980, 0.0000, 706.8789, 291.8729, 0.0000, 88, 76, 62
L 706.8789, 291.8729, 0.0000, 702.8138, 271.4366, 0.0000, 88, 76, 62
L 702.8138, 271.4366, 0.0000, 706.8789, 251.0002, 0.0000, 88, 76, 62
L 706.8789, 251.0002, 0.0000, 718.4551, 233.6751, 0.0000, 88, 76, 62
L 718.4551, 233.6751, 0.0000, 735.7802, 222.0989, 0.0000, 88, 76, 62
L 735.7802, 222.0989, 0.0000, 756.2166, 218.0338, 0.0000, 88, 76, 62
L 756.2166, 218.0338, 0.0000, 776.6529, 222.0989, 0.0000, 88, 76, 62
L 776.6529, 222.0989, 0.0000, 793.9780, 233.6751, 0.0000, 88, 76, 62
L 793.9780, 233.6751, 0.0000, 805.5543, 251.0002, 0.0000, 88, 76, 62
L 805.5543, 251.0002, 0.0000, 809.6193, 271.4366, 0.0000, 88, 76, 62
L 756.2166, 271.4366, 0.0000, 809.6193, 271.4366, 0.0000, 88, 76, 62
L 756.2166, 271.4366, 0.0000, 776.9854, 292.2054, 0.0000, 88, 76, 62
L 756.2166, 271.4366, 0.0000, 756.2166, 324.8393, 0.0000, 88, 76, 62
L 756.2166, 271.4366, 0.0000, 735.4478, 292.2054, 0.0000, 88, 76, 62
L 756.2166, 271.4366, 0.0000, 702.8138, 271.4366, 0.0000, 88, 76, 62
L 756.2166, 271.4366, 0.0000, 735.4478, 250.6678, 0.0000, 88, 76, 62
L 756.2166, 271.4366, 0.0000, 756.2166, 218.0338, 0.0000, 88, 76, 62
L 756.2166, 271.4366, 0.0000, 776.9854, 250.6678, 0.0000, 88, 76, 62
L 748.2966, 206.0338, 0.0000, 748.2966, 182.0338, 0.0000, 88, 76, 62
L 748.2966, 182.0338, 0.0000, 764.1366, 206.0338, 0.0000, 88, 76, 62
L 764.1366, 206.0338, 0.0000, 764.1366, 182.0338, 0.0000, 88, 76, 62
L 764.1366, 340.4393, 0.0000, 760.9686, 336.8393, 0.0000, 88, 76, 62
L 760.9686, 336.8393, 0.0000, 751.4646, 336.8393, 0.0000, 88, 76, 62
L 751.4646, 336.8393, 0.0000, 748.2966, 341.1593, 0.0000, 88, 76, 62
L 748.2966, 341.1593, 0.0000, 748.2966, 346.4393, 0.0000, 88, 76, 62
L 748.2966, 346.4393, 0.0000, 751.4646, 348.8393, 0.0000, 88, 76, 62
L 751.4646, 348.8393, 0.0000, 760.9686, 348.8393, 0.0000, 88, 76, 62
L 760.9686, 348.8393, 0.0000, 764.1366, 351.7193, 0.0000, 88, 76, 62
L 764.1366, 351.7193, 0.0000, 764.1366, 356.9993, 0.0000, 88, 76, 62
L 764.1366, 356.9993, 0.0000, 760.9686, 360.8393, 0.0000, 88, 76, 62
L 760.9686, 360.8393, 0.0000, 751.4646, 360.8393, 0.0000, 88, 76, 62
L 751.4646, 360.8393, 0.0000, 748.2966, 356.9993, 0.0000, 88, 76, 62
L 837.4593, 259.4366, 0.0000, 821.6193, 259.4366, 0.0000, 88, 76, 62
L 821.6193, 259.4366, 0.0000, 821.6193, 283.4366, 0.0000, 88, 76, 62
L 821.6193, 283.4366, 0.0000, 837.4593, 283.4366, 0.0000, 88, 76, 62
L 821.6193, 271.4366, 0.0000, 832.7073, 271.4366, 0.0000, 88, 76, 62
L 674.9738, 259.4366, 0.0000, 678.9338, 283.4366, 0.0000, 88, 76, 62
L 678.9338, 283.4366, 0.0000, 682.8938, 269.0366, 0.0000, 88, 76, 62
L 682.8938, 269.0366, 0.0000, 686.8538, 283.4366, 0.0000, 88, 76, 62
L 686.8538, 283.4366, 0.0000, 690.8138, 259.4366, 0.0000, 88, 76, 62
