L -1880.7374, -731.8900, 0.0000, -1775.7374, -626.8900, 0.0000, 150, 90, 150
L -1775.7374, -626.8900, 0.0000, -1880.7374, -521.8900, 0.0000, 150, 90, 150
L -1880.7374, -521.8900, 0.0000, -1985.7374, -626.8900, 0.0000, 150, 90, 150
L -1985.7374, -626.8900, 0.0000, -1880.7374, -731.8900, 0.0000, 150, 90, 150
L -1933.2374, -479.8900, 0.0000, -1828.2374, -479.8900, 0.0000, 150, 90, 150
P -1712.7374, -626.8900, 0.0000, 150, 90, 150, 3, Bastable_Village
L 356.0296, -298.1475, 0.0000, 461.0296, -193.1475, 0.0000, 150, 90, 150
L 461.0296, -193.1475, 0.0000, 356.0296, -88.1475, 0.0000, 150, 90, 150
L 356.0296, -88.1475, 0.0000, 251.0296, -193.1475, 0.0000, 150, 90, 150
L 251.0296, -193.1475, 0.0000, 356.0296, -298.1475, 0.0000, 150, 90, 150
L 303.5296, -46.1475, 0.0000, 408.5296, -46.1475, 0.0000, 150, 90, 150
P 524.0296, -193.1475, 0.0000, 150, 90, 150, 3, Tomb_of_Kings
