L 3438.0828, -25.6031, 0.0000, 3495.3881, 78.5884, 0.0000, 150, 90, 150
L 3495.3881, 78.5884, 0.0000, 3438.0828, 182.7800, 0.0000, 150, 90, 150
L 3438.0828, 182.7800, 0.0000, 3380.7774, 78.5884, 0.0000, 150, 90, 150
L 3380.7774, 78.5884, 0.0000, 3438.0828, -25.6031, 0.0000, 150, 90, 150
P 3615.2084, 78.5884, 0.0000, 150, 90, 150, 2, The_Green_Rift
L 8811.9464, -3082.5405, 0.0000, 9513.6089, -3784.2029, 0.0000, 150, 90, 150
L 9513.6089, -3784.2029, 0.0000, 9457.4759, -3559.6709, 0.0000, 150, 90, 150
L 9513.6089, -3784.2029, 0.0000, 9289.0769, -3728.0699, 0.0000, 150, 90, 150
P 6584.2318, -3175.3735, 0.0000, 150, 90, 150, 4, To_Mu_Lin's_Reach
L 8811.9464, -115.2662, 0.0000, 9513.6089, 586.3962, 0.0000, 150, 90, 150
L 9513.6089, 586.3962, 0.0000, 9289.0769, 530.2632, 0.0000, 150, 90, 150
L 9513.6089, 586.3962, 0.0000, 9457.4759, 361.8642, 0.0000, 150, 90, 150
P 6460.1942, 493.5631, 0.0000, 150, 90, 150, 4, To_Temple_of_Light
L 8889.1293, 3630.8533, 0.0000, 9436.4260, 4178.1500, 0.0000, 150, 90, 150
L 9436.4260, 4178.1500, 0.0000, 9256.8004, 4133.2436, 0.0000, 150, 90, 150
L 9436.4260, 4178.1500, 0.0000, 9391.5196, 3998.5244, 0.0000, 150, 90, 150
P 7405.6400, 4162.4998, 0.0000, 150, 90, 150, 3, To_Freeport
L -2039.2716, -3618.3404, 0.0000, -2586.5682, -4165.6371, 0.0000, 150, 90, 150
L -2586.5682, -4165.6371, 0.0000, -2406.9427, -4120.7307, 0.0000, 150, 90, 150
L -2586.5682, -4165.6371, 0.0000, -2541.6618, -3986.0115, 0.0000, 150, 90, 150
P -1920.1955, -3633.9906, 0.0000, 150, 90, 150, 3, To_Rivervale
L -1816.7696, -1140.2862, 0.0000, -2809.0702, -1140.2862, 0.0000, 150, 90, 150
L -2809.0702, -1140.2862, 0.0000, -2610.6101, -1259.3623, 0.0000, 150, 90, 150
L -2809.0702, -1140.2862, 0.0000, -2610.6101, -1021.2102, 0.0000, 150, 90, 150
P -1697.6936, -882.2881, 0.0000, 150, 90, 150, 4, To_Moss_Mouth_Cavern
L -2039.2716, 1337.7679, 0.0000, -2586.5682, 1885.0646, 0.0000, 150, 90, 150
L -2586.5682, 1885.0646, 0.0000, -2541.6618, 1705.4390, 0.0000, 150, 90, 150
L -2586.5682, 1885.0646, 0.0000, -2406.9427, 1840.1582, 0.0000, 150, 90, 150
P -1920.1955, 1869.4144, 0.0000, 150, 90, 150, 3, To_Castle_Felstar
L -2039.2716, 4089.4704, 0.0000, -2586.5682, 4636.7671, 0.0000, 150, 90, 150
L -2586.5682, 4636.7671, 0.0000, -2541.6618, 4457.1415, 0.0000, 150, 90, 150
L -2586.5682, 4636.7671, 0.0000, -2406.9427, 4591.8607, 0.0000, 150, 90, 150
P -1920.1955, 4621.1169, 0.0000, 150, 90, 150, 3, To_Bastable_Village
L 154.6775, 4562.4722, 0.0000, 154.6775, 5336.4666, 0.0000, 150, 90, 150
L 154.6775, 5336.4666, 0.0000, 59.4167, 5177.6985, 0.0000, 150, 90, 150
L 154.6775, 5336.4666, 0.0000, 249.9383, 5177.6985, 0.0000, 150, 90, 150
P -837.6230, 5207.4675, 0.0000, 150, 90, 150, 3, To_Tomb_of_Kings
L 6668.8725, 4562.4722, 0.0000, 6668.8725, 5336.4666, 0.0000, 150, 90, 150
L 6668.8725, 5336.4666, 0.0000, 6573.6117, 5177.6985, 0.0000, 150, 90, 150
L 6668.8725, 5336.4666, 0.0000, 6764.1333, 5177.6985, 0.0000, 150, 90, 150
P 5552.5344, 5207.4675, 0.0000, 150, 90, 150, 3, To_Deathfist_Forge
L 3411.7750, -4091.3426, 0.0000, 3411.7750, -4865.3370, 0.0000, 150, 90, 150
L 3411.7750, -4865.3370, 0.0000, 3507.0358, -4706.5689, 0.0000, 150, 90, 150
L 3411.7750, -4865.3370, 0.0000, 3316.5142, -4706.5689, 0.0000, 150, 90, 150
P 2357.4557, -4220.3417, 0.0000, 150, 90, 150, 3, To_North_Kithicor
