L -4746.7917, -1569.4817, 0.0000, -5227.1000, -2049.7900, 0.0000, 150, 90, 150
L -5227.1000, -2049.7900, 0.0000, -5073.4013, -2011.3653, 0.0000, 150, 90, 150
L -5227.1000, -2049.7900, 0.0000, -5188.6753, -1896.0913, 0.0000, 150, 90, 150
P -4665.2806, -1633.0286, 0.0000, 150, 90, 150, 4, To_Saerk_Towers
L -4852.4595, -682.9272, 0.0000, -5227.1000, -1057.5678, 0.0000, 150, 90, 150
L -5227.1000, -1057.5678, 0.0000, -5104.1411, -1026.8280, 0.0000, 150, 90, 150
L -5227.1000, -1057.5678, 0.0000, -5196.3603, -934.6088, 0.0000, 150, 90, 150
P -4770.9485, -693.6403, 0.0000, 150, 90, 150, 3, To_Moss_Mouth_Cavern
L -4697.2783, 69.1408, 0.0000, -5227.1000, 69.1408, 0.0000, 150, 90, 150
L -5227.1000, 69.1408, 0.0000, -5118.4186, 3.9320, 0.0000, 150, 90, 150
L -5227.1000, 69.1408, 0.0000, -5118.4186, 134.3497, 0.0000, 150, 90, 150
P -4615.7673, 245.7481, 0.0000, 150, 90, 150, 3, To_Castle_Felstar
L -4697.2783, 1008.5292, 0.0000, -5227.1000, 1008.5292, 0.0000, 150, 90, 150
L -5227.1000, 1008.5292, 0.0000, -5118.4186, 943.3203, 0.0000, 150, 90, 150
L -5227.1000, 1008.5292, 0.0000, -5118.4186, 1073.7380, 0.0000, 150, 90, 150
P -4615.7673, 1185.1364, 0.0000, 150, 90, 150, 3, To_Bastable_Village
L -4852.4595, 1760.5972, 0.0000, -5227.1000, 2135.2378, 0.0000, 150, 90, 150
L -5227.1000, 2135.2378, 0.0000, -5196.3603, 2012.2788, 0.0000, 150, 90, 150
L -5227.1000, 2135.2378, 0.0000, -5104.1411, 2104.4980, 0.0000, 150, 90, 150
P -4770.9485, 2124.5247, 0.0000, 150, 90, 150, 3, To_Tomb_of_Kings
L -4852.4595, 2699.9856, 0.0000, -5227.1000, 3074.6261, 0.0000, 150, 90, 150
L -5227.1000, 3074.6261, 0.0000, -5196.3603, 2951.6672, 0.0000, 150, 90, 150
L -5227.1000, 3074.6261, 0.0000, -5104.1411, 3043.8864, 0.0000, 150, 90, 150
P -4770.9485, 3063.9131, 0.0000, 150, 90, 150, 3, To_Deathfist_Forge
L -1650.8050, -1569.6992, 0.0000, -1650.8050, -2248.9577, 0.0000, 150, 90, 150
L -1650.8050, -2248.9577, 0.0000, -1569.2940, -2113.1060, 0.0000, 150, 90, 150
L -1650.8050, -2248.9577, 0.0000, -1732.3160, -2113.1060, 0.0000, 150, 90, 150
P -2372.5172, -1732.7212, 0.0000, 150, 90, 150, 4, To_Mu_Lin's_Reach
L 1550.8495, 726.1553, 0.0000, 1925.4900, 351.5147, 0.0000, 150, 90, 150
L 1925.4900, 351.5147, 0.0000, 1894.7503, 474.4737, 0.0000, 150, 90, 150
L 1925.4900, 351.5147, 0.0000, 1802.5311, 382.2545, 0.0000, 150, 90, 150
P -143.9006, 715.4422, 0.0000, 150, 90, 150, 3, To_Hodstock_/_Temby
L -3438.9525, 2677.7414, 0.0000, -3438.9525, 3357.0000, 0.0000, 150, 90, 150
L -3438.9525, 3357.0000, 0.0000, -3520.4635, 3221.1483, 0.0000, 150, 90, 150
L -3438.9525, 3357.0000, 0.0000, -3357.4415, 3221.1483, 0.0000, 150, 90, 150
P -4203.1184, 3193.9779, 0.0000, 150, 90, 150, 4, To_Northwestern_Ro
L 137.3425, 2827.1783, 0.0000, 137.3425, 3357.0000, 0.0000, 150, 90, 150
L 137.3425, 3357.0000, 0.0000, 72.1337, 3248.3186, 0.0000, 150, 90, 150
L 137.3425, 3357.0000, 0.0000, 202.5513, 3248.3186, 0.0000, 150, 90, 150
P -796.6380, 3268.6964, 0.0000, 150, 90, 150, 3, To_Muniel's_Tea_Garden
