L 2184.6713, -600.0212, 0.0000, 2317.6522, -733.0021, 0.0000, 150, 90, 150
L 2317.6522, -733.0021, 0.0000, 2306.7410, -689.3571, 0.0000, 150, 90, 150
L 2317.6522, -733.0021, 0.0000, 2274.0072, -722.0909, 0.0000, 150, 90, 150
P 1703.6629, -603.8239, 0.0000, 150, 90, 150, 3, To_East_Plateau
L 2157.1300, 393.8450, 0.0000, 2345.1935, 393.8450, 0.0000, 150, 90, 150
L 2345.1935, 393.8450, 0.0000, 2306.6164, 416.9913, 0.0000, 150, 90, 150
L 2345.1935, 393.8450, 0.0000, 2306.6164, 370.6987, 0.0000, 150, 90, 150
P 1585.7065, 456.5328, 0.0000, 150, 90, 150, 3, To_Edud's_Crossing
L 2165.9176, 1368.9575, 0.0000, 2336.4059, 1539.4459, 0.0000, 150, 90, 150
L 2336.4059, 1539.4459, 0.0000, 2281.8497, 1525.8068, 0.0000, 150, 90, 150
L 2336.4059, 1539.4459, 0.0000, 2322.7669, 1484.8896, 0.0000, 150, 90, 150
P 1715.0475, 1516.8895, 0.0000, 150, 90, 150, 4, To_Old_Arcadin
L -235.1958, -316.1783, 0.0000, -405.6842, -486.6667, 0.0000, 150, 90, 150
L -405.6842, -486.6667, 0.0000, -351.1279, -473.0276, 0.0000, 150, 90, 150
L -405.6842, -486.6667, 0.0000, -392.0451, -432.1104, 0.0000, 150, 90, 150
P -206.2630, -338.7347, 0.0000, 150, 90, 150, 4, To_West_Plateau
L -250.5190, 1189.1125, 0.0000, -390.3610, 1189.1125, 0.0000, 150, 90, 150
L -390.3610, 1189.1125, 0.0000, -361.4282, 1171.7528, 0.0000, 150, 90, 150
L -390.3610, 1189.1125, 0.0000, -361.4282, 1206.4722, 0.0000, 150, 90, 150
P -221.5861, 1251.8003, 0.0000, 150, 90, 150, 2, To_Syhilthis'_Dwell
