L -1109.62, -1077.62, 0.0000, -986.98, -1066.57, 0.0000, 84, 92, 96
L -986.98, -1066.57, 0.0000, -864.34, -1077.62, 0.0000, 84, 92, 96
L -864.34, -1077.62, 0.0000, -741.70, -1065.00, 0.0000, 84, 92, 96
L -741.70, -1065.00, 0.0000, -619.06, -1077.62, 0.0000, 84, 92, 96
L -619.06, -1077.62, 0.0000, -496.42, -1053.43, 0.0000, 84, 92, 96
L -496.42, -1053.43, 0.0000, -373.78, -1077.62, 0.0000, 84, 92, 96
L -373.78, -1077.62, 0.0000, -394.73, -955.65, 0.0000, 84, 92, 96
L -1091.17, -955.65, 0.0000, -1109.62, -1077.62, 0.0000, 84, 92, 96
L -1088.62, -1056.62, 0.0000, -915.16, -1046.56, 0.0000, 104, 122, 128
L -915.16, -1046.56, 0.0000, -741.70, -1056.62, 0.0000, 104, 122, 128
L -741.70, -1056.62, 0.0000, -568.24, -1041.18, 0.0000, 104, 122, 128
L -568.24, -1041.18, 0.0000, -394.78, -1056.62, 0.0000, 104, 122, 128
L -921.62, -918.66, 0.0000, -902.51, -918.66, 0.0000, 104, 122, 128
L -858.34, -918.66, 0.0000, -846.88, -918.66, 0.0000, 104, 122, 128
L -820.97, -918.66, 0.0000, -832.44, -918.66, 0.0000, 104, 122, 128
L -798.89, -918.66, 0.0000, -787.42, -918.66, 0.0000, 104, 122, 128
L -654.07, -918.66, 0.0000, -638.78, -918.66, 0.0000, 104, 122, 128
L -589.84, -918.66, 0.0000, -581.24, -918.66, 0.0000, 104, 122, 128
L -564.89, -918.66, 0.0000, -545.78, -918.66, 0.0000, 104, 122, 128
L -959.62, -999.62, 0.0000, -523.78, -999.62, 0.0000, 104, 122, 128
L -866.4614, -978.6446, 0.0000, -858.8298, -978.6446, 0.0000, 76, 94, 134
L -1010.2349, -911.4801, 0.0000, -1008.4507, -911.8620, 0.0000, 76, 94, 134
L -1008.4507, -911.8620, 0.0000, -1006.4728, -911.9935, 0.0000, 76, 94, 134
L -1006.4728, -911.9935, 0.0000, -1004.4949, -911.8620, 0.0000, 76, 94, 134
L -1004.4949, -911.8620, 0.0000, -1002.7107, -911.4801, 0.0000, 76, 94, 134
L -1014.7578, -911.8335, 0.0000, -1012.4922, -912.7850, 0.0000, 70, 86, 120
L -1012.4922, -912.7850, 0.0000, -1009.6374, -913.3959, 0.0000, 70, 86, 120
L -1009.6374, -913.3959, 0.0000, -1006.4728, -913.6065, 0.0000, 70, 86, 120
L -1006.4728, -913.6065, 0.0000, -1003.3082, -913.3959, 0.0000, 70, 86, 120
L -1003.3082, -913.3959, 0.0000, -1000.4534, -912.7850, 0.0000, 70, 86, 120
L -1000.4534, -912.7850, 0.0000, -998.1878, -911.8335, 0.0000, 70, 86, 120
L -1020.0000, -911.1513, 0.0000, -1017.9797, -912.8166, 0.0000, 76, 94, 134
L -1017.9797, -912.8166, 0.0000, -1014.8331, -914.1382, 0.0000, 76, 94, 134
L -1014.8331, -914.1382, 0.0000, -1010.8681, -914.9867, 0.0000, 76, 94, 134
L -1010.8681, -914.9867, 0.0000, -1006.4728, -915.2791, 0.0000, 76, 94, 134
L -1006.4728, -915.2791, 0.0000, -1002.0775, -914.9867, 0.0000, 76, 94, 134
L -1002.0775, -914.9867, 0.0000, -998.1125, -914.1382, 0.0000, 76, 94, 134
L -998.1125, -914.1382, 0.0000, -994.9659, -912.8166, 0.0000, 76, 94, 134
L -994.9659, -912.8166, 0.0000, -992.9456, -911.1513, 0.0000, 76, 94, 134
L -479.9054, -903.6160, 0.0000, -478.9890, -920.7977, 0.0000, 76, 94, 134
L -473.9490, -903.6160, 0.0000, -474.8654, -920.7977, 0.0000, 76, 94, 134
L -478.9890, -920.7977, 0.0000, -476.9272, -924.2340, 0.0000, 76, 94, 134
L -476.9272, -924.2340, 0.0000, -474.8654, -920.7977, 0.0000, 76, 94, 134
L -479.4472, -911.9777, 0.0000, -474.4072, -911.9777, 0.0000, 70, 86, 120
L -479.4472, -916.3304, 0.0000, -474.4072, -916.3304, 0.0000, 70, 86, 120
L -945.7438, -993.1424, 0.0000, -968.4912, -993.1424, 0.0000, 96, 116, 148
L -968.4912, -993.1424, 0.0000, -968.4912, -947.6476, 0.0000, 96, 116, 148
L -968.4912, -947.6476, 0.0000, -945.7438, -947.6476, 0.0000, 96, 116, 148
L -968.4912, -971.3049, 0.0000, -950.2933, -971.3049, 0.0000, 96, 116, 148
L -932.0954, -947.6476, 0.0000, -932.0954, -993.1424, 0.0000, 96, 116, 148
L -932.0954, -993.1424, 0.0000, -913.8975, -993.1424, 0.0000, 96, 116, 148
L -913.8975, -993.1424, 0.0000, -908.4382, -987.6830, 0.0000, 96, 116, 148
L -908.4382, -987.6830, 0.0000, -908.4382, -974.9445, 0.0000, 96, 116, 148
L -908.4382, -974.9445, 0.0000, -913.8975, -969.4851, 0.0000, 96, 116, 148
L -913.8975, -969.4851, 0.0000, -932.0954, -969.4851, 0.0000, 96, 116, 148
L -922.9965, -969.4851, 0.0000, -908.4382, -947.6476, 0.0000, 96, 116, 148
L -894.7898, -993.1424, 0.0000, -894.7898, -954.9268, 0.0000, 96, 116, 148
L -894.7898, -954.9268, 0.0000, -887.5106, -947.6476, 0.0000, 96, 116, 148
L -887.5106, -947.6476, 0.0000, -877.5018, -947.6476, 0.0000, 96, 116, 148
L -877.5018, -947.6476, 0.0000, -870.2226, -954.9268, 0.0000, 96, 116, 148
L -870.2226, -954.9268, 0.0000, -870.2226, -993.1424, 0.0000, 96, 116, 148
L -856.5742, -947.6476, 0.0000, -856.5742, -993.1424, 0.0000, 96, 116, 148
L -840.6510, -993.1424, 0.0000, -832.9169, -984.9533, 0.0000, 96, 116, 148
L -832.9169, -984.9533, 0.0000, -832.9169, -955.8367, 0.0000, 96, 116, 148
L -832.9169, -955.8367, 0.0000, -840.6510, -947.6476, 0.0000, 96, 116, 148
L -840.6510, -947.6476, 0.0000, -856.5742, -947.6476, 0.0000, 96, 116, 148
L -816.5388, -947.6476, 0.0000, -816.5388, -993.1424, 0.0000, 96, 116, 148
L -800.1607, -947.6476, 0.0000, -800.1607, -993.1424, 0.0000, 96, 116, 148
L -800.1607, -993.1424, 0.0000, -776.5035, -947.6476, 0.0000, 96, 116, 148
L -776.5035, -947.6476, 0.0000, -776.5035, -993.1424, 0.0000, 96, 116, 148
L -730.0988, -947.6476, 0.0000, -730.0988, -993.1424, 0.0000, 96, 116, 148
L -730.0988, -993.1424, 0.0000, -711.9010, -993.1424, 0.0000, 96, 116, 148
L -711.9010, -993.1424, 0.0000, -706.4416, -987.6830, 0.0000, 96, 116, 148
L -706.4416, -987.6830, 0.0000, -706.4416, -974.9445, 0.0000, 96, 116, 148
L -706.4416, -974.9445, 0.0000, -711.9010, -969.4851, 0.0000, 96, 116, 148
L -711.9010, -969.4851, 0.0000, -730.0988, -969.4851, 0.0000, 96, 116, 148
L -692.7932, -947.6476, 0.0000, -679.1448, -993.1424, 0.0000, 96, 116, 148
L -679.1448, -993.1424, 0.0000, -665.4963, -947.6476, 0.0000, 96, 116, 148
L -686.8789, -965.8455, 0.0000, -671.4106, -965.8455, 0.0000, 96, 116, 148
L -651.8479, -993.1424, 0.0000, -651.8479, -947.6476, 0.0000, 96, 116, 148
L -651.8479, -947.6476, 0.0000, -630.9203, -947.6476, 0.0000, 96, 116, 148
L -617.2719, -947.6476, 0.0000, -603.6235, -993.1424, 0.0000, 96, 116, 148
L -603.6235, -993.1424, 0.0000, -589.9751, -947.6476, 0.0000, 96, 116, 148
L -611.3576, -965.8455, 0.0000, -595.8894, -965.8455, 0.0000, 96, 116, 148
L -551.3046, -987.6830, 0.0000, -559.0387, -993.1424, 0.0000, 96, 116, 148
L -559.0387, -993.1424, 0.0000, -568.1376, -993.1424, 0.0000, 96, 116, 148
L -568.1376, -993.1424, 0.0000, -576.3267, -984.9533, 0.0000, 96, 116, 148
L -576.3267, -984.9533, 0.0000, -576.3267, -955.8367, 0.0000, 96, 116, 148
L -576.3267, -955.8367, 0.0000, -568.1376, -947.6476, 0.0000, 96, 116, 148
L -568.1376, -947.6476, 0.0000, -559.0387, -947.6476, 0.0000, 96, 116, 148
L -559.0387, -947.6476, 0.0000, -551.3046, -953.1070, 0.0000, 96, 116, 148
L -514.9088, -993.1424, 0.0000, -537.6562, -993.1424, 0.0000, 96, 116, 148
L -537.6562, -993.1424, 0.0000, -537.6562, -947.6476, 0.0000, 96, 116, 148
L -537.6562, -947.6476, 0.0000, -514.9088, -947.6476, 0.0000, 96, 116, 148
L -537.6562, -971.3049, 0.0000, -519.4583, -971.3049, 0.0000, 96, 116, 148
L -981.2297, -1000.7855, 0.0000, -502.1703, -1000.7855, 0.0000, 150, 166, 190
L -981.2297, -940.0045, 0.0000, -502.1703, -940.0045, 0.0000, 150, 166, 190
L -992.6944, -974.4895, 0.0000, -988.5999, -970.3950, 0.0000, 96, 116, 148
L -988.5999, -970.3950, 0.0000, -992.6944, -966.3005, 0.0000, 96, 116, 148
L -992.6944, -966.3005, 0.0000, -996.7889, -970.3950, 0.0000, 96, 116, 148
L -996.7889, -970.3950, 0.0000, -992.6944, -974.4895, 0.0000, 96, 116, 148
L -490.7056, -974.4895, 0.0000, -486.6111, -970.3950, 0.0000, 96, 116, 148
L -486.6111, -970.3950, 0.0000, -490.7056, -966.3005, 0.0000, 96, 116, 148
L -490.7056, -966.3005, 0.0000, -494.8001, -970.3950, 0.0000, 96, 116, 148
L -494.8001, -970.3950, 0.0000, -490.7056, -974.4895, 0.0000, 96, 116, 148
P -1006.5800, -513.1566, 0.0000, 70, 86, 92, 3, N
P -1006.5800, -414.5634, 0.0000, 84, 92, 96, 1, S
P -957.2834, -463.8600, 0.0000, 84, 92, 96, 1, E
P -1055.8766, -463.8600, 0.0000, 84, 92, 96, 1, W
L -840.00, -927.62, 0.0000, -840.00, -495.81, 0.0000, 108, 108, 98
L -720.00, -927.62, 0.0000, -720.00, -495.81, 0.0000, 108, 108, 98
L -600.00, -927.62, 0.0000, -600.00, -495.81, 0.0000, 108, 108, 98
L -959.62, -840.00, 0.0000, -523.78, -840.00, 0.0000, 108, 108, 98
L -959.62, -720.00, 0.0000, -523.78, -720.00, 0.0000, 108, 108, 98
L -959.62, -600.00, 0.0000, -523.78, -600.00, 0.0000, 108, 108, 98
L -959.62, -495.81, 0.0000, -523.78, -495.81, 0.0000, 108, 108, 98
L -959.62, -927.62, 0.0000, -959.62, -495.81, 0.0000, 108, 108, 98
L -523.78, -927.62, 0.0000, -523.78, -495.81, 0.0000, 108, 108, 98
L -394.73, -955.65, 0.0000, -373.78, -833.68, 0.0000, 84, 92, 96
L -373.78, -833.68, 0.0000, -388.07, -711.71, 0.0000, 84, 92, 96
L -388.07, -711.71, 0.0000, -373.78, -589.75, 0.0000, 84, 92, 96
L -373.78, -589.75, 0.0000, -385.01, -467.78, 0.0000, 84, 92, 96
L -385.01, -467.78, 0.0000, -373.78, -345.81, 0.0000, 84, 92, 96
L -373.78, -345.81, 0.0000, -496.42, -362.89, 0.0000, 84, 92, 96
L -496.42, -362.89, 0.0000, -619.06, -345.81, 0.0000, 84, 92, 96
L -619.06, -345.81, 0.0000, -741.70, -365.51, 0.0000, 84, 92, 96
L -741.70, -365.51, 0.0000, -864.34, -345.81, 0.0000, 84, 92, 96
L -864.34, -345.81, 0.0000, -986.98, -359.61, 0.0000, 84, 92, 96
L -986.98, -359.61, 0.0000, -1109.62, -345.81, 0.0000, 84, 92, 96
L -1109.62, -345.81, 0.0000, -1093.82, -467.78, 0.0000, 84, 92, 96
L -1093.82, -467.78, 0.0000, -1109.62, -589.75, 0.0000, 84, 92, 96
L -1109.62, -589.75, 0.0000, -1090.34, -711.71, 0.0000, 84, 92, 96
L -1090.34, -711.71, 0.0000, -1109.62, -833.68, 0.0000, 84, 92, 96
L -1109.62, -833.68, 0.0000, -1091.17, -955.65, 0.0000, 84, 92, 96
L -411.17, -884.17, 0.0000, -394.78, -711.71, 0.0000, 104, 122, 128
L -394.78, -711.71, 0.0000, -406.25, -539.26, 0.0000, 104, 122, 128
L -406.25, -539.26, 0.0000, -394.78, -366.81, 0.0000, 104, 122, 128
L -394.78, -366.81, 0.0000, -568.24, -378.22, 0.0000, 104, 122, 128
L -568.24, -378.22, 0.0000, -741.70, -366.81, 0.0000, 104, 122, 128
L -741.70, -366.81, 0.0000, -915.16, -379.43, 0.0000, 104, 122, 128
L -915.16, -379.43, 0.0000, -1088.62, -366.81, 0.0000, 104, 122, 128
L -1088.62, -366.81, 0.0000, -1079.18, -539.26, 0.0000, 104, 122, 128
L -1079.18, -539.26, 0.0000, -1088.62, -711.71, 0.0000, 104, 122, 128
L -1088.62, -711.71, 0.0000, -1076.15, -884.17, 0.0000, 104, 122, 128
L -959.62, -882.66, 0.0000, -523.78, -882.66, 0.0000, 104, 122, 128
L  -981.8217, -434.3591, 0.0000, -987.3235, -430.5078, 0.0000, 84, 92, 96
L  -987.3235, -430.5078, 0.0000, -993.4086, -427.6688, 0.0000, 84, 92, 96
L  -993.4086, -427.6688, 0.0000, -999.8897, -425.9302, 0.0000, 84, 92, 96
L  -999.8897, -425.9302, 0.0000, -1006.5800, -425.3470, 0.0000, 84, 92, 96
L  -1006.5800, -425.3470, 0.0000, -1013.2703, -425.9302, 0.0000, 84, 92, 96
L  -1013.2703, -425.9302, 0.0000, -1019.7514, -427.6688, 0.0000, 84, 92, 96
L  -1019.7514, -427.6688, 0.0000, -1025.8365, -430.5078, 0.0000, 84, 92, 96
L  -1025.8365, -430.5078, 0.0000, -1031.3383, -434.3591, 0.0000, 84, 92, 96
L  -1031.3383, -434.3591, 0.0000, -1036.0809, -439.1017, 0.0000, 84, 92, 96
L  -1036.0809, -439.1017, 0.0000, -1039.9322, -444.6035, 0.0000, 84, 92, 96
L  -1039.9322, -444.6035, 0.0000, -1042.7712, -450.6886, 0.0000, 84, 92, 96
L  -1042.7712, -450.6886, 0.0000, -1044.5098, -457.1697, 0.0000, 84, 92, 96
L  -1044.5098, -457.1697, 0.0000, -1045.0930, -463.8600, 0.0000, 84, 92, 96
L  -1045.0930, -463.8600, 0.0000, -1044.5098, -470.5503, 0.0000, 84, 92, 96
L  -1044.5098, -470.5503, 0.0000, -1042.7712, -477.0314, 0.0000, 84, 92, 96
L  -1042.7712, -477.0314, 0.0000, -1039.9322, -483.1165, 0.0000, 84, 92, 96
L  -1039.9322, -483.1165, 0.0000, -1036.0809, -488.6183, 0.0000, 84, 92, 96
L  -1036.0809, -488.6183, 0.0000, -1031.3383, -493.3609, 0.0000, 84, 92, 96
L  -1031.3383, -493.3609, 0.0000, -1025.8365, -497.2122, 0.0000, 84, 92, 96
L  -1025.8365, -497.2122, 0.0000, -1019.7514, -500.0512, 0.0000, 84, 92, 96
L  -1019.7514, -500.0512, 0.0000, -1013.2703, -501.7898, 0.0000, 84, 92, 96
L  -1013.2703, -501.7898, 0.0000, -1006.5800, -502.3730, 0.0000, 84, 92, 96
L  -1006.5800, -502.3730, 0.0000, -999.8897, -501.7898, 0.0000, 84, 92, 96
L  -999.8897, -501.7898, 0.0000, -993.4086, -500.0512, 0.0000, 84, 92, 96
L  -993.4086, -500.0512, 0.0000, -987.3235, -497.2122, 0.0000, 84, 92, 96
L  -987.3235, -497.2122, 0.0000, -981.8217, -493.3609, 0.0000, 84, 92, 96
L  -981.8217, -493.3609, 0.0000, -977.0791, -488.6183, 0.0000, 84, 92, 96
L  -977.0791, -488.6183, 0.0000, -973.2278, -483.1165, 0.0000, 84, 92, 96
L  -973.2278, -483.1165, 0.0000, -970.3888, -477.0314, 0.0000, 84, 92, 96
L  -970.3888, -477.0314, 0.0000, -968.6502, -470.5503, 0.0000, 84, 92, 96
L  -984.8202, -426.1723, 0.0000, -991.6975, -422.9647, 0.0000, 104, 122, 128
L  -991.6975, -422.9647, 0.0000, -999.0205, -421.0006, 0.0000, 104, 122, 128
L  -999.0205, -421.0006, 0.0000, -1006.5800, -420.3403, 0.0000, 104, 122, 128
L  -1006.5800, -420.3403, 0.0000, -1014.1395, -421.0006, 0.0000, 104, 122, 128
L  -1014.1395, -421.0006, 0.0000, -1021.4625, -422.9647, 0.0000, 104, 122, 128
L  -1021.4625, -422.9647, 0.0000, -1028.3398, -426.1723, 0.0000, 104, 122, 128
L  -1028.3398, -426.1723, 0.0000, -1034.5514, -430.5243, 0.0000, 104, 122, 128
L  -1034.5514, -430.5243, 0.0000, -1039.9157, -435.8886, 0.0000, 104, 122, 128
L  -1039.9157, -435.8886, 0.0000, -1044.2677, -442.1002, 0.0000, 104, 122, 128
L  -1044.2677, -442.1002, 0.0000, -1047.4753, -448.9775, 0.0000, 104, 122, 128
L  -1047.4753, -448.9775, 0.0000, -1049.4394, -456.3005, 0.0000, 104, 122, 128
L  -1049.4394, -456.3005, 0.0000, -1050.0997, -463.8600, 0.0000, 104, 122, 128
L  -1050.0997, -463.8600, 0.0000, -1049.4394, -471.4195, 0.0000, 104, 122, 128
L  -1049.4394, -471.4195, 0.0000, -1047.4753, -478.7425, 0.0000, 104, 122, 128
L  -1047.4753, -478.7425, 0.0000, -1044.2677, -485.6198, 0.0000, 104, 122, 128
L  -1044.2677, -485.6198, 0.0000, -1039.9157, -491.8314, 0.0000, 104, 122, 128
L  -1039.9157, -491.8314, 0.0000, -1034.5514, -497.1957, 0.0000, 104, 122, 128
L  -1034.5514, -497.1957, 0.0000, -1028.3398, -501.5477, 0.0000, 104, 122, 128
L  -1028.3398, -501.5477, 0.0000, -1021.4625, -504.7553, 0.0000, 104, 122, 128
L  -1021.4625, -504.7553, 0.0000, -1014.1395, -506.7194, 0.0000, 104, 122, 128
L  -1014.1395, -506.7194, 0.0000, -1006.5800, -507.3797, 0.0000, 104, 122, 128
L  -1006.5800, -507.3797, 0.0000, -999.0205, -506.7194, 0.0000, 104, 122, 128
L  -999.0205, -506.7194, 0.0000, -991.6975, -504.7553, 0.0000, 104, 122, 128
L  -991.6975, -504.7553, 0.0000, -984.8202, -501.5477, 0.0000, 104, 122, 128
L  -984.8202, -501.5477, 0.0000, -978.6086, -497.1957, 0.0000, 104, 122, 128
L  -978.6086, -497.1957, 0.0000, -973.2443, -491.8314, 0.0000, 104, 122, 128
L  -973.2443, -491.8314, 0.0000, -968.8923, -485.6198, 0.0000, 104, 122, 128
L  -968.8923, -485.6198, 0.0000, -965.6847, -478.7425, 0.0000, 104, 122, 128
L  -965.6847, -478.7425, 0.0000, -963.7206, -471.4195, 0.0000, 104, 122, 128
L  -1006.5800, -463.8600, 0.0000, -1006.5800, -502.3730, 0.0000, 104, 122, 128
L  -1006.5800, -463.8600, 0.0000, -990.2395, -480.2005, 0.0000, 108, 108, 98
L  -1006.5800, -463.8600, 0.0000, -968.0670, -463.8600, 0.0000, 104, 122, 128
L  -1006.5800, -463.8600, 0.0000, -990.2395, -447.5195, 0.0000, 108, 108, 98
L  -1006.5800, -463.8600, 0.0000, -1006.5800, -425.3470, 0.0000, 104, 122, 128
L  -1006.5800, -463.8600, 0.0000, -1022.9205, -447.5195, 0.0000, 108, 108, 98
L  -1006.5800, -463.8600, 0.0000, -1045.0930, -463.8600, 0.0000, 104, 122, 128
L  -1006.5800, -463.8600, 0.0000, -1022.9205, -480.2005, 0.0000, 108, 108, 98
L  -1010.9815, -494.6704, 0.0000, -1006.5800, -500.0622, 0.0000, 70, 86, 92
L  -1002.1785, -494.6704, 0.0000, -1006.5800, -500.0622, 0.0000, 70, 86, 92
L -952.0779, -448.9572, 0.0000, -951.1417, -466.5108, 0.0000, 76, 94, 134
L -945.9927, -448.9572, 0.0000, -946.9289, -466.5108, 0.0000, 76, 94, 134
L -951.1417, -466.5108, 0.0000, -949.0353, -470.0215, 0.0000, 76, 94, 134
L -949.0353, -470.0215, 0.0000, -946.9289, -466.5108, 0.0000, 76, 94, 134
L -953.7163, -448.9572, 0.0000, -944.3544, -448.9572, 0.0000, 70, 86, 120
L -951.6098, -453.0530, 0.0000, -946.4608, -453.0530, 0.0000, 70, 86, 120
L -951.6098, -457.4999, 0.0000, -946.4608, -457.4999, 0.0000, 70, 86, 120
L -951.6098, -461.9468, 0.0000, -946.4608, -461.9468, 0.0000, 70, 86, 120
L -881.9708, -444.2161, 0.0000, -881.5398, -453.6983, 0.0000, 92, 84, 116
L -881.5398, -453.6983, 0.0000, -878.3073, -453.6983, 0.0000, 92, 84, 116
L -878.3073, -453.6983, 0.0000, -877.8762, -444.2161, 0.0000, 92, 84, 116
L -877.8762, -444.2161, 0.0000, -881.9708, -444.2161, 0.0000, 92, 84, 116
L -878.4150, -456.4999, 0.0000, -878.6171, -455.0991, 0.0000, 92, 84, 116
L -878.6171, -455.0991, 0.0000, -879.1693, -454.0737, 0.0000, 92, 84, 116
L -879.1693, -454.0737, 0.0000, -879.9235, -453.6983, 0.0000, 92, 84, 116
L -879.9235, -453.6983, 0.0000, -880.6778, -454.0737, 0.0000, 92, 84, 116
L -880.6778, -454.0737, 0.0000, -881.2300, -455.0991, 0.0000, 92, 84, 116
L -881.2300, -455.0991, 0.0000, -881.4321, -456.4999, 0.0000, 92, 84, 116
L -881.4321, -456.4999, 0.0000, -881.2300, -457.9007, 0.0000, 92, 84, 116
L -881.2300, -457.9007, 0.0000, -880.6778, -458.9261, 0.0000, 92, 84, 116
L -880.6778, -458.9261, 0.0000, -879.9235, -459.3015, 0.0000, 92, 84, 116
L -879.9235, -459.3015, 0.0000, -879.1693, -458.9261, 0.0000, 92, 84, 116
L -879.1693, -458.9261, 0.0000, -878.6171, -457.9007, 0.0000, 92, 84, 116
L -878.6171, -457.9007, 0.0000, -878.4150, -456.4999, 0.0000, 92, 84, 116
L -881.7553, -455.4224, 0.0000, -881.3243, -459.7325, 0.0000, 92, 84, 116
L -881.3243, -459.7325, 0.0000, -879.9235, -460.8100, 0.0000, 92, 84, 116
L -879.9235, -460.8100, 0.0000, -878.5228, -459.7325, 0.0000, 92, 84, 116
L -878.5228, -459.7325, 0.0000, -878.0917, -455.4224, 0.0000, 92, 84, 116
L -878.4150, -449.1727, 0.0000, -876.2599, -449.6037, 0.0000, 92, 84, 116
L -876.2599, -449.6037, 0.0000, -876.2599, -447.6642, 0.0000, 92, 84, 116
L -876.2599, -447.6642, 0.0000, -878.4150, -447.2332, 0.0000, 92, 84, 116
L -878.4150, -447.2332, 0.0000, -878.4150, -449.1727, 0.0000, 92, 84, 116
L -819.6991, -448.9572, 0.0000, -801.9244, -448.9572, 0.0000, 96, 110, 140
L -819.6991, -448.9572, 0.0000, -818.9585, -460.0664, 0.0000, 96, 110, 140
L -801.9244, -448.9572, 0.0000, -802.6651, -460.0664, 0.0000, 96, 110, 140
L -818.9585, -460.0664, 0.0000, -810.8118, -458.1408, 0.0000, 96, 110, 140
L -810.8118, -458.1408, 0.0000, -802.6651, -460.0664, 0.0000, 96, 110, 140
L -810.8118, -458.1408, 0.0000, -810.8118, -448.9572, 0.0000, 70, 86, 120
L -739.8172, -453.6641, 0.0000, -740.1768, -452.5575, 0.0000, 76, 94, 134
L -740.1768, -452.5575, 0.0000, -741.1182, -451.8735, 0.0000, 76, 94, 134
L -741.1182, -451.8735, 0.0000, -742.2818, -451.8735, 0.0000, 76, 94, 134
L -742.2818, -451.8735, 0.0000, -743.2232, -452.5575, 0.0000, 76, 94, 134
L -743.2232, -452.5575, 0.0000, -743.5828, -453.6641, 0.0000, 76, 94, 134
L -743.5828, -453.6641, 0.0000, -743.2232, -454.7708, 0.0000, 76, 94, 134
L -743.2232, -454.7708, 0.0000, -742.2818, -455.4547, 0.0000, 76, 94, 134
L -742.2818, -455.4547, 0.0000, -741.1182, -455.4547, 0.0000, 76, 94, 134
L -741.1182, -455.4547, 0.0000, -740.1768, -454.7708, 0.0000, 76, 94, 134
L -740.1768, -454.7708, 0.0000, -739.8172, -453.6641, 0.0000, 76, 94, 134
L -736.4047, -453.6641, 0.0000, -736.6639, -452.9769, 0.0000, 76, 94, 134
L -736.6639, -452.9769, 0.0000, -737.4160, -452.3569, 0.0000, 76, 94, 134
L -737.4160, -452.3569, 0.0000, -738.5875, -451.8648, 0.0000, 76, 94, 134
L -738.5875, -451.8648, 0.0000, -740.0637, -451.5489, 0.0000, 76, 94, 134
L -740.0637, -451.5489, 0.0000, -741.7000, -451.4401, 0.0000, 76, 94, 134
L -741.7000, -451.4401, 0.0000, -743.3363, -451.5489, 0.0000, 76, 94, 134
L -743.3363, -451.5489, 0.0000, -744.8125, -451.8648, 0.0000, 76, 94, 134
L -744.8125, -451.8648, 0.0000, -745.9840, -452.3569, 0.0000, 76, 94, 134
L -745.9840, -452.3569, 0.0000, -746.7361, -452.9769, 0.0000, 76, 94, 134
L -746.7361, -452.9769, 0.0000, -746.9953, -453.6641, 0.0000, 76, 94, 134
L -746.9953, -453.6641, 0.0000, -746.7361, -454.3514, 0.0000, 76, 94, 134
L -746.7361, -454.3514, 0.0000, -745.9840, -454.9714, 0.0000, 76, 94, 134
L -745.9840, -454.9714, 0.0000, -744.8125, -455.4634, 0.0000, 76, 94, 134
L -744.8125, -455.4634, 0.0000, -743.3363, -455.7793, 0.0000, 76, 94, 134
L -743.3363, -455.7793, 0.0000, -741.7000, -455.8881, 0.0000, 76, 94, 134
L -741.7000, -455.8881, 0.0000, -740.0637, -455.7793, 0.0000, 76, 94, 134
L -740.0637, -455.7793, 0.0000, -738.5875, -455.4634, 0.0000, 76, 94, 134
L -738.5875, -455.4634, 0.0000, -737.4160, -454.9714, 0.0000, 76, 94, 134
L -737.4160, -454.9714, 0.0000, -736.6639, -454.3514, 0.0000, 76, 94, 134
L -736.6639, -454.3514, 0.0000, -736.4047, -453.6641, 0.0000, 76, 94, 134
L -733.2275, -453.6641, 0.0000, -733.6422, -452.5645, 0.0000, 70, 86, 120
L -733.6422, -452.5645, 0.0000, -734.8456, -451.5725, 0.0000, 70, 86, 120
L -734.8456, -451.5725, 0.0000, -736.7200, -450.7853, 0.0000, 70, 86, 120
L -736.7200, -450.7853, 0.0000, -739.0819, -450.2798, 0.0000, 70, 86, 120
L -739.0819, -450.2798, 0.0000, -741.7000, -450.1057, 0.0000, 70, 86, 120
L -741.7000, -450.1057, 0.0000, -744.3181, -450.2798, 0.0000, 70, 86, 120
L -744.3181, -450.2798, 0.0000, -746.6800, -450.7853, 0.0000, 70, 86, 120
L -746.6800, -450.7853, 0.0000, -748.5544, -451.5725, 0.0000, 70, 86, 120
L -748.5544, -451.5725, 0.0000, -749.7578, -452.5645, 0.0000, 70, 86, 120
L -749.7578, -452.5645, 0.0000, -750.1725, -453.6641, 0.0000, 70, 86, 120
L -750.1725, -453.6641, 0.0000, -749.7578, -454.7637, 0.0000, 70, 86, 120
L -749.7578, -454.7637, 0.0000, -748.5544, -455.7557, 0.0000, 70, 86, 120
L -748.5544, -455.7557, 0.0000, -746.6800, -456.5429, 0.0000, 70, 86, 120
L -746.6800, -456.5429, 0.0000, -744.3181, -457.0484, 0.0000, 70, 86, 120
L -744.3181, -457.0484, 0.0000, -741.7000, -457.2225, 0.0000, 70, 86, 120
L -741.7000, -457.2225, 0.0000, -739.0819, -457.0484, 0.0000, 70, 86, 120
L -739.0819, -457.0484, 0.0000, -736.7200, -456.5429, 0.0000, 70, 86, 120
L -736.7200, -456.5429, 0.0000, -734.8456, -455.7557, 0.0000, 70, 86, 120
L -734.8456, -455.7557, 0.0000, -733.6422, -454.7637, 0.0000, 70, 86, 120
L -733.6422, -454.7637, 0.0000, -733.2275, -453.6641, 0.0000, 70, 86, 120
L -729.9327, -453.6641, 0.0000, -730.5086, -452.1369, 0.0000, 76, 94, 134
L -730.5086, -452.1369, 0.0000, -732.1801, -450.7591, 0.0000, 76, 94, 134
L -732.1801, -450.7591, 0.0000, -734.7834, -449.6657, 0.0000, 76, 94, 134
L -734.7834, -449.6657, 0.0000, -738.0637, -448.9637, 0.0000, 76, 94, 134
L -738.0637, -448.9637, 0.0000, -741.7000, -448.7219, 0.0000, 76, 94, 134
L -741.7000, -448.7219, 0.0000, -745.3363, -448.9637, 0.0000, 76, 94, 134
L -745.3363, -448.9637, 0.0000, -748.6166, -449.6657, 0.0000, 76, 94, 134
L -748.6166, -449.6657, 0.0000, -751.2199, -450.7591, 0.0000, 76, 94, 134
L -751.2199, -450.7591, 0.0000, -752.8914, -452.1369, 0.0000, 76, 94, 134
L -752.8914, -452.1369, 0.0000, -753.4673, -453.6641, 0.0000, 76, 94, 134
L -753.4673, -453.6641, 0.0000, -752.8914, -455.1914, 0.0000, 76, 94, 134
L -752.8914, -455.1914, 0.0000, -751.2199, -456.5691, 0.0000, 76, 94, 134
L -751.2199, -456.5691, 0.0000, -748.6166, -457.6625, 0.0000, 76, 94, 134
L -748.6166, -457.6625, 0.0000, -745.3363, -458.3645, 0.0000, 76, 94, 134
L -745.3363, -458.3645, 0.0000, -741.7000, -458.6064, 0.0000, 76, 94, 134
L -741.7000, -458.6064, 0.0000, -738.0637, -458.3645, 0.0000, 76, 94, 134
L -738.0637, -458.3645, 0.0000, -734.7834, -457.6625, 0.0000, 76, 94, 134
L -734.7834, -457.6625, 0.0000, -732.1801, -456.5691, 0.0000, 76, 94, 134
L -732.1801, -456.5691, 0.0000, -730.5086, -455.1914, 0.0000, 76, 94, 134
L -730.5086, -455.1914, 0.0000, -729.9327, -453.6641, 0.0000, 76, 94, 134
L -741.7000, -453.6641, 0.0000, -741.7000, -440.7201, 0.0000, 76, 94, 134
L -745.2302, -440.7201, 0.0000, -738.1698, -440.7201, 0.0000, 76, 94, 134
L -605.7465, -443.7003, 0.0000, -605.2686, -454.2141, 0.0000, 92, 84, 116
L -605.2686, -454.2141, 0.0000, -601.6843, -454.2141, 0.0000, 92, 84, 116
L -601.6843, -454.2141, 0.0000, -601.2064, -443.7003, 0.0000, 92, 84, 116
L -601.2064, -443.7003, 0.0000, -605.7465, -443.7003, 0.0000, 92, 84, 116
L -601.8038, -457.3204, 0.0000, -602.0279, -455.7672, 0.0000, 92, 84, 116
L -602.0279, -455.7672, 0.0000, -602.6401, -454.6302, 0.0000, 92, 84, 116
L -602.6401, -454.6302, 0.0000, -603.4765, -454.2141, 0.0000, 92, 84, 116
L -603.4765, -454.2141, 0.0000, -604.3128, -454.6302, 0.0000, 92, 84, 116
L -604.3128, -454.6302, 0.0000, -604.9250, -455.7672, 0.0000, 92, 84, 116
L -604.9250, -455.7672, 0.0000, -605.1491, -457.3204, 0.0000, 92, 84, 116
L -605.1491, -457.3204, 0.0000, -604.9250, -458.8736, 0.0000, 92, 84, 116
L -604.9250, -458.8736, 0.0000, -604.3128, -460.0106, 0.0000, 92, 84, 116
L -604.3128, -460.0106, 0.0000, -603.4765, -460.4267, 0.0000, 92, 84, 116
L -603.4765, -460.4267, 0.0000, -602.6401, -460.0106, 0.0000, 92, 84, 116
L -602.6401, -460.0106, 0.0000, -602.0279, -458.8736, 0.0000, 92, 84, 116
L -602.0279, -458.8736, 0.0000, -601.8038, -457.3204, 0.0000, 92, 84, 116
L -605.5075, -456.1257, 0.0000, -605.0296, -460.9046, 0.0000, 92, 84, 116
L -605.0296, -460.9046, 0.0000, -603.4765, -462.0994, 0.0000, 92, 84, 116
L -603.4765, -462.0994, 0.0000, -601.9233, -460.9046, 0.0000, 92, 84, 116
L -601.9233, -460.9046, 0.0000, -601.4454, -456.1257, 0.0000, 92, 84, 116
L -601.8038, -449.1961, 0.0000, -599.4143, -449.6740, 0.0000, 92, 84, 116
L -599.4143, -449.6740, 0.0000, -599.4143, -447.5235, 0.0000, 92, 84, 116
L -599.4143, -447.5235, 0.0000, -601.8038, -447.0456, 0.0000, 92, 84, 116
L -601.8038, -447.0456, 0.0000, -601.8038, -449.1961, 0.0000, 92, 84, 116
L -542.8240, -448.9572, 0.0000, -525.9054, -448.9572, 0.0000, 96, 110, 140
L -542.8240, -448.9572, 0.0000, -542.1190, -459.5313, 0.0000, 96, 110, 140
L -525.9054, -448.9572, 0.0000, -526.6103, -459.5313, 0.0000, 96, 110, 140
L -542.1190, -459.5313, 0.0000, -534.3647, -457.6985, 0.0000, 96, 110, 140
L -534.3647, -457.6985, 0.0000, -526.6103, -459.5313, 0.0000, 96, 110, 140
L -534.3647, -457.6985, 0.0000, -534.3647, -448.9572, 0.0000, 70, 86, 120
L -1004.1971, -909.3053, 0.0000, -1004.6317, -907.9677, 0.0000, 76, 94, 134
L -1004.6317, -907.9677, 0.0000, -1005.7696, -907.1410, 0.0000, 76, 94, 134
L -1005.7696, -907.1410, 0.0000, -1007.1760, -907.1410, 0.0000, 76, 94, 134
L -1007.1760, -907.1410, 0.0000, -1008.3139, -907.9677, 0.0000, 76, 94, 134
L -1008.3139, -907.9677, 0.0000, -1008.7485, -909.3053, 0.0000, 76, 94, 134
L -1008.7485, -909.3053, 0.0000, -1008.3139, -910.6430, 0.0000, 76, 94, 134
L -1008.3139, -910.6430, 0.0000, -1007.1760, -911.4697, 0.0000, 76, 94, 134
L -1007.1760, -911.4697, 0.0000, -1005.7696, -911.4697, 0.0000, 76, 94, 134
L -1005.7696, -911.4697, 0.0000, -1004.6317, -910.6430, 0.0000, 76, 94, 134
L -1004.6317, -910.6430, 0.0000, -1004.1971, -909.3053, 0.0000, 76, 94, 134
L -1000.0723, -909.3053, 0.0000, -1000.3855, -908.4746, 0.0000, 76, 94, 134
L -1000.3855, -908.4746, 0.0000, -1001.2947, -907.7252, 0.0000, 76, 94, 134
L -1001.2947, -907.7252, 0.0000, -1002.7107, -907.1305, 0.0000, 76, 94, 134
L -1002.7107, -907.1305, 0.0000, -1004.4949, -906.7487, 0.0000, 76, 94, 134
L -1004.4949, -906.7487, 0.0000, -1006.4728, -906.6171, 0.0000, 76, 94, 134
L -1006.4728, -906.6171, 0.0000, -1008.4507, -906.7487, 0.0000, 76, 94, 134
L -1008.4507, -906.7487, 0.0000, -1010.2349, -907.1305, 0.0000, 76, 94, 134
L -1010.2349, -907.1305, 0.0000, -1011.6509, -907.7252, 0.0000, 76, 94, 134
L -1011.6509, -907.7252, 0.0000, -1012.5601, -908.4746, 0.0000, 76, 94, 134
L -1012.5601, -908.4746, 0.0000, -1012.8733, -909.3053, 0.0000, 76, 94, 134
L -1012.8733, -909.3053, 0.0000, -1012.5601, -910.1360, 0.0000, 76, 94, 134
L -1012.5601, -910.1360, 0.0000, -1011.6509, -910.8854, 0.0000, 76, 94, 134
L -1011.6509, -910.8854, 0.0000, -1010.2349, -911.4801, 0.0000, 76, 94, 134
L -1002.7107, -911.4801, 0.0000, -1001.2947, -910.8854, 0.0000, 76, 94, 134
L -1001.2947, -910.8854, 0.0000, -1000.3855, -910.1360, 0.0000, 76, 94, 134
L -1000.3855, -910.1360, 0.0000, -1000.0723, -909.3053, 0.0000, 76, 94, 134
L -996.2320, -909.3053, 0.0000, -996.7332, -907.9762, 0.0000, 70, 86, 120
L -996.7332, -907.9762, 0.0000, -998.1878, -906.7772, 0.0000, 70, 86, 120
L -998.1878, -906.7772, 0.0000, -1000.4534, -905.8256, 0.0000, 70, 86, 120
L -1000.4534, -905.8256, 0.0000, -1003.3082, -905.2147, 0.0000, 70, 86, 120
L -1003.3082, -905.2147, 0.0000, -1006.4728, -905.0042, 0.0000, 70, 86, 120
L -1006.4728, -905.0042, 0.0000, -1009.6374, -905.2147, 0.0000, 70, 86, 120
L -1009.6374, -905.2147, 0.0000, -1012.4922, -905.8256, 0.0000, 70, 86, 120
L -1012.4922, -905.8256, 0.0000, -1014.7578, -906.7772, 0.0000, 70, 86, 120
L -1014.7578, -906.7772, 0.0000, -1016.2124, -907.9762, 0.0000, 70, 86, 120
L -1016.2124, -907.9762, 0.0000, -1016.7136, -909.3053, 0.0000, 70, 86, 120
L -1016.7136, -909.3053, 0.0000, -1016.2124, -910.6344, 0.0000, 70, 86, 120
L -1016.2124, -910.6344, 0.0000, -1014.7578, -911.8335, 0.0000, 70, 86, 120
L -998.1878, -911.8335, 0.0000, -996.7332, -910.6344, 0.0000, 70, 86, 120
L -996.7332, -910.6344, 0.0000, -996.2320, -909.3053, 0.0000, 70, 86, 120
L -992.2494, -909.3053, 0.0000, -992.9456, -907.4593, 0.0000, 76, 94, 134
L -992.9456, -907.4593, 0.0000, -994.9659, -905.7940, 0.0000, 76, 94, 134
L -994.9659, -905.7940, 0.0000, -998.1125, -904.4724, 0.0000, 76, 94, 134
L -998.1125, -904.4724, 0.0000, -1002.0775, -903.6239, 0.0000, 76, 94, 134
L -1002.0775, -903.6239, 0.0000, -1006.4728, -903.3315, 0.0000, 76, 94, 134
L -1006.4728, -903.3315, 0.0000, -1010.8681, -903.6239, 0.0000, 76, 94, 134
L -1010.8681, -903.6239, 0.0000, -1014.8331, -904.4724, 0.0000, 76, 94, 134
L -1014.8331, -904.4724, 0.0000, -1017.9797, -905.7940, 0.0000, 76, 94, 134
L -1017.9797, -905.7940, 0.0000, -1020.0000, -907.4593, 0.0000, 76, 94, 134
L -1020.0000, -907.4593, 0.0000, -1020.6962, -909.3053, 0.0000, 76, 94, 134
L -1020.6962, -909.3053, 0.0000, -1020.0000, -911.1513, 0.0000, 76, 94, 134
L -992.9456, -911.1513, 0.0000, -992.2494, -909.3053, 0.0000, 76, 94, 134
L -1006.4728, -909.3053, 0.0000, -1006.4728, -893.6596, 0.0000, 76, 94, 134
L -1010.7398, -893.6596, 0.0000, -1002.2058, -893.6596, 0.0000, 76, 94, 134
L -481.5090, -903.6160, 0.0000, -472.3454, -903.6160, 0.0000, 70, 86, 120
L -479.4472, -907.6250, 0.0000, -474.4072, -907.6250, 0.0000, 70, 86, 120
L -1008.7205, -802.4603, 0.0000, -1008.2473, -812.8706, 0.0000, 92, 84, 116
L -1008.2473, -812.8706, 0.0000, -1004.6983, -812.8706, 0.0000, 92, 84, 116
L -1004.6983, -812.8706, 0.0000, -1004.2251, -802.4603, 0.0000, 92, 84, 116
L -1004.2251, -802.4603, 0.0000, -1008.7205, -802.4603, 0.0000, 92, 84, 116
L -1004.8166, -815.9464, 0.0000, -1005.0385, -814.4085, 0.0000, 92, 84, 116
L -1005.0385, -814.4085, 0.0000, -1005.6447, -813.2827, 0.0000, 92, 84, 116
L -1005.6447, -813.2827, 0.0000, -1006.4728, -812.8706, 0.0000, 92, 84, 116
L -1006.4728, -812.8706, 0.0000, -1007.3009, -813.2827, 0.0000, 92, 84, 116
L -1007.3009, -813.2827, 0.0000, -1007.9071, -814.4085, 0.0000, 92, 84, 116
L -1007.9071, -814.4085, 0.0000, -1008.1290, -815.9464, 0.0000, 92, 84, 116
L -1008.1290, -815.9464, 0.0000, -1007.9071, -817.4843, 0.0000, 92, 84, 116
L -1007.9071, -817.4843, 0.0000, -1007.3009, -818.6101, 0.0000, 92, 84, 116
L -1007.3009, -818.6101, 0.0000, -1006.4728, -819.0221, 0.0000, 92, 84, 116
L -1006.4728, -819.0221, 0.0000, -1005.6447, -818.6101, 0.0000, 92, 84, 116
L -1005.6447, -818.6101, 0.0000, -1005.0385, -817.4843, 0.0000, 92, 84, 116
L -1005.0385, -817.4843, 0.0000, -1004.8166, -815.9464, 0.0000, 92, 84, 116
L -1008.4839, -814.7634, 0.0000, -1008.0107, -819.4953, 0.0000, 92, 84, 116
L -1008.0107, -819.4953, 0.0000, -1006.4728, -820.6783, 0.0000, 92, 84, 116
L -1006.4728, -820.6783, 0.0000, -1004.9349, -819.4953, 0.0000, 92, 84, 116
L -1004.9349, -819.4953, 0.0000, -1004.4617, -814.7634, 0.0000, 92, 84, 116
L -1004.8166, -807.9021, 0.0000, -1002.4507, -808.3753, 0.0000, 92, 84, 116
L -1002.4507, -808.3753, 0.0000, -1002.4507, -806.2459, 0.0000, 92, 84, 116
L -1002.4507, -806.2459, 0.0000, -1004.8166, -805.7727, 0.0000, 92, 84, 116
L -1004.8166, -805.7727, 0.0000, -1004.8166, -807.9021, 0.0000, 92, 84, 116
L -485.4946, -807.6655, 0.0000, -468.3598, -807.6655, 0.0000, 96, 110, 140
L -485.4946, -807.6655, 0.0000, -484.7806, -818.3747, 0.0000, 96, 110, 140
L -468.3598, -807.6655, 0.0000, -469.0738, -818.3747, 0.0000, 96, 110, 140
L -484.7806, -818.3747, 0.0000, -476.9272, -816.5184, 0.0000, 96, 110, 140
L -476.9272, -816.5184, 0.0000, -469.0738, -818.3747, 0.0000, 96, 110, 140
L -476.9272, -816.5184, 0.0000, -476.9272, -807.6655, 0.0000, 70, 86, 120
L -1004.4912, -716.6689, 0.0000, -1004.8697, -715.5042, 0.0000, 76, 94, 134
L -1004.8697, -715.5042, 0.0000, -1005.8605, -714.7844, 0.0000, 76, 94, 134
L -1005.8605, -714.7844, 0.0000, -1007.0851, -714.7844, 0.0000, 76, 94, 134
L -1007.0851, -714.7844, 0.0000, -1008.0759, -715.5042, 0.0000, 76, 94, 134
L -1008.0759, -715.5042, 0.0000, -1008.4544, -716.6689, 0.0000, 76, 94, 134
L -1008.4544, -716.6689, 0.0000, -1008.0759, -717.8337, 0.0000, 76, 94, 134
L -1008.0759, -717.8337, 0.0000, -1007.0851, -718.5535, 0.0000, 76, 94, 134
L -1007.0851, -718.5535, 0.0000, -1005.8605, -718.5535, 0.0000, 76, 94, 134
L -1005.8605, -718.5535, 0.0000, -1004.8697, -717.8337, 0.0000, 76, 94, 134
L -1004.8697, -717.8337, 0.0000, -1004.4912, -716.6689, 0.0000, 76, 94, 134
L -1000.8996, -716.6689, 0.0000, -1001.1724, -715.9456, 0.0000, 76, 94, 134
L -1001.1724, -715.9456, 0.0000, -1001.9640, -715.2931, 0.0000, 76, 94, 134
L -1001.9640, -715.2931, 0.0000, -1003.1970, -714.7753, 0.0000, 76, 94, 134
L -1003.1970, -714.7753, 0.0000, -1004.7506, -714.4428, 0.0000, 76, 94, 134
L -1004.7506, -714.4428, 0.0000, -1006.4728, -714.3282, 0.0000, 76, 94, 134
L -1006.4728, -714.3282, 0.0000, -1008.1950, -714.4428, 0.0000, 76, 94, 134
L -1008.1950, -714.4428, 0.0000, -1009.7486, -714.7753, 0.0000, 76, 94, 134
L -1009.7486, -714.7753, 0.0000, -1010.9816, -715.2931, 0.0000, 76, 94, 134
L -1010.9816, -715.2931, 0.0000, -1011.7732, -715.9456, 0.0000, 76, 94, 134
L -1011.7732, -715.9456, 0.0000, -1012.0460, -716.6689, 0.0000, 76, 94, 134
L -1012.0460, -716.6689, 0.0000, -1011.7732, -717.3923, 0.0000, 76, 94, 134
L -1011.7732, -717.3923, 0.0000, -1010.9816, -718.0448, 0.0000, 76, 94, 134
L -1010.9816, -718.0448, 0.0000, -1009.7486, -718.5626, 0.0000, 76, 94, 134
L -1009.7486, -718.5626, 0.0000, -1008.1950, -718.8951, 0.0000, 76, 94, 134
L -1008.1950, -718.8951, 0.0000, -1006.4728, -719.0097, 0.0000, 76, 94, 134
L -1006.4728, -719.0097, 0.0000, -1004.7506, -718.8951, 0.0000, 76, 94, 134
L -1004.7506, -718.8951, 0.0000, -1003.1970, -718.5626, 0.0000, 76, 94, 134
L -1003.1970, -718.5626, 0.0000, -1001.9640, -718.0448, 0.0000, 76, 94, 134
L -1001.9640, -718.0448, 0.0000, -1001.1724, -717.3923, 0.0000, 76, 94, 134
L -1001.1724, -717.3923, 0.0000, -1000.8996, -716.6689, 0.0000, 76, 94, 134
L -997.5557, -716.6689, 0.0000, -997.9921, -715.5116, 0.0000, 70, 86, 120
L -997.9921, -715.5116, 0.0000, -999.2587, -714.4676, 0.0000, 70, 86, 120
L -999.2587, -714.4676, 0.0000, -1001.2315, -713.6390, 0.0000, 70, 86, 120
L -1001.2315, -713.6390, 0.0000, -1003.7173, -713.1071, 0.0000, 70, 86, 120
L -1003.7173, -713.1071, 0.0000, -1006.4728, -712.9238, 0.0000, 70, 86, 120
L -1006.4728, -712.9238, 0.0000, -1009.2283, -713.1071, 0.0000, 70, 86, 120
L -1009.2283, -713.1071, 0.0000, -1011.7141, -713.6390, 0.0000, 70, 86, 120
L -1011.7141, -713.6390, 0.0000, -1013.6869, -714.4676, 0.0000, 70, 86, 120
L -1013.6869, -714.4676, 0.0000, -1014.9535, -715.5116, 0.0000, 70, 86, 120
L -1014.9535, -715.5116, 0.0000, -1015.3899, -716.6689, 0.0000, 70, 86, 120
L -1015.3899, -716.6689, 0.0000, -1014.9535, -717.8263, 0.0000, 70, 86, 120
L -1014.9535, -717.8263, 0.0000, -1013.6869, -718.8703, 0.0000, 70, 86, 120
L -1013.6869, -718.8703, 0.0000, -1011.7141, -719.6989, 0.0000, 70, 86, 120
L -1011.7141, -719.6989, 0.0000, -1009.2283, -720.2308, 0.0000, 70, 86, 120
L -1009.2283, -720.2308, 0.0000, -1006.4728, -720.4141, 0.0000, 70, 86, 120
L -1006.4728, -720.4141, 0.0000, -1003.7173, -720.2308, 0.0000, 70, 86, 120
L -1003.7173, -720.2308, 0.0000, -1001.2315, -719.6989, 0.0000, 70, 86, 120
L -1001.2315, -719.6989, 0.0000, -999.2587, -718.8703, 0.0000, 70, 86, 120
L -999.2587, -718.8703, 0.0000, -997.9921, -717.8263, 0.0000, 70, 86, 120
L -997.9921, -717.8263, 0.0000, -997.5557, -716.6689, 0.0000, 70, 86, 120
L -994.0879, -716.6689, 0.0000, -994.6941, -715.0616, 0.0000, 76, 94, 134
L -994.6941, -715.0616, 0.0000, -996.4532, -713.6115, 0.0000, 76, 94, 134
L -996.4532, -713.6115, 0.0000, -999.1932, -712.4607, 0.0000, 76, 94, 134
L -999.1932, -712.4607, 0.0000, -1002.6457, -711.7219, 0.0000, 76, 94, 134
L -1002.6457, -711.7219, 0.0000, -1006.4728, -711.4673, 0.0000, 76, 94, 134
L -1006.4728, -711.4673, 0.0000, -1010.2999, -711.7219, 0.0000, 76, 94, 134
L -1010.2999, -711.7219, 0.0000, -1013.7524, -712.4607, 0.0000, 76, 94, 134
L -1013.7524, -712.4607, 0.0000, -1016.4924, -713.6115, 0.0000, 76, 94, 134
L -1016.4924, -713.6115, 0.0000, -1018.2515, -715.0616, 0.0000, 76, 94, 134
L -1018.2515, -715.0616, 0.0000, -1018.8577, -716.6689, 0.0000, 76, 94, 134
L -1018.8577, -716.6689, 0.0000, -1018.2515, -718.2763, 0.0000, 76, 94, 134
L -1018.2515, -718.2763, 0.0000, -1016.4924, -719.7264, 0.0000, 76, 94, 134
L -1016.4924, -719.7264, 0.0000, -1013.7524, -720.8772, 0.0000, 76, 94, 134
L -1013.7524, -720.8772, 0.0000, -1010.2999, -721.6160, 0.0000, 76, 94, 134
L -1010.2999, -721.6160, 0.0000, -1006.4728, -721.8706, 0.0000, 76, 94, 134
L -1006.4728, -721.8706, 0.0000, -1002.6457, -721.6160, 0.0000, 76, 94, 134
L -1002.6457, -721.6160, 0.0000, -999.1932, -720.8772, 0.0000, 76, 94, 134
L -999.1932, -720.8772, 0.0000, -996.4532, -719.7264, 0.0000, 76, 94, 134
L -996.4532, -719.7264, 0.0000, -994.6941, -718.2763, 0.0000, 76, 94, 134
L -994.6941, -718.2763, 0.0000, -994.0879, -716.6689, 0.0000, 76, 94, 134
L -1006.4728, -716.6689, 0.0000, -1006.4728, -703.0456, 0.0000, 76, 94, 134
L -1010.1883, -703.0456, 0.0000, -1002.7573, -703.0456, 0.0000, 76, 94, 134
L -480.3117, -711.7150, 0.0000, -479.2703, -731.2409, 0.0000, 76, 94, 134
L -473.5427, -711.7150, 0.0000, -474.5841, -731.2409, 0.0000, 76, 94, 134
L -479.2703, -731.2409, 0.0000, -476.9272, -735.1461, 0.0000, 76, 94, 134
L -476.9272, -735.1461, 0.0000, -474.5841, -731.2409, 0.0000, 76, 94, 134
L -482.1341, -711.7150, 0.0000, -471.7203, -711.7150, 0.0000, 70, 86, 120
L -479.7910, -716.2710, 0.0000, -474.0634, -716.2710, 0.0000, 70, 86, 120
L -479.7910, -721.2176, 0.0000, -474.0634, -721.2176, 0.0000, 70, 86, 120
L -479.7910, -726.1642, 0.0000, -474.0634, -726.1642, 0.0000, 70, 86, 120
L -1008.5301, -611.0003, 0.0000, -1008.0970, -620.5288, 0.0000, 92, 84, 116
L -1008.0970, -620.5288, 0.0000, -1004.8486, -620.5288, 0.0000, 92, 84, 116
L -1004.8486, -620.5288, 0.0000, -1004.4155, -611.0003, 0.0000, 92, 84, 116
L -1004.4155, -611.0003, 0.0000, -1008.5301, -611.0003, 0.0000, 92, 84, 116
L -1004.9569, -623.3440, 0.0000, -1005.1600, -621.9364, 0.0000, 92, 84, 116
L -1005.1600, -621.9364, 0.0000, -1005.7149, -620.9059, 0.0000, 92, 84, 116
L -1005.7149, -620.9059, 0.0000, -1006.4728, -620.5288, 0.0000, 92, 84, 116
L -1006.4728, -620.5288, 0.0000, -1007.2307, -620.9059, 0.0000, 92, 84, 116
L -1007.2307, -620.9059, 0.0000, -1007.7856, -621.9364, 0.0000, 92, 84, 116
L -1007.7856, -621.9364, 0.0000, -1007.9887, -623.3440, 0.0000, 92, 84, 116
L -1007.9887, -623.3440, 0.0000, -1007.7856, -624.7516, 0.0000, 92, 84, 116
L -1007.7856, -624.7516, 0.0000, -1007.2307, -625.7821, 0.0000, 92, 84, 116
L -1007.2307, -625.7821, 0.0000, -1006.4728, -626.1592, 0.0000, 92, 84, 116
L -1006.4728, -626.1592, 0.0000, -1005.7149, -625.7821, 0.0000, 92, 84, 116
L -1005.7149, -625.7821, 0.0000, -1005.1600, -624.7516, 0.0000, 92, 84, 116
L -1005.1600, -624.7516, 0.0000, -1004.9569, -623.3440, 0.0000, 92, 84, 116
L -1008.3135, -622.2612, 0.0000, -1007.8804, -626.5923, 0.0000, 92, 84, 116
L -1007.8804, -626.5923, 0.0000, -1006.4728, -627.6751, 0.0000, 92, 84, 116
L -1006.4728, -627.6751, 0.0000, -1005.0652, -626.5923, 0.0000, 92, 84, 116
L -1005.0652, -626.5923, 0.0000, -1004.6321, -622.2612, 0.0000, 92, 84, 116
L -1004.9569, -615.9811, 0.0000, -1002.7913, -616.4142, 0.0000, 92, 84, 116
L -1002.7913, -616.4142, 0.0000, -1002.7913, -614.4652, 0.0000, 92, 84, 116
L -1002.7913, -614.4652, 0.0000, -1004.9569, -614.0321, 0.0000, 92, 84, 116
L -1004.9569, -614.0321, 0.0000, -1004.9569, -615.9811, 0.0000, 92, 84, 116
L -484.3309, -615.7645, 0.0000, -469.5235, -615.7645, 0.0000, 96, 110, 140
L -484.3309, -615.7645, 0.0000, -483.7139, -625.0192, 0.0000, 96, 110, 140
L -469.5235, -615.7645, 0.0000, -470.1405, -625.0192, 0.0000, 96, 110, 140
L -483.7139, -625.0192, 0.0000, -476.9272, -623.4150, 0.0000, 96, 110, 140
L -476.9272, -623.4150, 0.0000, -470.1405, -625.0192, 0.0000, 96, 110, 140
L -476.9272, -623.4150, 0.0000, -476.9272, -615.7645, 0.0000, 70, 86, 120
L -480.0308, -519.8140, 0.0000, -479.0759, -537.7197, 0.0000, 76, 94, 134
L -473.8236, -519.8140, 0.0000, -474.7785, -537.7197, 0.0000, 76, 94, 134
L -479.0759, -537.7197, 0.0000, -476.9272, -541.3008, 0.0000, 76, 94, 134
L -476.9272, -541.3008, 0.0000, -474.7785, -537.7197, 0.0000, 76, 94, 134
L -481.7020, -519.8140, 0.0000, -472.1524, -519.8140, 0.0000, 70, 86, 120
L -479.5534, -523.9920, 0.0000, -474.3010, -523.9920, 0.0000, 70, 86, 120
L -479.5534, -528.5281, 0.0000, -474.3010, -528.5281, 0.0000, 70, 86, 120
L -479.5534, -533.0642, 0.0000, -474.3010, -533.0642, 0.0000, 70, 86, 120
