L 3115.4358, 686.9358, 0.0000, 3651.5642, 1223.0642, 0.0000, 150, 90, 150
L 3651.5642, 1223.0642, 0.0000, 3480.0031, 1180.1739, 0.0000, 150, 90, 150
L 3651.5642, 1223.0642, 0.0000, 3608.6739, 1051.5031, 0.0000, 150, 90, 150
P 1318.5018, 1152.1320, 0.0000, 150, 90, 150, 4, To_The_Vastly_Deep
L -5115.8020, 955.0000, 0.0000, -5707.1980, 955.0000, 0.0000, 150, 90, 150
L -5707.1980, 955.0000, 0.0000, -5585.8860, 882.2128, 0.0000, 150, 90, 150
L -5707.1980, 955.0000, 0.0000, -5585.8860, 1027.7872, 0.0000, 150, 90, 150
P -5024.8180, 1152.1320, 0.0000, 150, 90, 150, 3, To_East_Plateau
L -1014.0000, 4971.8020, 0.0000, -1014.0000, 5563.1980, 0.0000, 150, 90, 150
L -1014.0000, 5563.1980, 0.0000, -1086.7872, 5441.8860, 0.0000, 150, 90, 150
L -1014.0000, 5563.1980, 0.0000, -941.2128, 5441.8860, 0.0000, 150, 90, 150
P -2009.1375, 5464.6320, 0.0000, 150, 90, 150, 3, To_North_Barren_Coast
