P 7038.9900, -2018.1700, -63.8400, 150, 0, 200, 3, to_Permafrost
P -371.8200, -3723.7200, 0.0000, 150, 0, 200, 3, to_Halas
P 507.3400, 3009.4100, -112.4700, 150, 0, 200, 3, to_Blackburrow
P 300.0000, -2400.0000, -340.0000, 30, 80, 95, 3, Newbie_Canyons_(lvl_1-7)
P 4200.0000, -600.0000, -1.0000, 30, 80, 95, 3, Mammoth_Tundra_(plains)
P 5200.0000, 900.0000, 150.6900, 30, 80, 95, 2, Ice_Goblin_Camps_(igloos)
P 3400.0000, -1600.0000, -1.0000, 110, 0, 60, 2, Snow_Orc_Camp
P 6200.0000, -1600.0000, -97.8800, 110, 0, 60, 2, Permafrost_Approach_(Ice_Giants)
P -200.0000, -3300.0000, -1.0000, 30, 80, 95, 2, Halas_Ferry_Approach
P 7665.6830, -1966.1661, 0.0000, 0, 150, 140, 2, To_Miraguls_Menagerie_(LDoN?)
