L -1060.00, -5150.56, 0.0000, -1060.00, 3144.47, 0.0000, 170, 190, 205
L 0.00, -5150.56, 0.0000, 0.00, 3144.47, 0.0000, 170, 190, 205
L 1060.00, -5150.56, 0.0000, 1060.00, 3144.47, 0.0000, 170, 190, 205
L 2120.00, -5150.56, 0.0000, 2120.00, 3144.47, 0.0000, 170, 190, 205
L 3180.00, -5150.56, 0.0000, 3180.00, 3144.47, 0.0000, 170, 190, 205
L 4240.00, -5150.56, 0.0000, 4240.00, 3144.47, 0.0000, 170, 190, 205
L 5300.00, -5150.56, 0.0000, 5300.00, 3144.47, 0.0000, 170, 190, 205
L 6360.00, -5150.56, 0.0000, 6360.00, 3144.47, 0.0000, 170, 190, 205
L -1296.88, -4240.00, 0.0000, 7160.00, -4240.00, 0.0000, 170, 190, 205
L -1296.88, -3180.00, 0.0000, 7160.00, -3180.00, 0.0000, 170, 190, 205
L -1296.88, -2120.00, 0.0000, 7160.00, -2120.00, 0.0000, 170, 190, 205
L -1296.88, -1060.00, 0.0000, 7160.00, -1060.00, 0.0000, 170, 190, 205
L -1296.88, 0.00, 0.0000, 7160.00, 0.00, 0.0000, 170, 190, 205
L -1296.88, 1060.00, 0.0000, 7160.00, 1060.00, 0.0000, 170, 190, 205
L -1296.88, 2120.00, 0.0000, 7160.00, 2120.00, 0.0000, 170, 190, 205
L -1296.88, -5150.56, 0.0000, 7160.00, -5150.56, 0.0000, 170, 190, 205
L -1296.88, 3144.47, 0.0000, 7160.00, 3144.47, 0.0000, 170, 190, 205
L -1296.88, -5150.56, 0.0000, -1296.88, 3144.47, 0.0000, 170, 190, 205
L 7160.00, -5150.56, 0.0000, 7160.00, 3144.47, 0.0000, 170, 190, 205
L -2649.88, -6503.56, 0.0000, -2142.48, -6394.20, 0.0000, 90, 120, 140
L -2142.48, -6394.20, 0.0000, -1635.07, -6503.56, 0.0000, 90, 120, 140
L -1635.07, -6503.56, 0.0000, -1127.67, -6378.76, 0.0000, 90, 120, 140
L -1127.67, -6378.76, 0.0000, -620.27, -6503.56, 0.0000, 90, 120, 140
L -620.27, -6503.56, 0.0000, -112.86, -6401.20, 0.0000, 90, 120, 140
L -112.86, -6401.20, 0.0000, 394.54, -6503.56, 0.0000, 90, 120, 140
L 394.54, -6503.56, 0.0000, 901.95, -6361.48, 0.0000, 90, 120, 140
L 901.95, -6361.48, 0.0000, 1409.35, -6503.56, 0.0000, 90, 120, 140
L 1409.35, -6503.56, 0.0000, 1916.75, -6394.23, 0.0000, 90, 120, 140
L 1916.75, -6394.23, 0.0000, 2424.16, -6503.56, 0.0000, 90, 120, 140
L 2424.16, -6503.56, 0.0000, 2931.56, -6335.45, 0.0000, 90, 120, 140
L 2931.56, -6335.45, 0.0000, 3438.96, -6503.56, 0.0000, 90, 120, 140
L 3438.96, -6503.56, 0.0000, 3946.37, -6346.57, 0.0000, 90, 120, 140
L 3946.37, -6346.57, 0.0000, 4453.77, -6503.56, 0.0000, 90, 120, 140
L 4453.77, -6503.56, 0.0000, 4961.17, -6346.02, 0.0000, 90, 120, 140
L 4961.17, -6346.02, 0.0000, 5468.58, -6503.56, 0.0000, 90, 120, 140
L 5468.58, -6503.56, 0.0000, 5975.98, -6367.27, 0.0000, 90, 120, 140
L 5975.98, -6367.27, 0.0000, 6483.39, -6503.56, 0.0000, 90, 120, 140
L 6483.39, -6503.56, 0.0000, 6990.79, -6408.36, 0.0000, 90, 120, 140
L 6990.79, -6408.36, 0.0000, 7498.19, -6503.56, 0.0000, 90, 120, 140
L 7498.19, -6503.56, 0.0000, 8005.60, -6407.27, 0.0000, 90, 120, 140
L 8005.60, -6407.27, 0.0000, 8513.00, -6503.56, 0.0000, 90, 120, 140
L 8513.00, -6503.56, 0.0000, 8384.08, -5979.70, 0.0000, 90, 120, 140
L 8384.08, -5979.70, 0.0000, 8513.00, -5455.84, 0.0000, 90, 120, 140
L 8513.00, -5455.84, 0.0000, 8436.02, -4931.98, 0.0000, 90, 120, 140
L 8436.02, -4931.98, 0.0000, 8513.00, -4408.13, 0.0000, 90, 120, 140
L 8513.00, -4408.13, 0.0000, 8349.18, -3884.27, 0.0000, 90, 120, 140
L 8349.18, -3884.27, 0.0000, 8513.00, -3360.41, 0.0000, 90, 120, 140
L 8513.00, -3360.41, 0.0000, 8371.24, -2836.55, 0.0000, 90, 120, 140
L 8371.24, -2836.55, 0.0000, 8513.00, -2312.69, 0.0000, 90, 120, 140
L 8513.00, -2312.69, 0.0000, 8377.51, -1788.83, 0.0000, 90, 120, 140
L 8377.51, -1788.83, 0.0000, 8513.00, -1264.97, 0.0000, 90, 120, 140
L 8513.00, -1264.97, 0.0000, 8358.10, -741.12, 0.0000, 90, 120, 140
L 8358.10, -741.12, 0.0000, 8513.00, -217.26, 0.0000, 90, 120, 140
L 8513.00, -217.26, 0.0000, 8354.24, 306.60, 0.0000, 90, 120, 140
L 8354.24, 306.60, 0.0000, 8513.00, 830.46, 0.0000, 90, 120, 140
L 8513.00, 830.46, 0.0000, 8398.32, 1354.32, 0.0000, 90, 120, 140
L 8398.32, 1354.32, 0.0000, 8513.00, 1878.18, 0.0000, 90, 120, 140
L 8513.00, 1878.18, 0.0000, 8348.76, 2402.04, 0.0000, 90, 120, 140
L 8348.76, 2402.04, 0.0000, 8513.00, 2925.89, 0.0000, 90, 120, 140
L 8513.00, 2925.89, 0.0000, 8378.43, 3449.75, 0.0000, 90, 120, 140
L 8378.43, 3449.75, 0.0000, 8513.00, 3973.61, 0.0000, 90, 120, 140
L 8513.00, 3973.61, 0.0000, 8401.84, 4497.47, 0.0000, 90, 120, 140
L 8513.00, 4497.47, 0.0000, 8005.60, 4390.60, 0.0000, 90, 120, 140
L 8005.60, 4390.60, 0.0000, 7498.19, 4497.47, 0.0000, 90, 120, 140
L 7498.19, 4497.47, 0.0000, 6990.79, 4379.74, 0.0000, 90, 120, 140
L 6990.79, 4379.74, 0.0000, 6483.39, 4497.47, 0.0000, 90, 120, 140
L 6483.39, 4497.47, 0.0000, 5975.98, 4418.01, 0.0000, 90, 120, 140
L 5975.98, 4418.01, 0.0000, 5468.58, 4497.47, 0.0000, 90, 120, 140
L 5468.58, 4497.47, 0.0000, 4961.17, 4377.37, 0.0000, 90, 120, 140
L 4961.17, 4377.37, 0.0000, 4453.77, 4497.47, 0.0000, 90, 120, 140
L 4453.77, 4497.47, 0.0000, 3946.37, 4358.90, 0.0000, 90, 120, 140
L 3946.37, 4358.90, 0.0000, 3438.96, 4497.47, 0.0000, 90, 120, 140
L 3438.96, 4497.47, 0.0000, 2931.56, 4426.40, 0.0000, 90, 120, 140
L 2931.56, 4426.40, 0.0000, 2424.16, 4497.47, 0.0000, 90, 120, 140
L 2424.16, 4497.47, 0.0000, 1916.75, 4431.60, 0.0000, 90, 120, 140
L 1916.75, 4431.60, 0.0000, 1409.35, 4497.47, 0.0000, 90, 120, 140
L 1409.35, 4497.47, 0.0000, 901.95, 4329.01, 0.0000, 90, 120, 140
L 901.95, 4329.01, 0.0000, 394.54, 4497.47, 0.0000, 90, 120, 140
L 394.54, 4497.47, 0.0000, -112.86, 4373.05, 0.0000, 90, 120, 140
L -112.86, 4373.05, 0.0000, -620.27, 4497.47, 0.0000, 90, 120, 140
L -620.27, 4497.47, 0.0000, -1127.67, 4419.92, 0.0000, 90, 120, 140
L -1127.67, 4419.92, 0.0000, -1635.07, 4497.47, 0.0000, 90, 120, 140
L -1635.07, 4497.47, 0.0000, -2142.48, 4421.20, 0.0000, 90, 120, 140
L -2142.48, 4421.20, 0.0000, -2649.88, 4497.47, 0.0000, 90, 120, 140
L -2649.88, 4497.47, 0.0000, -2488.93, 3973.61, 0.0000, 90, 120, 140
L -2488.93, 3973.61, 0.0000, -2649.88, 3449.75, 0.0000, 90, 120, 140
L -2649.88, 3449.75, 0.0000, -2520.62, 2925.89, 0.0000, 90, 120, 140
L -2520.62, 2925.89, 0.0000, -2649.88, 2402.04, 0.0000, 90, 120, 140
L -2649.88, 2402.04, 0.0000, -2482.92, 1878.18, 0.0000, 90, 120, 140
L -2482.92, 1878.18, 0.0000, -2649.88, 1354.32, 0.0000, 90, 120, 140
L -2649.88, 1354.32, 0.0000, -2481.02, 830.46, 0.0000, 90, 120, 140
L -2481.02, 830.46, 0.0000, -2649.88, 306.60, 0.0000, 90, 120, 140
L -2649.88, 306.60, 0.0000, -2517.62, -217.26, 0.0000, 90, 120, 140
L -2517.62, -217.26, 0.0000, -2649.88, -741.12, 0.0000, 90, 120, 140
L -2649.88, -741.12, 0.0000, -2489.01, -1264.97, 0.0000, 90, 120, 140
L -2489.01, -1264.97, 0.0000, -2649.88, -1788.83, 0.0000, 90, 120, 140
L -2649.88, -1788.83, 0.0000, -2493.08, -2312.69, 0.0000, 90, 120, 140
L -2493.08, -2312.69, 0.0000, -2649.88, -2836.55, 0.0000, 90, 120, 140
L -2649.88, -2836.55, 0.0000, -2505.95, -3360.41, 0.0000, 90, 120, 140
L -2505.95, -3360.41, 0.0000, -2649.88, -3884.27, 0.0000, 90, 120, 140
L -2649.88, -3884.27, 0.0000, -2537.56, -4408.13, 0.0000, 90, 120, 140
L -2537.56, -4408.13, 0.0000, -2649.88, -4931.98, 0.0000, 90, 120, 140
L -2649.88, -4931.98, 0.0000, -2550.72, -5455.84, 0.0000, 90, 120, 140
L -2550.72, -5455.84, 0.0000, -2649.88, -5979.70, 0.0000, 90, 120, 140
L -2649.88, -5979.70, 0.0000, -2556.18, -6503.56, 0.0000, 90, 120, 140
L -2227.88, -6081.56, 0.0000, -1539.95, -6001.41, 0.0000, 150, 200, 220
L -1539.95, -6001.41, 0.0000, -852.03, -6081.56, 0.0000, 150, 200, 220
L -852.03, -6081.56, 0.0000, -164.10, -6037.35, 0.0000, 150, 200, 220
L -164.10, -6037.35, 0.0000, 523.82, -6081.56, 0.0000, 150, 200, 220
L 523.82, -6081.56, 0.0000, 1211.75, -6046.63, 0.0000, 150, 200, 220
L 1211.75, -6046.63, 0.0000, 1899.67, -6081.56, 0.0000, 150, 200, 220
L 1899.67, -6081.56, 0.0000, 2587.60, -6034.37, 0.0000, 150, 200, 220
L 2587.60, -6034.37, 0.0000, 3275.52, -6081.56, 0.0000, 150, 200, 220
L 3275.52, -6081.56, 0.0000, 3963.45, -6015.02, 0.0000, 150, 200, 220
L 3963.45, -6015.02, 0.0000, 4651.37, -6081.56, 0.0000, 150, 200, 220
L 4651.37, -6081.56, 0.0000, 5339.30, -5991.91, 0.0000, 150, 200, 220
L 5339.30, -5991.91, 0.0000, 6027.22, -6081.56, 0.0000, 150, 200, 220
L 6027.22, -6081.56, 0.0000, 6715.15, -6011.02, 0.0000, 150, 200, 220
L 6715.15, -6011.02, 0.0000, 7403.07, -6081.56, 0.0000, 150, 200, 220
L 7403.07, -6081.56, 0.0000, 8091.00, -6019.75, 0.0000, 150, 200, 220
L 8091.00, -6081.56, 0.0000, 8040.57, -5404.42, 0.0000, 150, 200, 220
L 8040.57, -5404.42, 0.0000, 8091.00, -4727.29, 0.0000, 150, 200, 220
L 8091.00, -4727.29, 0.0000, 8024.74, -4050.15, 0.0000, 150, 200, 220
L 8024.74, -4050.15, 0.0000, 8091.00, -3373.02, 0.0000, 150, 200, 220
L 8091.00, -3373.02, 0.0000, 8034.03, -2695.88, 0.0000, 150, 200, 220
L 8034.03, -2695.88, 0.0000, 8091.00, -2018.75, 0.0000, 150, 200, 220
L 8091.00, -2018.75, 0.0000, 8029.46, -1341.61, 0.0000, 150, 200, 220
L 8029.46, -1341.61, 0.0000, 8091.00, -664.48, 0.0000, 150, 200, 220
L 8091.00, -664.48, 0.0000, 8025.10, 12.66, 0.0000, 150, 200, 220
L 8025.10, 12.66, 0.0000, 8091.00, 689.79, 0.0000, 150, 200, 220
L 8091.00, 689.79, 0.0000, 8054.53, 1366.93, 0.0000, 150, 200, 220
L 8054.53, 1366.93, 0.0000, 8091.00, 2044.06, 0.0000, 150, 200, 220
L 8091.00, 2044.06, 0.0000, 8000.03, 2721.20, 0.0000, 150, 200, 220
L 8000.03, 2721.20, 0.0000, 8091.00, 3398.33, 0.0000, 150, 200, 220
L 8091.00, 3398.33, 0.0000, 8004.95, 4075.47, 0.0000, 150, 200, 220
L 8091.00, 4075.47, 0.0000, 7403.07, 4026.55, 0.0000, 150, 200, 220
L 7403.07, 4026.55, 0.0000, 6715.15, 4075.47, 0.0000, 150, 200, 220
L 6715.15, 4075.47, 0.0000, 6027.22, 4035.17, 0.0000, 150, 200, 220
L 6027.22, 4035.17, 0.0000, 5339.30, 4075.47, 0.0000, 150, 200, 220
L 5339.30, 4075.47, 0.0000, 4651.37, 4025.60, 0.0000, 150, 200, 220
L 4651.37, 4025.60, 0.0000, 3963.45, 4075.47, 0.0000, 150, 200, 220
L 3963.45, 4075.47, 0.0000, 3275.52, 4000.68, 0.0000, 150, 200, 220
L 3275.52, 4000.68, 0.0000, 2587.60, 4075.47, 0.0000, 150, 200, 220
L 2587.60, 4075.47, 0.0000, 1899.67, 4039.83, 0.0000, 150, 200, 220
L 1899.67, 4039.83, 0.0000, 1211.75, 4075.47, 0.0000, 150, 200, 220
L 1211.75, 4075.47, 0.0000, 523.82, 4019.73, 0.0000, 150, 200, 220
L 523.82, 4019.73, 0.0000, -164.10, 4075.47, 0.0000, 150, 200, 220
L -164.10, 4075.47, 0.0000, -852.03, 4007.34, 0.0000, 150, 200, 220
L -852.03, 4007.34, 0.0000, -1539.95, 4075.47, 0.0000, 150, 200, 220
L -1539.95, 4075.47, 0.0000, -2227.88, 3999.41, 0.0000, 150, 200, 220
L -2227.88, 4075.47, 0.0000, -2152.80, 3398.33, 0.0000, 150, 200, 220
L -2152.80, 3398.33, 0.0000, -2227.88, 2721.20, 0.0000, 150, 200, 220
L -2227.88, 2721.20, 0.0000, -2141.16, 2044.06, 0.0000, 150, 200, 220
L -2141.16, 2044.06, 0.0000, -2227.88, 1366.93, 0.0000, 150, 200, 220
L -2227.88, 1366.93, 0.0000, -2170.20, 689.79, 0.0000, 150, 200, 220
L -2170.20, 689.79, 0.0000, -2227.88, 12.66, 0.0000, 150, 200, 220
L -2227.88, 12.66, 0.0000, -2154.89, -664.48, 0.0000, 150, 200, 220
L -2154.89, -664.48, 0.0000, -2227.88, -1341.61, 0.0000, 150, 200, 220
L -2227.88, -1341.61, 0.0000, -2140.58, -2018.75, 0.0000, 150, 200, 220
L -2140.58, -2018.75, 0.0000, -2227.88, -2695.88, 0.0000, 150, 200, 220
L -2227.88, -2695.88, 0.0000, -2193.91, -3373.02, 0.0000, 150, 200, 220
L -2193.91, -3373.02, 0.0000, -2227.88, -4050.15, 0.0000, 150, 200, 220
L -2227.88, -4050.15, 0.0000, -2171.23, -4727.29, 0.0000, 150, 200, 220
L -2171.23, -4727.29, 0.0000, -2227.88, -5404.42, 0.0000, 150, 200, 220
L -2227.88, -5404.42, 0.0000, -2138.83, -6081.56, 0.0000, 150, 200, 220
L 1780.74, -6232.96, 0.0000, 1502.22, -6232.96, 0.0000, 70, 110, 140
L 1788.74, -6222.96, 0.0000, 1510.22, -6222.96, 0.0000, 150, 200, 220
L 1502.22, -6232.96, 0.0000, 1502.22, -5810.96, 0.0000, 70, 110, 140
L 1510.22, -6222.96, 0.0000, 1510.22, -5800.96, 0.0000, 150, 200, 220
L 1502.22, -5810.96, 0.0000, 1780.74, -5810.96, 0.0000, 70, 110, 140
L 1510.22, -5800.96, 0.0000, 1788.74, -5800.96, 0.0000, 150, 200, 220
L 1502.22, -6021.96, 0.0000, 1697.18, -6021.96, 0.0000, 70, 110, 140
L 1510.22, -6011.96, 0.0000, 1705.18, -6011.96, 0.0000, 150, 200, 220
L 1824.74, -6232.96, 0.0000, 1964.00, -5810.96, 0.0000, 70, 110, 140
L 1832.74, -6222.96, 0.0000, 1972.00, -5800.96, 0.0000, 150, 200, 220
L 1964.00, -5810.96, 0.0000, 2103.26, -6232.96, 0.0000, 70, 110, 140
L 1972.00, -5800.96, 0.0000, 2111.26, -6222.96, 0.0000, 150, 200, 220
L 2425.78, -6232.96, 0.0000, 2147.26, -6232.96, 0.0000, 70, 110, 140
L 2433.78, -6222.96, 0.0000, 2155.26, -6222.96, 0.0000, 150, 200, 220
L 2147.26, -6232.96, 0.0000, 2147.26, -5810.96, 0.0000, 70, 110, 140
L 2155.26, -6222.96, 0.0000, 2155.26, -5800.96, 0.0000, 150, 200, 220
L 2147.26, -5810.96, 0.0000, 2425.78, -5810.96, 0.0000, 70, 110, 140
L 2155.26, -5800.96, 0.0000, 2433.78, -5800.96, 0.0000, 150, 200, 220
L 2147.26, -6021.96, 0.0000, 2342.22, -6021.96, 0.0000, 70, 110, 140
L 2155.26, -6011.96, 0.0000, 2350.22, -6011.96, 0.0000, 150, 200, 220
L 2469.78, -5810.96, 0.0000, 2469.78, -6232.96, 0.0000, 70, 110, 140
L 2477.78, -5800.96, 0.0000, 2477.78, -6222.96, 0.0000, 150, 200, 220
L 2469.78, -6232.96, 0.0000, 2664.74, -6232.96, 0.0000, 70, 110, 140
L 2477.78, -6222.96, 0.0000, 2672.74, -6222.96, 0.0000, 150, 200, 220
L 2664.74, -6232.96, 0.0000, 2734.37, -6148.56, 0.0000, 70, 110, 140
L 2672.74, -6222.96, 0.0000, 2742.37, -6138.56, 0.0000, 150, 200, 220
L 2734.37, -6148.56, 0.0000, 2664.74, -6043.06, 0.0000, 70, 110, 140
L 2742.37, -6138.56, 0.0000, 2672.74, -6033.06, 0.0000, 150, 200, 220
L 2664.74, -6043.06, 0.0000, 2469.78, -6043.06, 0.0000, 70, 110, 140
L 2672.74, -6033.06, 0.0000, 2477.78, -6033.06, 0.0000, 150, 200, 220
L 2567.26, -6043.06, 0.0000, 2748.30, -5810.96, 0.0000, 70, 110, 140
L 2575.26, -6033.06, 0.0000, 2756.30, -5800.96, 0.0000, 150, 200, 220
L 2792.30, -5810.96, 0.0000, 2792.30, -6232.96, 0.0000, 70, 110, 140
L 2800.30, -5800.96, 0.0000, 2800.30, -6222.96, 0.0000, 150, 200, 220
L 2792.30, -6232.96, 0.0000, 3070.82, -6232.96, 0.0000, 70, 110, 140
L 2800.30, -6222.96, 0.0000, 3078.82, -6222.96, 0.0000, 150, 200, 220
L 2792.30, -6043.06, 0.0000, 2987.26, -6043.06, 0.0000, 70, 110, 140
L 2800.30, -6033.06, 0.0000, 2995.26, -6033.06, 0.0000, 150, 200, 220
L 3114.82, -5810.96, 0.0000, 3114.82, -6232.96, 0.0000, 70, 110, 140
L 3122.82, -5800.96, 0.0000, 3122.82, -6222.96, 0.0000, 150, 200, 220
L 3114.82, -6232.96, 0.0000, 3309.78, -6232.96, 0.0000, 70, 110, 140
L 3122.82, -6222.96, 0.0000, 3317.78, -6222.96, 0.0000, 150, 200, 220
L 3309.78, -6232.96, 0.0000, 3379.41, -6148.56, 0.0000, 70, 110, 140
L 3317.78, -6222.96, 0.0000, 3387.41, -6138.56, 0.0000, 150, 200, 220
L 3379.41, -6148.56, 0.0000, 3309.78, -6043.06, 0.0000, 70, 110, 140
L 3387.41, -6138.56, 0.0000, 3317.78, -6033.06, 0.0000, 150, 200, 220
L 3309.78, -6043.06, 0.0000, 3114.82, -6043.06, 0.0000, 70, 110, 140
L 3317.78, -6033.06, 0.0000, 3122.82, -6033.06, 0.0000, 150, 200, 220
L 3212.30, -6043.06, 0.0000, 3393.34, -5810.96, 0.0000, 70, 110, 140
L 3220.30, -6033.06, 0.0000, 3401.34, -5800.96, 0.0000, 150, 200, 220
L 3506.97, -5810.96, 0.0000, 3646.23, -5810.96, 0.0000, 70, 110, 140
L 3514.97, -5800.96, 0.0000, 3654.23, -5800.96, 0.0000, 150, 200, 220
L 3646.23, -5810.96, 0.0000, 3715.86, -5937.56, 0.0000, 70, 110, 140
L 3654.23, -5800.96, 0.0000, 3723.86, -5927.56, 0.0000, 150, 200, 220
L 3715.86, -5937.56, 0.0000, 3715.86, -6106.36, 0.0000, 70, 110, 140
L 3723.86, -5927.56, 0.0000, 3723.86, -6096.36, 0.0000, 150, 200, 220
L 3715.86, -6106.36, 0.0000, 3646.23, -6232.96, 0.0000, 70, 110, 140
L 3723.86, -6096.36, 0.0000, 3654.23, -6222.96, 0.0000, 150, 200, 220
L 3646.23, -6232.96, 0.0000, 3506.97, -6232.96, 0.0000, 70, 110, 140
L 3654.23, -6222.96, 0.0000, 3514.97, -6222.96, 0.0000, 150, 200, 220
L 3506.97, -6232.96, 0.0000, 3437.34, -6106.36, 0.0000, 70, 110, 140
L 3514.97, -6222.96, 0.0000, 3445.34, -6096.36, 0.0000, 150, 200, 220
L 3437.34, -6106.36, 0.0000, 3437.34, -5937.56, 0.0000, 70, 110, 140
L 3445.34, -6096.36, 0.0000, 3445.34, -5927.56, 0.0000, 150, 200, 220
L 3437.34, -5937.56, 0.0000, 3506.97, -5810.96, 0.0000, 70, 110, 140
L 3445.34, -5927.56, 0.0000, 3514.97, -5800.96, 0.0000, 150, 200, 220
L 4038.38, -6169.66, 0.0000, 3982.68, -6232.96, 0.0000, 70, 110, 140
L 4046.38, -6159.66, 0.0000, 3990.68, -6222.96, 0.0000, 150, 200, 220
L 3982.68, -6232.96, 0.0000, 3815.56, -6232.96, 0.0000, 70, 110, 140
L 3990.68, -6222.96, 0.0000, 3823.56, -6222.96, 0.0000, 150, 200, 220
L 3815.56, -6232.96, 0.0000, 3759.86, -6157.00, 0.0000, 70, 110, 140
L 3823.56, -6222.96, 0.0000, 3767.86, -6147.00, 0.0000, 150, 200, 220
L 3759.86, -6157.00, 0.0000, 3759.86, -6064.16, 0.0000, 70, 110, 140
L 3767.86, -6147.00, 0.0000, 3767.86, -6054.16, 0.0000, 150, 200, 220
L 3759.86, -6064.16, 0.0000, 3815.56, -6021.96, 0.0000, 70, 110, 140
L 3767.86, -6054.16, 0.0000, 3823.56, -6011.96, 0.0000, 150, 200, 220
L 3815.56, -6021.96, 0.0000, 3982.68, -6021.96, 0.0000, 70, 110, 140
L 3823.56, -6011.96, 0.0000, 3990.68, -6011.96, 0.0000, 150, 200, 220
L 3982.68, -6021.96, 0.0000, 4038.38, -5971.32, 0.0000, 70, 110, 140
L 3990.68, -6011.96, 0.0000, 4046.38, -5961.32, 0.0000, 150, 200, 220
L 4038.38, -5971.32, 0.0000, 4038.38, -5878.48, 0.0000, 70, 110, 140
L 4046.38, -5961.32, 0.0000, 4046.38, -5868.48, 0.0000, 150, 200, 220
L 4038.38, -5878.48, 0.0000, 3982.68, -5810.96, 0.0000, 70, 110, 140
L 4046.38, -5868.48, 0.0000, 3990.68, -5800.96, 0.0000, 150, 200, 220
L 3982.68, -5810.96, 0.0000, 3815.56, -5810.96, 0.0000, 70, 110, 140
L 3990.68, -5800.96, 0.0000, 3823.56, -5800.96, 0.0000, 150, 200, 220
L 3815.56, -5810.96, 0.0000, 3759.86, -5878.48, 0.0000, 70, 110, 140
L 3823.56, -5800.96, 0.0000, 3767.86, -5868.48, 0.0000, 150, 200, 220
L 4082.38, -6232.96, 0.0000, 4360.90, -6232.96, 0.0000, 70, 110, 140
L 4090.38, -6222.96, 0.0000, 4368.90, -6222.96, 0.0000, 150, 200, 220
L 4221.64, -6232.96, 0.0000, 4221.64, -5810.96, 0.0000, 70, 110, 140
L 4229.64, -6222.96, 0.0000, 4229.64, -5800.96, 0.0000, 150, 200, 220
L 1472.22, -5764.96, 0.0000, 4390.90, -5764.96, 0.0000, 150, 200, 220
L 1472.22, -6274.96, 0.0000, 4390.90, -6274.96, 0.0000, 150, 200, 220
L -865.88, 3093.47, 0.0000, -871.65, 3159.46, 0.0000, 90, 120, 140
L -871.65, 3159.46, 0.0000, -888.80, 3223.44, 0.0000, 90, 120, 140
L -888.80, 3223.44, 0.0000, -916.79, 3283.47, 0.0000, 90, 120, 140
L -916.79, 3283.47, 0.0000, -954.78, 3337.73, 0.0000, 90, 120, 140
L -954.78, 3337.73, 0.0000, -1001.62, 3384.57, 0.0000, 90, 120, 140
L -1001.62, 3384.57, 0.0000, -1055.88, 3422.56, 0.0000, 90, 120, 140
L -1055.88, 3422.56, 0.0000, -1115.91, 3450.55, 0.0000, 90, 120, 140
L -1115.91, 3450.55, 0.0000, -1179.89, 3467.70, 0.0000, 90, 120, 140
L -1179.89, 3467.70, 0.0000, -1245.88, 3473.47, 0.0000, 90, 120, 140
L -1245.88, 3473.47, 0.0000, -1311.87, 3467.70, 0.0000, 90, 120, 140
L -1311.87, 3467.70, 0.0000, -1375.85, 3450.55, 0.0000, 90, 120, 140
L -1375.85, 3450.55, 0.0000, -1435.88, 3422.56, 0.0000, 90, 120, 140
L -1435.88, 3422.56, 0.0000, -1490.14, 3384.57, 0.0000, 90, 120, 140
L -1490.14, 3384.57, 0.0000, -1536.98, 3337.73, 0.0000, 90, 120, 140
L -1536.98, 3337.73, 0.0000, -1574.97, 3283.47, 0.0000, 90, 120, 140
L -1574.97, 3283.47, 0.0000, -1602.96, 3223.44, 0.0000, 90, 120, 140
L -1602.96, 3223.44, 0.0000, -1620.11, 3159.46, 0.0000, 90, 120, 140
L -1620.11, 3159.46, 0.0000, -1625.88, 3093.47, 0.0000, 90, 120, 140
L -1625.88, 3093.47, 0.0000, -1620.11, 3027.48, 0.0000, 90, 120, 140
L -1620.11, 3027.48, 0.0000, -1602.96, 2963.50, 0.0000, 90, 120, 140
L -1602.96, 2963.50, 0.0000, -1574.97, 2903.47, 0.0000, 90, 120, 140
L -1574.97, 2903.47, 0.0000, -1536.98, 2849.21, 0.0000, 90, 120, 140
L -1536.98, 2849.21, 0.0000, -1490.14, 2802.37, 0.0000, 90, 120, 140
L -1490.14, 2802.37, 0.0000, -1435.88, 2764.38, 0.0000, 90, 120, 140
L -1435.88, 2764.38, 0.0000, -1375.85, 2736.39, 0.0000, 90, 120, 140
L -1375.85, 2736.39, 0.0000, -1311.87, 2719.24, 0.0000, 90, 120, 140
L -1311.87, 2719.24, 0.0000, -1245.88, 2713.47, 0.0000, 90, 120, 140
L -1245.88, 2713.47, 0.0000, -1179.89, 2719.24, 0.0000, 90, 120, 140
L -1179.89, 2719.24, 0.0000, -1115.91, 2736.39, 0.0000, 90, 120, 140
L -1115.91, 2736.39, 0.0000, -1055.88, 2764.38, 0.0000, 90, 120, 140
L -1055.88, 2764.38, 0.0000, -1001.62, 2802.37, 0.0000, 90, 120, 140
L -1001.62, 2802.37, 0.0000, -954.78, 2849.21, 0.0000, 90, 120, 140
L -954.78, 2849.21, 0.0000, -916.79, 2903.47, 0.0000, 90, 120, 140
L -916.79, 2903.47, 0.0000, -888.80, 2963.50, 0.0000, 90, 120, 140
L -888.80, 2963.50, 0.0000, -871.65, 3027.48, 0.0000, 90, 120, 140
L -871.65, 3027.48, 0.0000, -865.88, 3093.47, 0.0000, 90, 120, 140
L -816.48, 3093.47, 0.0000, -823.00, 3168.03, 0.0000, 150, 200, 220
L -823.00, 3168.03, 0.0000, -842.38, 3240.33, 0.0000, 150, 200, 220
L -842.38, 3240.33, 0.0000, -874.01, 3308.17, 0.0000, 150, 200, 220
L -874.01, 3308.17, 0.0000, -916.94, 3369.48, 0.0000, 150, 200, 220
L -916.94, 3369.48, 0.0000, -969.87, 3422.41, 0.0000, 150, 200, 220
L -969.87, 3422.41, 0.0000, -1031.18, 3465.34, 0.0000, 150, 200, 220
L -1031.18, 3465.34, 0.0000, -1099.02, 3496.97, 0.0000, 150, 200, 220
L -1099.02, 3496.97, 0.0000, -1171.32, 3516.35, 0.0000, 150, 200, 220
L -1171.32, 3516.35, 0.0000, -1245.88, 3522.87, 0.0000, 150, 200, 220
L -1245.88, 3522.87, 0.0000, -1320.44, 3516.35, 0.0000, 150, 200, 220
L -1320.44, 3516.35, 0.0000, -1392.74, 3496.97, 0.0000, 150, 200, 220
L -1392.74, 3496.97, 0.0000, -1460.58, 3465.34, 0.0000, 150, 200, 220
L -1460.58, 3465.34, 0.0000, -1521.89, 3422.41, 0.0000, 150, 200, 220
L -1521.89, 3422.41, 0.0000, -1574.82, 3369.48, 0.0000, 150, 200, 220
L -1574.82, 3369.48, 0.0000, -1617.75, 3308.17, 0.0000, 150, 200, 220
L -1617.75, 3308.17, 0.0000, -1649.38, 3240.33, 0.0000, 150, 200, 220
L -1649.38, 3240.33, 0.0000, -1668.76, 3168.03, 0.0000, 150, 200, 220
L -1668.76, 3168.03, 0.0000, -1675.28, 3093.47, 0.0000, 150, 200, 220
L -1675.28, 3093.47, 0.0000, -1668.76, 3018.91, 0.0000, 150, 200, 220
L -1668.76, 3018.91, 0.0000, -1649.38, 2946.61, 0.0000, 150, 200, 220
L -1649.38, 2946.61, 0.0000, -1617.75, 2878.77, 0.0000, 150, 200, 220
L -1617.75, 2878.77, 0.0000, -1574.82, 2817.46, 0.0000, 150, 200, 220
L -1574.82, 2817.46, 0.0000, -1521.89, 2764.53, 0.0000, 150, 200, 220
L -1521.89, 2764.53, 0.0000, -1460.58, 2721.60, 0.0000, 150, 200, 220
L -1460.58, 2721.60, 0.0000, -1392.74, 2689.97, 0.0000, 150, 200, 220
L -1392.74, 2689.97, 0.0000, -1320.44, 2670.59, 0.0000, 150, 200, 220
L -1320.44, 2670.59, 0.0000, -1245.88, 2664.07, 0.0000, 150, 200, 220
L -1245.88, 2664.07, 0.0000, -1171.32, 2670.59, 0.0000, 150, 200, 220
L -1171.32, 2670.59, 0.0000, -1099.02, 2689.97, 0.0000, 150, 200, 220
L -1099.02, 2689.97, 0.0000, -1031.18, 2721.60, 0.0000, 150, 200, 220
L -1031.18, 2721.60, 0.0000, -969.87, 2764.53, 0.0000, 150, 200, 220
L -969.87, 2764.53, 0.0000, -916.94, 2817.46, 0.0000, 150, 200, 220
L -916.94, 2817.46, 0.0000, -874.01, 2878.77, 0.0000, 150, 200, 220
L -874.01, 2878.77, 0.0000, -842.38, 2946.61, 0.0000, 150, 200, 220
L -842.38, 2946.61, 0.0000, -823.00, 3018.91, 0.0000, 150, 200, 220
L -823.00, 3018.91, 0.0000, -816.48, 3093.47, 0.0000, 150, 200, 220
L -1245.88, 3093.47, 0.0000, -1245.88, 2713.47, 0.0000, 150, 200, 220
L -1245.88, 3093.47, 0.0000, -1084.66, 2932.25, 0.0000, 170, 190, 205
L -1245.88, 3093.47, 0.0000, -865.88, 3093.47, 0.0000, 150, 200, 220
L -1245.88, 3093.47, 0.0000, -1084.66, 3254.69, 0.0000, 170, 190, 205
L -1245.88, 3093.47, 0.0000, -1245.88, 3473.47, 0.0000, 150, 200, 220
L -1245.88, 3093.47, 0.0000, -1407.10, 3254.69, 0.0000, 170, 190, 205
L -1245.88, 3093.47, 0.0000, -1625.88, 3093.47, 0.0000, 150, 200, 220
L -1245.88, 3093.47, 0.0000, -1407.10, 2932.25, 0.0000, 170, 190, 205
L -1245.88, 2903.47, 0.0000, -1245.88, 2751.47, 0.0000, 70, 110, 140
L -1253.88, 2789.47, 0.0000, -1245.88, 2736.27, 0.0000, 70, 110, 140
L -1237.88, 2789.47, 0.0000, -1245.88, 2736.27, 0.0000, 70, 110, 140
P -1245.88, 2607.07, 0.0000, 70, 110, 140, 3, N
P -1245.88, 3579.87, 0.0000, 90, 120, 140, 1, S
P -759.48, 3093.47, 0.0000, 90, 120, 140, 1, E
P -1732.28, 3093.47, 0.0000, 90, 120, 140, 1, W
