L 2950.7802, -1283.6322, 0.0000, 3013.8580, -1168.9454, 0.0000, 150, 90, 150
L 3013.8580, -1168.9454, 0.0000, 2950.7802, -1054.2586, 0.0000, 150, 90, 150
L 2950.7802, -1054.2586, 0.0000, 2887.7025, -1168.9454, 0.0000, 150, 90, 150
L 2887.7025, -1168.9454, 0.0000, 2950.7802, -1283.6322, 0.0000, 150, 90, 150
P 3145.7479, -1168.9454, 0.0000, 150, 90, 150, 3, Snowblind_Plains
L 2950.7802, -3606.2405, 0.0000, 3013.8580, -3491.5537, 0.0000, 150, 90, 150
L 3013.8580, -3491.5537, 0.0000, 2950.7802, -3376.8669, 0.0000, 150, 90, 150
L 2950.7802, -3376.8669, 0.0000, 2887.7025, -3491.5537, 0.0000, 150, 90, 150
L 2887.7025, -3491.5537, 0.0000, 2950.7802, -3606.2405, 0.0000, 150, 90, 150
P 3145.7479, -3491.5537, 0.0000, 150, 90, 150, 3, Frosteye_Valley
L 5414.4231, -1341.0966, 0.0000, 5463.4836, -1251.8957, 0.0000, 150, 90, 150
L 5463.4836, -1251.8957, 0.0000, 5414.4231, -1162.6948, 0.0000, 150, 90, 150
L 5414.4231, -1162.6948, 0.0000, 5365.3627, -1251.8957, 0.0000, 150, 90, 150
L 5365.3627, -1251.8957, 0.0000, 5414.4231, -1341.0966, 0.0000, 150, 90, 150
P 5566.0646, -1251.8957, 0.0000, 150, 90, 150, 2, Snowfist
L -1739.1031, -4894.1544, 0.0000, -2207.6568, -5362.7081, 0.0000, 150, 90, 150
L -2207.6568, -5362.7081, 0.0000, -2053.8751, -5324.2627, 0.0000, 150, 90, 150
L -2207.6568, -5362.7081, 0.0000, -2169.2114, -5208.9264, 0.0000, 150, 90, 150
P -1739.1031, -4661.8936, 0.0000, 150, 90, 150, 3, To_The_Northlands
L -1548.6139, -2378.1737, 0.0000, -2398.1460, -2378.1737, 0.0000, 150, 90, 150
L -2398.1460, -2378.1737, 0.0000, -2228.2396, -2480.1176, 0.0000, 150, 90, 150
L -2398.1460, -2378.1737, 0.0000, -2228.2396, -2276.2299, 0.0000, 150, 90, 150
P -1548.6139, -2145.9129, 0.0000, 150, 90, 150, 4, To_Unkempt_North
L -1642.0625, 372.0837, 0.0000, -2304.6974, 372.0837, 0.0000, 150, 90, 150
L -2304.6974, 372.0837, 0.0000, -2168.7723, 290.5287, 0.0000, 150, 90, 150
L -2304.6974, 372.0837, 0.0000, -2168.7723, 453.6388, 0.0000, 150, 90, 150
P -1642.0625, 604.3446, 0.0000, 150, 90, 150, 3, To_Zentar's_Keep
L -1739.1031, 2888.0644, 0.0000, -2207.6568, 3356.6181, 0.0000, 150, 90, 150
L -2207.6568, 3356.6181, 0.0000, -2169.2114, 3202.8364, 0.0000, 150, 90, 150
L -2207.6568, 3356.6181, 0.0000, -2053.8751, 3318.1727, 0.0000, 150, 90, 150
P -1739.1031, 3120.3252, 0.0000, 150, 90, 150, 3, To_The_Hatchland
L 7681.5143, -5412.6016, 0.0000, 8029.9261, -5761.0134, 0.0000, 150, 90, 150
P 7681.5143, -5180.3408, 0.0000, 150, 90, 150, 2, To_The_Frigid_Plain
L 7621.4434, -3519.0257, 0.0000, 8089.9970, -3987.5793, 0.0000, 150, 90, 150
L 8089.9970, -3987.5793, 0.0000, 8051.5516, -3833.7976, 0.0000, 150, 90, 150
L 8089.9970, -3987.5793, 0.0000, 7936.2153, -3949.1339, 0.0000, 150, 90, 150
P 7621.4434, -3286.7648, 0.0000, 150, 90, 150, 3, To_Ruins_of_Fayspire
L 7524.4027, -1919.7975, 0.0000, 8187.0377, -1919.7975, 0.0000, 150, 90, 150
L 8187.0377, -1919.7975, 0.0000, 8051.1126, -1838.2424, 0.0000, 150, 90, 150
L 8187.0377, -1919.7975, 0.0000, 8051.1126, -2001.3526, 0.0000, 150, 90, 150
P 7524.4027, -1687.5367, 0.0000, 150, 90, 150, 3, To_The_Nest
L 7524.4027, -86.2925, 0.0000, 8187.0377, -86.2925, 0.0000, 150, 90, 150
L 8187.0377, -86.2925, 0.0000, 8051.1126, -4.7374, 0.0000, 150, 90, 150
L 8187.0377, -86.2925, 0.0000, 8051.1126, -167.8476, 0.0000, 150, 90, 150
P 7524.4027, 145.9683, 0.0000, 150, 90, 150, 3, To_Tethelin_Forest
L 7621.4434, 1512.9357, 0.0000, 8089.9970, 1981.4893, 0.0000, 150, 90, 150
L 8089.9970, 1981.4893, 0.0000, 7936.2153, 1943.0439, 0.0000, 150, 90, 150
L 8089.9970, 1981.4893, 0.0000, 8051.5516, 1827.7076, 0.0000, 150, 90, 150
P 7621.4434, 1745.1965, 0.0000, 150, 90, 150, 3, To_Gramash_Ruins
L 7621.4434, 3346.4407, 0.0000, 8089.9970, 3814.9943, 0.0000, 150, 90, 150
L 8089.9970, 3814.9943, 0.0000, 7936.2153, 3776.5489, 0.0000, 150, 90, 150
L 8089.9970, 3814.9943, 0.0000, 8051.5516, 3661.2126, 0.0000, 150, 90, 150
P 7621.4434, 3578.7015, 0.0000, 150, 90, 150, 3, To_Diren_Village
P 2931.5600, -5170.0330, 0.0000, 150, 90, 150, 4, To_Anu_Village
L 2931.5600, 3489.6525, 0.0000, 2931.5600, 4152.2875, 0.0000, 150, 90, 150
L 2931.5600, 4152.2875, 0.0000, 2850.0049, 4016.3624, 0.0000, 150, 90, 150
L 2931.5600, 4152.2875, 0.0000, 3013.1151, 4016.3624, 0.0000, 150, 90, 150
P 2931.5600, 3721.9133, 0.0000, 150, 90, 150, 3, To_Salisearaneen
