L 421.1067, -160.8466, 0.0000, 470.2893, -71.4238, 0.0000, 150, 90, 150
L 470.2893, -71.4238, 0.0000, 421.1067, 17.9990, 0.0000, 150, 90, 150
L 421.1067, 17.9990, 0.0000, 371.9242, -71.4238, 0.0000, 150, 90, 150
L 371.9242, -71.4238, 0.0000, 421.1067, -160.8466, 0.0000, 150, 90, 150
P 573.1255, -71.4238, 0.0000, 150, 90, 150, 3, West_Feerrott
L 719.1827, -1550.7509, 0.0000, 757.4357, -1481.1999, 0.0000, 150, 90, 150
L 757.4357, -1481.1999, 0.0000, 719.1827, -1411.6488, 0.0000, 150, 90, 150
L 719.1827, -1411.6488, 0.0000, 680.9296, -1481.1999, 0.0000, 150, 90, 150
L 680.9296, -1481.1999, 0.0000, 719.1827, -1550.7509, 0.0000, 150, 90, 150
P 837.4194, -1481.1999, 0.0000, 150, 90, 150, 2, Dead_Hills
L -3782.3094, -1501.0311, 0.0000, -4250.6906, -1969.4122, 0.0000, 150, 90, 150
L -4250.6906, -1969.4122, 0.0000, -4100.8086, -1931.9417, 0.0000, 150, 90, 150
L -4250.6906, -1969.4122, 0.0000, -4213.2201, -1819.5303, 0.0000, 150, 90, 150
P -3782.3094, -1379.9252, 0.0000, 150, 90, 150, 4, To_The_Feerrott_(North)
L -3833.8314, 595.1836, 0.0000, -4199.1686, 229.8464, 0.0000, 150, 90, 150
L -4199.1686, 229.8464, 0.0000, -4079.2631, 259.8227, 0.0000, 150, 90, 150
L -4199.1686, 229.8464, 0.0000, -4169.1923, 349.7519, 0.0000, 150, 90, 150
P -3833.8314, 716.2895, 0.0000, 150, 90, 150, 3, To_Geomancer's_Pass
L -3685.3045, 2560.2517, 0.0000, -4347.6955, 2560.2517, 0.0000, 150, 90, 150
L -4347.6955, 2560.2517, 0.0000, -4215.2173, 2480.7648, 0.0000, 150, 90, 150
L -4347.6955, 2560.2517, 0.0000, -4215.2173, 2639.7386, 0.0000, 150, 90, 150
P -3685.3045, 2681.3575, 0.0000, 150, 90, 150, 4, To_Tomb_City_of_Envar
L -175.0450, 2846.2875, 0.0000, -175.0450, 3362.9524, 0.0000, 150, 90, 150
L -175.0450, 3362.9524, 0.0000, -238.6345, 3256.9699, 0.0000, 150, 90, 150
L -175.0450, 3362.9524, 0.0000, -111.4555, 3256.9699, 0.0000, 150, 90, 150
P -175.0450, 2967.3933, 0.0000, 150, 90, 150, 3, To_Buried_Sea
L -2360.5225, -1948.3945, 0.0000, -2360.5225, -2610.7855, 0.0000, 150, 90, 150
L -2360.5225, -2610.7855, 0.0000, -2281.0356, -2478.3073, 0.0000, 150, 90, 150
L -2360.5225, -2610.7855, 0.0000, -2440.0094, -2478.3073, 0.0000, 150, 90, 150
P -2360.5225, -1827.2886, 0.0000, 150, 90, 150, 4, To_Ogre_Ruins
L 2010.4325, -2021.2575, 0.0000, 2010.4325, -2537.9225, 0.0000, 150, 90, 150
L 2010.4325, -2537.9225, 0.0000, 2074.0220, -2431.9399, 0.0000, 150, 90, 150
L 2010.4325, -2537.9225, 0.0000, 1946.8430, -2431.9399, 0.0000, 150, 90, 150
P 2010.4325, -1900.1516, 0.0000, 150, 90, 150, 3, To_Fort_Alliance
L 3483.7412, -1821.0201, 0.0000, 3849.0785, -2186.3574, 0.0000, 150, 90, 150
L 3849.0785, -2186.3574, 0.0000, 3819.1021, -2066.4518, 0.0000, 150, 90, 150
L 3849.0785, -2186.3574, 0.0000, 3729.1729, -2156.3810, 0.0000, 150, 90, 150
P 3483.7412, -1699.9142, 0.0000, 150, 90, 150, 3, To_Sphinx_Pyramid
L 3408.0774, -392.8863, 0.0000, 3924.7423, -392.8863, 0.0000, 150, 90, 150
L 3924.7423, -392.8863, 0.0000, 3818.7598, -329.2967, 0.0000, 150, 90, 150
L 3924.7423, -392.8863, 0.0000, 3818.7598, -456.4758, 0.0000, 150, 90, 150
P 3408.0774, -271.7804, 0.0000, 150, 90, 150, 3, To_Oggok_Gate
L 3408.0774, 1217.9162, 0.0000, 3924.7423, 1217.9162, 0.0000, 150, 90, 150
L 3924.7423, 1217.9162, 0.0000, 3818.7598, 1281.5058, 0.0000, 150, 90, 150
L 3924.7423, 1217.9162, 0.0000, 3818.7598, 1154.3267, 0.0000, 150, 90, 150
P 3408.0774, 1339.0221, 0.0000, 150, 90, 150, 3, To_Gerntar's_Mines
L 3432.2193, 2594.5282, 0.0000, 3900.6004, 3062.9093, 0.0000, 150, 90, 150
L 3900.6004, 3062.9093, 0.0000, 3750.7185, 3025.4388, 0.0000, 150, 90, 150
L 3900.6004, 3062.9093, 0.0000, 3863.1299, 2913.0274, 0.0000, 150, 90, 150
P 3432.2193, 2715.6341, 0.0000, 150, 90, 150, 4, To_Moggok_Gate
L 709.6718, -1531.2766, 0.0000, 728.6935, -1531.2766, 0.0000, 150, 90, 150
L 694.3706, -1503.4562, 0.0000, 743.9948, -1503.4562, 0.0000, 150, 90, 150
L 685.1899, -1475.6358, 0.0000, 753.1754, -1475.6358, 0.0000, 150, 90, 150
L 700.4911, -1447.8153, 0.0000, 737.8742, -1447.8153, 0.0000, 150, 90, 150
L 715.7923, -1419.9949, 0.0000, 722.5731, -1419.9949, 0.0000, 150, 90, 150
