L 263.8800, -871.6899, 0.0000, 305.3100, -891.6899, 0.0000, 150, 60, 25
L 305.3100, -891.6899, 0.0000, 346.7400, -871.6899, 0.0000, 150, 60, 25
L 346.7400, -871.6899, 0.0000, 388.1700, -891.6899, 0.0000, 150, 60, 25
L 388.1700, -891.6899, 0.0000, 429.6000, -871.6899, 0.0000, 150, 60, 25
L 429.6000, -871.6899, 0.0000, 471.0300, -891.6899, 0.0000, 150, 60, 25
L 471.0300, -891.6899, 0.0000, 512.4600, -871.6899, 0.0000, 150, 60, 25
L 512.4600, -871.6899, 0.0000, 553.8900, -891.6899, 0.0000, 150, 60, 25
L 553.8900, -891.6899, 0.0000, 595.3200, -871.6899, 0.0000, 150, 60, 25
L 595.3200, -871.6899, 0.0000, 636.7500, -891.6899, 0.0000, 150, 60, 25
L 636.7500, -891.6899, 0.0000, 678.1800, -871.6899, 0.0000, 150, 60, 25
L 678.1800, -871.6899, 0.0000, 719.6100, -891.6899, 0.0000, 150, 60, 25
L 719.6100, -891.6899, 0.0000, 761.0400, -871.6899, 0.0000, 150, 60, 25
L 761.0400, -871.6899, 0.0000, 802.4700, -891.6899, 0.0000, 150, 60, 25
L 802.4700, -891.6899, 0.0000, 843.9000, -871.6899, 0.0000, 150, 60, 25
L 843.9000, -871.6899, 0.0000, 885.3300, -891.6899, 0.0000, 150, 60, 25
L 885.3300, -891.6899, 0.0000, 926.7600, -871.6899, 0.0000, 150, 60, 25
L 926.7600, -871.6899, 0.0000, 968.1900, -891.6899, 0.0000, 150, 60, 25
L 968.1900, -891.6899, 0.0000, 1009.6200, -871.6899, 0.0000, 150, 60, 25
L 1009.6200, -871.6899, 0.0000, 1029.6200, -829.4816, 0.0000, 150, 60, 25
L 1029.6200, -829.4816, 0.0000, 1009.6200, -787.2732, 0.0000, 150, 60, 25
L 1009.6200, -787.2732, 0.0000, 1029.6200, -745.0649, 0.0000, 150, 60, 25
L 1029.6200, -745.0649, 0.0000, 1009.6200, -702.8566, 0.0000, 150, 60, 25
L 1009.6200, -702.8566, 0.0000, 1029.6200, -660.6483, 0.0000, 150, 60, 25
L 1029.6200, -660.6483, 0.0000, 1009.6200, -618.4399, 0.0000, 150, 60, 25
L 1009.6200, -618.4399, 0.0000, 1029.6200, -576.2316, 0.0000, 150, 60, 25
L 1029.6200, -576.2316, 0.0000, 1009.6200, -534.0233, 0.0000, 150, 60, 25
L 1009.6200, -534.0233, 0.0000, 1029.6200, -491.8149, 0.0000, 150, 60, 25
L 1029.6200, -491.8149, 0.0000, 1009.6200, -449.6066, 0.0000, 150, 60, 25
L 1009.6200, -449.6066, 0.0000, 1029.6200, -407.3983, 0.0000, 150, 60, 25
L 1029.6200, -407.3983, 0.0000, 1009.6200, -365.1900, 0.0000, 150, 60, 25
L 1009.6200, -365.1900, 0.0000, 1029.6200, -322.9816, 0.0000, 150, 60, 25
L 1029.6200, -322.9816, 0.0000, 1009.6200, -280.7733, 0.0000, 150, 60, 25
L 1009.6200, -280.7733, 0.0000, 1029.6200, -238.5650, 0.0000, 150, 60, 25
L 1029.6200, -238.5650, 0.0000, 1009.6200, -196.3567, 0.0000, 150, 60, 25
L 1009.6200, -196.3567, 0.0000, 1029.6200, -154.1483, 0.0000, 150, 60, 25
L 1029.6200, -154.1483, 0.0000, 1009.6200, -111.9400, 0.0000, 150, 60, 25
L 1009.6200, -111.9400, 0.0000, 968.1900, -91.9400, 0.0000, 150, 60, 25
L 968.1900, -91.9400, 0.0000, 926.7600, -111.9400, 0.0000, 150, 60, 25
L 926.7600, -111.9400, 0.0000, 885.3300, -91.9400, 0.0000, 150, 60, 25
L 885.3300, -91.9400, 0.0000, 843.9000, -111.9400, 0.0000, 150, 60, 25
L 843.9000, -111.9400, 0.0000, 802.4700, -91.9400, 0.0000, 150, 60, 25
L 802.4700, -91.9400, 0.0000, 761.0400, -111.9400, 0.0000, 150, 60, 25
L 761.0400, -111.9400, 0.0000, 719.6100, -91.9400, 0.0000, 150, 60, 25
L 719.6100, -91.9400, 0.0000, 678.1800, -111.9400, 0.0000, 150, 60, 25
L 678.1800, -111.9400, 0.0000, 636.7500, -91.9400, 0.0000, 150, 60, 25
L 636.7500, -91.9400, 0.0000, 595.3200, -111.9400, 0.0000, 150, 60, 25
L 595.3200, -111.9400, 0.0000, 553.8900, -91.9400, 0.0000, 150, 60, 25
L 553.8900, -91.9400, 0.0000, 512.4600, -111.9400, 0.0000, 150, 60, 25
L 512.4600, -111.9400, 0.0000, 471.0300, -91.9400, 0.0000, 150, 60, 25
L 471.0300, -91.9400, 0.0000, 429.6000, -111.9400, 0.0000, 150, 60, 25
L 429.6000, -111.9400, 0.0000, 388.1700, -91.9400, 0.0000, 150, 60, 25
L 388.1700, -91.9400, 0.0000, 346.7400, -111.9400, 0.0000, 150, 60, 25
L 346.7400, -111.9400, 0.0000, 305.3100, -91.9400, 0.0000, 150, 60, 25
L 305.3100, -91.9400, 0.0000, 263.8800, -111.9400, 0.0000, 150, 60, 25
L 263.8800, -111.9400, 0.0000, 243.8800, -154.1483, 0.0000, 150, 60, 25
L 243.8800, -154.1483, 0.0000, 263.8800, -196.3567, 0.0000, 150, 60, 25
L 263.8800, -196.3567, 0.0000, 243.8800, -238.5650, 0.0000, 150, 60, 25
L 243.8800, -238.5650, 0.0000, 263.8800, -280.7733, 0.0000, 150, 60, 25
L 263.8800, -280.7733, 0.0000, 243.8800, -322.9816, 0.0000, 150, 60, 25
L 243.8800, -322.9816, 0.0000, 263.8800, -365.1900, 0.0000, 150, 60, 25
L 263.8800, -365.1900, 0.0000, 243.8800, -407.3983, 0.0000, 150, 60, 25
L 243.8800, -407.3983, 0.0000, 263.8800, -449.6066, 0.0000, 150, 60, 25
L 263.8800, -449.6066, 0.0000, 243.8800, -491.8150, 0.0000, 150, 60, 25
L 243.8800, -491.8150, 0.0000, 263.8800, -534.0233, 0.0000, 150, 60, 25
L 263.8800, -534.0233, 0.0000, 243.8800, -576.2316, 0.0000, 150, 60, 25
L 243.8800, -576.2316, 0.0000, 263.8800, -618.4399, 0.0000, 150, 60, 25
L 263.8800, -618.4399, 0.0000, 243.8800, -660.6483, 0.0000, 150, 60, 25
L 243.8800, -660.6483, 0.0000, 263.8800, -702.8566, 0.0000, 150, 60, 25
L 263.8800, -702.8566, 0.0000, 243.8800, -745.0649, 0.0000, 150, 60, 25
L 243.8800, -745.0649, 0.0000, 263.8800, -787.2732, 0.0000, 150, 60, 25
L 263.8800, -787.2732, 0.0000, 243.8800, -829.4816, 0.0000, 150, 60, 25
L 243.8800, -829.4816, 0.0000, 263.8800, -871.6899, 0.0000, 150, 60, 25
L 234.8800, -900.6899, 0.0000, 275.0670, -920.6899, 0.0000, 45, 95, 55
L 275.0670, -920.6899, 0.0000, 315.2540, -900.6899, 0.0000, 45, 95, 55
L 315.2540, -900.6899, 0.0000, 355.4410, -920.6899, 0.0000, 45, 95, 55
L 355.4410, -920.6899, 0.0000, 395.6280, -900.6899, 0.0000, 45, 95, 55
L 395.6280, -900.6899, 0.0000, 435.8150, -920.6899, 0.0000, 45, 95, 55
L 435.8150, -920.6899, 0.0000, 476.0020, -900.6899, 0.0000, 45, 95, 55
L 476.0020, -900.6899, 0.0000, 516.1890, -920.6899, 0.0000, 45, 95, 55
L 516.1890, -920.6899, 0.0000, 556.3760, -900.6899, 0.0000, 45, 95, 55
L 556.3760, -900.6899, 0.0000, 596.5630, -920.6899, 0.0000, 45, 95, 55
L 596.5630, -920.6899, 0.0000, 636.7500, -900.6899, 0.0000, 45, 95, 55
L 636.7500, -900.6899, 0.0000, 676.9370, -920.6899, 0.0000, 45, 95, 55
L 676.9370, -920.6899, 0.0000, 717.1240, -900.6899, 0.0000, 45, 95, 55
L 717.1240, -900.6899, 0.0000, 757.3110, -920.6899, 0.0000, 45, 95, 55
L 757.3110, -920.6899, 0.0000, 797.4980, -900.6899, 0.0000, 45, 95, 55
L 797.4980, -900.6899, 0.0000, 837.6850, -920.6899, 0.0000, 45, 95, 55
L 837.6850, -920.6899, 0.0000, 877.8720, -900.6899, 0.0000, 45, 95, 55
L 877.8720, -900.6899, 0.0000, 918.0590, -920.6899, 0.0000, 45, 95, 55
L 918.0590, -920.6899, 0.0000, 958.2460, -900.6899, 0.0000, 45, 95, 55
L 958.2460, -900.6899, 0.0000, 998.4330, -920.6899, 0.0000, 45, 95, 55
L 998.4330, -920.6899, 0.0000, 1038.6200, -900.6899, 0.0000, 45, 95, 55
L 1038.6200, -900.6899, 0.0000, 1058.6200, -859.8024, 0.0000, 45, 95, 55
L 1058.6200, -859.8024, 0.0000, 1038.6200, -818.9149, 0.0000, 45, 95, 55
L 1038.6200, -818.9149, 0.0000, 1058.6200, -778.0274, 0.0000, 45, 95, 55
L 1058.6200, -778.0274, 0.0000, 1038.6200, -737.1399, 0.0000, 45, 95, 55
L 1038.6200, -737.1399, 0.0000, 1058.6200, -696.2524, 0.0000, 45, 95, 55
L 1058.6200, -696.2524, 0.0000, 1038.6200, -655.3649, 0.0000, 45, 95, 55
L 1038.6200, -655.3649, 0.0000, 1058.6200, -614.4774, 0.0000, 45, 95, 55
L 1058.6200, -614.4774, 0.0000, 1038.6200, -573.5899, 0.0000, 45, 95, 55
L 1038.6200, -573.5899, 0.0000, 1058.6200, -532.7024, 0.0000, 45, 95, 55
L 1058.6200, -532.7024, 0.0000, 1038.6200, -491.8149, 0.0000, 45, 95, 55
L 1038.6200, -491.8149, 0.0000, 1058.6200, -450.9275, 0.0000, 45, 95, 55
L 1058.6200, -450.9275, 0.0000, 1038.6200, -410.0400, 0.0000, 45, 95, 55
L 1038.6200, -410.0400, 0.0000, 1058.6200, -369.1525, 0.0000, 45, 95, 55
L 1058.6200, -369.1525, 0.0000, 1038.6200, -328.2650, 0.0000, 45, 95, 55
L 1038.6200, -328.2650, 0.0000, 1058.6200, -287.3775, 0.0000, 45, 95, 55
L 1058.6200, -287.3775, 0.0000, 1038.6200, -246.4900, 0.0000, 45, 95, 55
L 1038.6200, -246.4900, 0.0000, 1058.6200, -205.6025, 0.0000, 45, 95, 55
L 1058.6200, -205.6025, 0.0000, 1038.6200, -164.7150, 0.0000, 45, 95, 55
L 1038.6200, -164.7150, 0.0000, 1058.6200, -123.8275, 0.0000, 45, 95, 55
L 1058.6200, -123.8275, 0.0000, 1038.6200, -82.9400, 0.0000, 45, 95, 55
L 1038.6200, -82.9400, 0.0000, 998.4330, -62.9400, 0.0000, 45, 95, 55
L 998.4330, -62.9400, 0.0000, 958.2460, -82.9400, 0.0000, 45, 95, 55
L 958.2460, -82.9400, 0.0000, 918.0590, -62.9400, 0.0000, 45, 95, 55
L 918.0590, -62.9400, 0.0000, 877.8720, -82.9400, 0.0000, 45, 95, 55
L 877.8720, -82.9400, 0.0000, 837.6850, -62.9400, 0.0000, 45, 95, 55
L 837.6850, -62.9400, 0.0000, 797.4980, -82.9400, 0.0000, 45, 95, 55
L 797.4980, -82.9400, 0.0000, 757.3110, -62.9400, 0.0000, 45, 95, 55
L 757.3110, -62.9400, 0.0000, 717.1240, -82.9400, 0.0000, 45, 95, 55
L 717.1240, -82.9400, 0.0000, 676.9370, -62.9400, 0.0000, 45, 95, 55
L 676.9370, -62.9400, 0.0000, 636.7500, -82.9400, 0.0000, 45, 95, 55
L 636.7500, -82.9400, 0.0000, 596.5630, -62.9400, 0.0000, 45, 95, 55
L 596.5630, -62.9400, 0.0000, 556.3760, -82.9400, 0.0000, 45, 95, 55
L 556.3760, -82.9400, 0.0000, 516.1890, -62.9400, 0.0000, 45, 95, 55
L 516.1890, -62.9400, 0.0000, 476.0020, -82.9400, 0.0000, 45, 95, 55
L 476.0020, -82.9400, 0.0000, 435.8150, -62.9400, 0.0000, 45, 95, 55
L 435.8150, -62.9400, 0.0000, 395.6280, -82.9400, 0.0000, 45, 95, 55
L 395.6280, -82.9400, 0.0000, 355.4410, -62.9400, 0.0000, 45, 95, 55
L 355.4410, -62.9400, 0.0000, 315.2540, -82.9400, 0.0000, 45, 95, 55
L 315.2540, -82.9400, 0.0000, 275.0670, -62.9400, 0.0000, 45, 95, 55
L 275.0670, -62.9400, 0.0000, 234.8800, -82.9400, 0.0000, 45, 95, 55
L 234.8800, -82.9400, 0.0000, 214.8800, -123.8275, 0.0000, 45, 95, 55
L 214.8800, -123.8275, 0.0000, 234.8800, -164.7150, 0.0000, 45, 95, 55
L 234.8800, -164.7150, 0.0000, 214.8800, -205.6025, 0.0000, 45, 95, 55
L 214.8800, -205.6025, 0.0000, 234.8800, -246.4900, 0.0000, 45, 95, 55
L 234.8800, -246.4900, 0.0000, 214.8800, -287.3775, 0.0000, 45, 95, 55
L 214.8800, -287.3775, 0.0000, 234.8800, -328.2650, 0.0000, 45, 95, 55
L 234.8800, -328.2650, 0.0000, 214.8800, -369.1525, 0.0000, 45, 95, 55
L 214.8800, -369.1525, 0.0000, 234.8800, -410.0400, 0.0000, 45, 95, 55
L 234.8800, -410.0400, 0.0000, 214.8800, -450.9275, 0.0000, 45, 95, 55
L 214.8800, -450.9275, 0.0000, 234.8800, -491.8150, 0.0000, 45, 95, 55
L 234.8800, -491.8150, 0.0000, 214.8800, -532.7024, 0.0000, 45, 95, 55
L 214.8800, -532.7024, 0.0000, 234.8800, -573.5899, 0.0000, 45, 95, 55
L 234.8800, -573.5899, 0.0000, 214.8800, -614.4774, 0.0000, 45, 95, 55
L 214.8800, -614.4774, 0.0000, 234.8800, -655.3649, 0.0000, 45, 95, 55
L 234.8800, -655.3649, 0.0000, 214.8800, -696.2524, 0.0000, 45, 95, 55
L 214.8800, -696.2524, 0.0000, 234.8800, -737.1399, 0.0000, 45, 95, 55
L 234.8800, -737.1399, 0.0000, 214.8800, -778.0274, 0.0000, 45, 95, 55
L 214.8800, -778.0274, 0.0000, 234.8800, -818.9149, 0.0000, 45, 95, 55
L 234.8800, -818.9149, 0.0000, 214.8800, -859.8024, 0.0000, 45, 95, 55
L 214.8800, -859.8024, 0.0000, 234.8800, -900.6899, 0.0000, 45, 95, 55
L 226.8800, -908.6899, 0.0000, 226.8800, -74.9400, 0.0000, 150, 138, 120
L 376.8800, -908.6899, 0.0000, 376.8800, -74.9400, 0.0000, 150, 138, 120
L 526.8800, -908.6899, 0.0000, 526.8800, -74.9400, 0.0000, 150, 138, 120
L 676.8800, -908.6899, 0.0000, 676.8800, -74.9400, 0.0000, 150, 138, 120
L 826.8800, -908.6899, 0.0000, 826.8800, -74.9400, 0.0000, 150, 138, 120
L 976.8800, -908.6899, 0.0000, 976.8800, -74.9400, 0.0000, 150, 138, 120
L 226.8800, -908.6899, 0.0000, 1046.6200, -908.6899, 0.0000, 150, 138, 120
L 226.8800, -758.6899, 0.0000, 1046.6200, -758.6899, 0.0000, 150, 138, 120
L 226.8800, -608.6899, 0.0000, 1046.6200, -608.6899, 0.0000, 150, 138, 120
L 226.8800, -458.6899, 0.0000, 1046.6200, -458.6899, 0.0000, 150, 138, 120
L 226.8800, -308.6899, 0.0000, 1046.6200, -308.6899, 0.0000, 150, 138, 120
L 226.8800, -158.6899, 0.0000, 1046.6200, -158.6899, 0.0000, 150, 138, 120
L 193.3800, -840.7149, 0.0000, 244.3800, -840.7149, 0.0000, 140, 130, 110
L 193.3800, -840.7149, 0.0000, 198.4800, -825.4149, 0.0000, 140, 130, 110
L 244.3800, -840.7149, 0.0000, 239.2800, -825.4149, 0.0000, 140, 130, 110
L 198.4800, -825.4149, 0.0000, 239.2800, -825.4149, 0.0000, 140, 130, 110
L 201.8800, -825.4149, 0.0000, 201.8800, -766.0149, 0.0000, 140, 130, 110
L 235.8800, -825.4149, 0.0000, 235.8800, -766.0149, 0.0000, 140, 130, 110
L 201.8800, -795.7149, 0.0000, 235.8800, -795.7149, 0.0000, 180, 150, 60
L 201.8800, -766.0149, 0.0000, 196.7800, -750.7149, 0.0000, 140, 130, 110
L 235.8800, -766.0149, 0.0000, 240.9800, -750.7149, 0.0000, 140, 130, 110
L 196.7800, -750.7149, 0.0000, 240.9800, -750.7149, 0.0000, 140, 130, 110
L 1029.1200, -840.7149, 0.0000, 1080.1200, -840.7149, 0.0000, 140, 130, 110
L 1029.1200, -840.7149, 0.0000, 1034.2200, -825.4149, 0.0000, 140, 130, 110
L 1080.1200, -840.7149, 0.0000, 1075.0200, -825.4149, 0.0000, 140, 130, 110
L 1034.2200, -825.4149, 0.0000, 1075.0200, -825.4149, 0.0000, 140, 130, 110
L 1037.6200, -825.4149, 0.0000, 1037.6200, -766.0149, 0.0000, 140, 130, 110
L 1071.6200, -825.4149, 0.0000, 1071.6200, -766.0149, 0.0000, 140, 130, 110
L 1037.6200, -795.7149, 0.0000, 1071.6200, -795.7149, 0.0000, 180, 150, 60
L 1037.6200, -766.0149, 0.0000, 1032.5200, -750.7149, 0.0000, 140, 130, 110
L 1071.6200, -766.0149, 0.0000, 1076.7200, -750.7149, 0.0000, 140, 130, 110
L 1032.5200, -750.7149, 0.0000, 1076.7200, -750.7149, 0.0000, 140, 130, 110
L 193.3800, -688.7649, 0.0000, 244.3800, -688.7649, 0.0000, 140, 130, 110
L 193.3800, -688.7649, 0.0000, 198.4800, -673.4649, 0.0000, 140, 130, 110
L 244.3800, -688.7649, 0.0000, 239.2800, -673.4649, 0.0000, 140, 130, 110
L 198.4800, -673.4649, 0.0000, 239.2800, -673.4649, 0.0000, 140, 130, 110
L 201.8800, -673.4649, 0.0000, 201.8800, -614.0649, 0.0000, 140, 130, 110
L 235.8800, -673.4649, 0.0000, 235.8800, -614.0649, 0.0000, 140, 130, 110
L 201.8800, -643.7649, 0.0000, 235.8800, -643.7649, 0.0000, 180, 150, 60
L 201.8800, -614.0649, 0.0000, 196.7800, -598.7649, 0.0000, 140, 130, 110
L 235.8800, -614.0649, 0.0000, 240.9800, -598.7649, 0.0000, 140, 130, 110
L 196.7800, -598.7649, 0.0000, 240.9800, -598.7649, 0.0000, 140, 130, 110
L 1029.1200, -688.7649, 0.0000, 1080.1200, -688.7649, 0.0000, 140, 130, 110
L 1029.1200, -688.7649, 0.0000, 1034.2200, -673.4649, 0.0000, 140, 130, 110
L 1080.1200, -688.7649, 0.0000, 1075.0200, -673.4649, 0.0000, 140, 130, 110
L 1034.2200, -673.4649, 0.0000, 1075.0200, -673.4649, 0.0000, 140, 130, 110
L 1037.6200, -673.4649, 0.0000, 1037.6200, -614.0649, 0.0000, 140, 130, 110
L 1071.6200, -673.4649, 0.0000, 1071.6200, -614.0649, 0.0000, 140, 130, 110
L 1037.6200, -643.7649, 0.0000, 1071.6200, -643.7649, 0.0000, 180, 150, 60
L 1037.6200, -614.0649, 0.0000, 1032.5200, -598.7649, 0.0000, 140, 130, 110
L 1071.6200, -614.0649, 0.0000, 1076.7200, -598.7649, 0.0000, 140, 130, 110
L 1032.5200, -598.7649, 0.0000, 1076.7200, -598.7649, 0.0000, 140, 130, 110
L 193.3800, -536.8149, 0.0000, 244.3800, -536.8149, 0.0000, 140, 130, 110
L 193.3800, -536.8149, 0.0000, 198.4800, -521.5149, 0.0000, 140, 130, 110
L 244.3800, -536.8149, 0.0000, 239.2800, -521.5149, 0.0000, 140, 130, 110
L 198.4800, -521.5149, 0.0000, 239.2800, -521.5149, 0.0000, 140, 130, 110
L 201.8800, -521.5149, 0.0000, 201.8800, -462.1149, 0.0000, 140, 130, 110
L 235.8800, -521.5149, 0.0000, 235.8800, -462.1149, 0.0000, 140, 130, 110
L 201.8800, -491.8149, 0.0000, 235.8800, -491.8149, 0.0000, 180, 150, 60
L 201.8800, -462.1149, 0.0000, 196.7800, -446.8149, 0.0000, 140, 130, 110
L 235.8800, -462.1149, 0.0000, 240.9800, -446.8149, 0.0000, 140, 130, 110
L 196.7800, -446.8149, 0.0000, 240.9800, -446.8149, 0.0000, 140, 130, 110
L 1029.1200, -536.8149, 0.0000, 1080.1200, -536.8149, 0.0000, 140, 130, 110
L 1029.1200, -536.8149, 0.0000, 1034.2200, -521.5149, 0.0000, 140, 130, 110
L 1080.1200, -536.8149, 0.0000, 1075.0200, -521.5149, 0.0000, 140, 130, 110
L 1034.2200, -521.5149, 0.0000, 1075.0200, -521.5149, 0.0000, 140, 130, 110
L 1037.6200, -521.5149, 0.0000, 1037.6200, -462.1149, 0.0000, 140, 130, 110
L 1071.6200, -521.5149, 0.0000, 1071.6200, -462.1149, 0.0000, 140, 130, 110
L 1037.6200, -491.8149, 0.0000, 1071.6200, -491.8149, 0.0000, 180, 150, 60
L 1037.6200, -462.1149, 0.0000, 1032.5200, -446.8149, 0.0000, 140, 130, 110
L 1071.6200, -462.1149, 0.0000, 1076.7200, -446.8149, 0.0000, 140, 130, 110
L 1032.5200, -446.8149, 0.0000, 1076.7200, -446.8149, 0.0000, 140, 130, 110
L 193.3800, -384.8650, 0.0000, 244.3800, -384.8650, 0.0000, 140, 130, 110
L 193.3800, -384.8650, 0.0000, 198.4800, -369.5650, 0.0000, 140, 130, 110
L 244.3800, -384.8650, 0.0000, 239.2800, -369.5650, 0.0000, 140, 130, 110
L 198.4800, -369.5650, 0.0000, 239.2800, -369.5650, 0.0000, 140, 130, 110
L 201.8800, -369.5650, 0.0000, 201.8800, -310.1650, 0.0000, 140, 130, 110
L 235.8800, -369.5650, 0.0000, 235.8800, -310.1650, 0.0000, 140, 130, 110
L 201.8800, -339.8650, 0.0000, 235.8800, -339.8650, 0.0000, 180, 150, 60
L 201.8800, -310.1650, 0.0000, 196.7800, -294.8650, 0.0000, 140, 130, 110
L 235.8800, -310.1650, 0.0000, 240.9800, -294.8650, 0.0000, 140, 130, 110
L 196.7800, -294.8650, 0.0000, 240.9800, -294.8650, 0.0000, 140, 130, 110
L 1029.1200, -384.8650, 0.0000, 1080.1200, -384.8650, 0.0000, 140, 130, 110
L 1029.1200, -384.8650, 0.0000, 1034.2200, -369.5650, 0.0000, 140, 130, 110
L 1080.1200, -384.8650, 0.0000, 1075.0200, -369.5650, 0.0000, 140, 130, 110
L 1034.2200, -369.5650, 0.0000, 1075.0200, -369.5650, 0.0000, 140, 130, 110
L 1037.6200, -369.5650, 0.0000, 1037.6200, -310.1650, 0.0000, 140, 130, 110
L 1071.6200, -369.5650, 0.0000, 1071.6200, -310.1650, 0.0000, 140, 130, 110
L 1037.6200, -339.8650, 0.0000, 1071.6200, -339.8650, 0.0000, 180, 150, 60
L 1037.6200, -310.1650, 0.0000, 1032.5200, -294.8650, 0.0000, 140, 130, 110
L 1071.6200, -310.1650, 0.0000, 1076.7200, -294.8650, 0.0000, 140, 130, 110
L 1032.5200, -294.8650, 0.0000, 1076.7200, -294.8650, 0.0000, 140, 130, 110
L 193.3800, -232.9150, 0.0000, 244.3800, -232.9150, 0.0000, 140, 130, 110
L 193.3800, -232.9150, 0.0000, 198.4800, -217.6150, 0.0000, 140, 130, 110
L 244.3800, -232.9150, 0.0000, 239.2800, -217.6150, 0.0000, 140, 130, 110
L 198.4800, -217.6150, 0.0000, 239.2800, -217.6150, 0.0000, 140, 130, 110
L 201.8800, -217.6150, 0.0000, 201.8800, -158.2150, 0.0000, 140, 130, 110
L 235.8800, -217.6150, 0.0000, 235.8800, -158.2150, 0.0000, 140, 130, 110
L 201.8800, -187.9150, 0.0000, 235.8800, -187.9150, 0.0000, 180, 150, 60
L 201.8800, -158.2150, 0.0000, 196.7800, -142.9150, 0.0000, 140, 130, 110
L 235.8800, -158.2150, 0.0000, 240.9800, -142.9150, 0.0000, 140, 130, 110
L 196.7800, -142.9150, 0.0000, 240.9800, -142.9150, 0.0000, 140, 130, 110
L 1029.1200, -232.9150, 0.0000, 1080.1200, -232.9150, 0.0000, 140, 130, 110
L 1029.1200, -232.9150, 0.0000, 1034.2200, -217.6150, 0.0000, 140, 130, 110
L 1080.1200, -232.9150, 0.0000, 1075.0200, -217.6150, 0.0000, 140, 130, 110
L 1034.2200, -217.6150, 0.0000, 1075.0200, -217.6150, 0.0000, 140, 130, 110
L 1037.6200, -217.6150, 0.0000, 1037.6200, -158.2150, 0.0000, 140, 130, 110
L 1071.6200, -217.6150, 0.0000, 1071.6200, -158.2150, 0.0000, 140, 130, 110
L 1037.6200, -187.9150, 0.0000, 1071.6200, -187.9150, 0.0000, 180, 150, 60
L 1037.6200, -158.2150, 0.0000, 1032.5200, -142.9150, 0.0000, 140, 130, 110
L 1071.6200, -158.2150, 0.0000, 1076.7200, -142.9150, 0.0000, 140, 130, 110
L 1032.5200, -142.9150, 0.0000, 1076.7200, -142.9150, 0.0000, 140, 130, 110
L 515.6786, -901.6899, 0.0000, 515.6786, -964.6899, 0.0000, 165, 160, 150
L 515.6786, -964.6899, 0.0000, 506.6786, -964.6899, 0.0000, 165, 160, 150
L 506.6786, -964.6899, 0.0000, 506.6786, -901.6899, 0.0000, 165, 160, 150
L 506.6786, -901.6899, 0.0000, 515.6786, -901.6899, 0.0000, 165, 160, 150
L 511.1786, -901.6899, 0.0000, 511.1786, -964.6899, 0.0000, 165, 160, 150
L 515.6786, -901.6899, 0.0000, 516.6236, -898.5399, 0.0000, 165, 160, 150
L 506.6786, -901.6899, 0.0000, 505.7336, -898.5399, 0.0000, 165, 160, 150
L 515.6786, -964.6899, 0.0000, 516.6236, -967.8399, 0.0000, 165, 160, 150
L 506.6786, -964.6899, 0.0000, 505.7336, -967.8399, 0.0000, 165, 160, 150
L 511.1786, -960.1899, 0.0000, 523.7143, -960.1899, 0.0000, 165, 160, 150
L 523.7143, -960.1899, 0.0000, 523.7143, -969.1899, 0.0000, 165, 160, 150
L 523.7143, -969.1899, 0.0000, 511.1786, -969.1899, 0.0000, 165, 160, 150
L 511.1786, -969.1899, 0.0000, 511.1786, -960.1899, 0.0000, 165, 160, 150
L 511.1786, -964.6899, 0.0000, 523.7143, -964.6899, 0.0000, 165, 160, 150
L 511.1786, -960.1899, 0.0000, 508.0286, -959.2449, 0.0000, 165, 160, 150
L 511.1786, -969.1899, 0.0000, 508.0286, -970.1349, 0.0000, 165, 160, 150
L 523.7143, -960.1899, 0.0000, 526.8643, -959.2449, 0.0000, 165, 160, 150
L 523.7143, -969.1899, 0.0000, 526.8643, -970.1349, 0.0000, 165, 160, 150
L 511.1786, -928.6899, 0.0000, 521.6250, -928.6899, 0.0000, 165, 160, 150
L 521.6250, -928.6899, 0.0000, 521.6250, -937.6899, 0.0000, 165, 160, 150
L 521.6250, -937.6899, 0.0000, 511.1786, -937.6899, 0.0000, 165, 160, 150
L 511.1786, -937.6899, 0.0000, 511.1786, -928.6899, 0.0000, 165, 160, 150
L 511.1786, -933.1899, 0.0000, 521.6250, -933.1899, 0.0000, 165, 160, 150
L 511.1786, -928.6899, 0.0000, 508.0286, -927.7449, 0.0000, 165, 160, 150
L 511.1786, -937.6899, 0.0000, 508.0286, -938.6349, 0.0000, 165, 160, 150
L 521.6250, -928.6899, 0.0000, 524.7750, -927.7449, 0.0000, 165, 160, 150
L 521.6250, -937.6899, 0.0000, 524.7750, -938.6349, 0.0000, 165, 160, 150
L 548.5714, -901.6899, 0.0000, 548.5714, -964.6899, 0.0000, 165, 160, 150
L 548.5714, -964.6899, 0.0000, 539.5714, -964.6899, 0.0000, 165, 160, 150
L 539.5714, -964.6899, 0.0000, 539.5714, -901.6899, 0.0000, 165, 160, 150
L 539.5714, -901.6899, 0.0000, 548.5714, -901.6899, 0.0000, 165, 160, 150
L 544.0714, -901.6899, 0.0000, 544.0714, -964.6899, 0.0000, 165, 160, 150
L 548.5714, -901.6899, 0.0000, 549.5164, -898.5399, 0.0000, 165, 160, 150
L 539.5714, -901.6899, 0.0000, 538.6264, -898.5399, 0.0000, 165, 160, 150
L 548.5714, -964.6899, 0.0000, 549.5164, -967.8399, 0.0000, 165, 160, 150
L 539.5714, -964.6899, 0.0000, 538.6264, -967.8399, 0.0000, 165, 160, 150
L 544.0714, -960.1899, 0.0000, 556.6071, -960.1899, 0.0000, 165, 160, 150
L 556.6071, -960.1899, 0.0000, 556.6071, -969.1899, 0.0000, 165, 160, 150
L 556.6071, -969.1899, 0.0000, 544.0714, -969.1899, 0.0000, 165, 160, 150
L 544.0714, -969.1899, 0.0000, 544.0714, -960.1899, 0.0000, 165, 160, 150
L 544.0714, -964.6899, 0.0000, 556.6071, -964.6899, 0.0000, 165, 160, 150
L 544.0714, -960.1899, 0.0000, 540.9214, -959.2449, 0.0000, 165, 160, 150
L 544.0714, -969.1899, 0.0000, 540.9214, -970.1349, 0.0000, 165, 160, 150
L 556.6071, -960.1899, 0.0000, 559.7571, -959.2449, 0.0000, 165, 160, 150
L 556.6071, -969.1899, 0.0000, 559.7571, -970.1349, 0.0000, 165, 160, 150
L 544.0714, -928.6899, 0.0000, 554.5179, -928.6899, 0.0000, 165, 160, 150
L 554.5179, -928.6899, 0.0000, 554.5179, -937.6899, 0.0000, 165, 160, 150
L 554.5179, -937.6899, 0.0000, 544.0714, -937.6899, 0.0000, 165, 160, 150
L 544.0714, -937.6899, 0.0000, 544.0714, -928.6899, 0.0000, 165, 160, 150
L 544.0714, -933.1899, 0.0000, 554.5179, -933.1899, 0.0000, 165, 160, 150
L 544.0714, -928.6899, 0.0000, 540.9214, -927.7449, 0.0000, 165, 160, 150
L 544.0714, -937.6899, 0.0000, 540.9214, -938.6349, 0.0000, 165, 160, 150
L 554.5179, -928.6899, 0.0000, 557.6679, -927.7449, 0.0000, 165, 160, 150
L 554.5179, -937.6899, 0.0000, 557.6679, -938.6349, 0.0000, 165, 160, 150
L 544.0714, -897.1899, 0.0000, 556.6071, -897.1899, 0.0000, 165, 160, 150
L 556.6071, -897.1899, 0.0000, 556.6071, -906.1899, 0.0000, 165, 160, 150
L 556.6071, -906.1899, 0.0000, 544.0714, -906.1899, 0.0000, 165, 160, 150
L 544.0714, -906.1899, 0.0000, 544.0714, -897.1899, 0.0000, 165, 160, 150
L 544.0714, -901.6899, 0.0000, 556.6071, -901.6899, 0.0000, 165, 160, 150
L 544.0714, -897.1899, 0.0000, 540.9214, -896.2449, 0.0000, 165, 160, 150
L 544.0714, -906.1899, 0.0000, 540.9214, -907.1349, 0.0000, 165, 160, 150
L 556.6071, -897.1899, 0.0000, 559.7571, -896.2449, 0.0000, 165, 160, 150
L 556.6071, -906.1899, 0.0000, 559.7571, -907.1349, 0.0000, 165, 160, 150
L 572.4643, -964.6899, 0.0000, 572.4643, -901.6899, 0.0000, 165, 160, 150
L 572.4643, -901.6899, 0.0000, 581.4643, -901.6899, 0.0000, 165, 160, 150
L 581.4643, -901.6899, 0.0000, 581.4643, -964.6899, 0.0000, 165, 160, 150
L 581.4643, -964.6899, 0.0000, 572.4643, -964.6899, 0.0000, 165, 160, 150
L 576.9643, -964.6899, 0.0000, 576.9643, -901.6899, 0.0000, 165, 160, 150
L 572.4643, -964.6899, 0.0000, 571.5193, -967.8399, 0.0000, 165, 160, 150
L 581.4643, -964.6899, 0.0000, 582.4093, -967.8399, 0.0000, 165, 160, 150
L 572.4643, -901.6899, 0.0000, 571.5193, -898.5399, 0.0000, 165, 160, 150
L 581.4643, -901.6899, 0.0000, 582.4093, -898.5399, 0.0000, 165, 160, 150
L 576.9643, -897.1899, 0.0000, 589.5000, -897.1899, 0.0000, 165, 160, 150
L 589.5000, -897.1899, 0.0000, 589.5000, -906.1899, 0.0000, 165, 160, 150
L 589.5000, -906.1899, 0.0000, 576.9643, -906.1899, 0.0000, 165, 160, 150
L 576.9643, -906.1899, 0.0000, 576.9643, -897.1899, 0.0000, 165, 160, 150
L 576.9643, -901.6899, 0.0000, 589.5000, -901.6899, 0.0000, 165, 160, 150
L 576.9643, -897.1899, 0.0000, 573.8143, -896.2449, 0.0000, 165, 160, 150
L 576.9643, -906.1899, 0.0000, 573.8143, -907.1349, 0.0000, 165, 160, 150
L 589.5000, -897.1899, 0.0000, 592.6500, -896.2449, 0.0000, 165, 160, 150
L 589.5000, -906.1899, 0.0000, 592.6500, -907.1349, 0.0000, 165, 160, 150
L 605.3670, -964.3921, 0.0000, 609.5456, -901.3921, 0.0000, 165, 160, 150
L 609.5456, -901.3921, 0.0000, 618.5258, -901.9877, 0.0000, 165, 160, 150
L 618.5258, -901.9877, 0.0000, 614.3473, -964.9877, 0.0000, 165, 160, 150
L 614.3473, -964.9877, 0.0000, 605.3670, -964.3921, 0.0000, 165, 160, 150
L 609.8571, -964.6899, 0.0000, 614.0357, -901.6899, 0.0000, 165, 160, 150
L 605.3670, -964.3921, 0.0000, 604.2156, -967.4726, 0.0000, 165, 160, 150
L 614.3473, -964.9877, 0.0000, 615.0817, -968.1934, 0.0000, 165, 160, 150
L 609.5456, -901.3921, 0.0000, 608.8111, -898.1864, 0.0000, 165, 160, 150
L 618.5258, -901.9877, 0.0000, 619.6772, -898.9072, 0.0000, 165, 160, 150
L 618.5223, -901.3427, 0.0000, 621.6562, -941.8427, 0.0000, 165, 160, 150
L 621.6562, -941.8427, 0.0000, 612.6831, -942.5371, 0.0000, 165, 160, 150
L 612.6831, -942.5371, 0.0000, 609.5491, -902.0371, 0.0000, 165, 160, 150
L 609.5491, -902.0371, 0.0000, 618.5223, -901.3427, 0.0000, 165, 160, 150
L 614.0357, -901.6899, 0.0000, 617.1696, -942.1899, 0.0000, 165, 160, 150
L 618.5223, -901.3427, 0.0000, 619.2215, -898.1292, 0.0000, 165, 160, 150
L 609.5491, -902.0371, 0.0000, 608.3639, -898.9694, 0.0000, 165, 160, 150
L 621.6562, -941.8427, 0.0000, 622.8414, -944.9104, 0.0000, 165, 160, 150
L 612.6831, -942.5371, 0.0000, 611.9839, -945.7506, 0.0000, 165, 160, 150
L 612.6831, -941.8427, 0.0000, 615.8170, -901.3427, 0.0000, 165, 160, 150
L 615.8170, -901.3427, 0.0000, 624.7902, -902.0371, 0.0000, 165, 160, 150
L 624.7902, -902.0371, 0.0000, 621.6562, -942.5371, 0.0000, 165, 160, 150
L 621.6562, -942.5371, 0.0000, 612.6831, -941.8427, 0.0000, 165, 160, 150
L 617.1696, -942.1899, 0.0000, 620.3036, -901.6899, 0.0000, 165, 160, 150
L 612.6831, -941.8427, 0.0000, 611.4978, -944.9104, 0.0000, 165, 160, 150
L 621.6562, -942.5371, 0.0000, 622.3554, -945.7506, 0.0000, 165, 160, 150
L 615.8170, -901.3427, 0.0000, 615.1178, -898.1292, 0.0000, 165, 160, 150
L 624.7902, -902.0371, 0.0000, 625.9754, -898.9694, 0.0000, 165, 160, 150
L 624.7937, -901.3921, 0.0000, 628.9723, -964.3921, 0.0000, 165, 160, 150
L 628.9723, -964.3921, 0.0000, 619.9920, -964.9877, 0.0000, 165, 160, 150
L 619.9920, -964.9877, 0.0000, 615.8134, -901.9877, 0.0000, 165, 160, 150
L 615.8134, -901.9877, 0.0000, 624.7937, -901.3921, 0.0000, 165, 160, 150
L 620.3036, -901.6899, 0.0000, 624.4821, -964.6899, 0.0000, 165, 160, 150
L 624.7937, -901.3921, 0.0000, 625.5282, -898.1864, 0.0000, 165, 160, 150
L 615.8134, -901.9877, 0.0000, 614.6620, -898.9072, 0.0000, 165, 160, 150
L 628.9723, -964.3921, 0.0000, 630.1237, -967.4726, 0.0000, 165, 160, 150
L 619.9920, -964.9877, 0.0000, 619.2576, -968.1934, 0.0000, 165, 160, 150
L 653.5179, -901.6899, 0.0000, 653.5179, -964.6899, 0.0000, 165, 160, 150
L 653.5179, -964.6899, 0.0000, 644.5179, -964.6899, 0.0000, 165, 160, 150
L 644.5179, -964.6899, 0.0000, 644.5179, -901.6899, 0.0000, 165, 160, 150
L 644.5179, -901.6899, 0.0000, 653.5179, -901.6899, 0.0000, 165, 160, 150
L 649.0179, -901.6899, 0.0000, 649.0179, -964.6899, 0.0000, 165, 160, 150
L 653.5179, -901.6899, 0.0000, 654.4629, -898.5399, 0.0000, 165, 160, 150
L 644.5179, -901.6899, 0.0000, 643.5729, -898.5399, 0.0000, 165, 160, 150
L 653.5179, -964.6899, 0.0000, 654.4629, -967.8399, 0.0000, 165, 160, 150
L 644.5179, -964.6899, 0.0000, 643.5729, -967.8399, 0.0000, 165, 160, 150
L 686.4107, -901.6899, 0.0000, 686.4107, -964.6899, 0.0000, 165, 160, 150
L 686.4107, -964.6899, 0.0000, 677.4107, -964.6899, 0.0000, 165, 160, 150
L 677.4107, -964.6899, 0.0000, 677.4107, -901.6899, 0.0000, 165, 160, 150
L 677.4107, -901.6899, 0.0000, 686.4107, -901.6899, 0.0000, 165, 160, 150
L 681.9107, -901.6899, 0.0000, 681.9107, -964.6899, 0.0000, 165, 160, 150
L 686.4107, -901.6899, 0.0000, 687.3557, -898.5399, 0.0000, 165, 160, 150
L 677.4107, -901.6899, 0.0000, 676.4657, -898.5399, 0.0000, 165, 160, 150
L 686.4107, -964.6899, 0.0000, 687.3557, -967.8399, 0.0000, 165, 160, 150
L 677.4107, -964.6899, 0.0000, 676.4657, -967.8399, 0.0000, 165, 160, 150
L 675.6429, -960.1899, 0.0000, 688.1786, -960.1899, 0.0000, 165, 160, 150
L 688.1786, -960.1899, 0.0000, 688.1786, -969.1899, 0.0000, 165, 160, 150
L 688.1786, -969.1899, 0.0000, 675.6429, -969.1899, 0.0000, 165, 160, 150
L 675.6429, -969.1899, 0.0000, 675.6429, -960.1899, 0.0000, 165, 160, 150
L 675.6429, -964.6899, 0.0000, 688.1786, -964.6899, 0.0000, 165, 160, 150
L 675.6429, -960.1899, 0.0000, 672.4929, -959.2449, 0.0000, 165, 160, 150
L 675.6429, -969.1899, 0.0000, 672.4929, -970.1349, 0.0000, 165, 160, 150
L 688.1786, -960.1899, 0.0000, 691.3286, -959.2449, 0.0000, 165, 160, 150
L 688.1786, -969.1899, 0.0000, 691.3286, -970.1349, 0.0000, 165, 160, 150
L 713.0357, -901.6899, 0.0000, 713.0357, -964.6899, 0.0000, 165, 160, 150
L 713.0357, -964.6899, 0.0000, 704.0357, -964.6899, 0.0000, 165, 160, 150
L 704.0357, -964.6899, 0.0000, 704.0357, -901.6899, 0.0000, 165, 160, 150
L 704.0357, -901.6899, 0.0000, 713.0357, -901.6899, 0.0000, 165, 160, 150
L 708.5357, -901.6899, 0.0000, 708.5357, -964.6899, 0.0000, 165, 160, 150
L 713.0357, -901.6899, 0.0000, 713.9807, -898.5399, 0.0000, 165, 160, 150
L 704.0357, -901.6899, 0.0000, 703.0907, -898.5399, 0.0000, 165, 160, 150
L 713.0357, -964.6899, 0.0000, 713.9807, -967.8399, 0.0000, 165, 160, 150
L 704.0357, -964.6899, 0.0000, 703.0907, -967.8399, 0.0000, 165, 160, 150
L 726.6161, -901.6899, 0.0000, 726.6161, -964.6899, 0.0000, 165, 160, 150
L 726.6161, -964.6899, 0.0000, 717.6161, -964.6899, 0.0000, 165, 160, 150
L 717.6161, -964.6899, 0.0000, 717.6161, -901.6899, 0.0000, 165, 160, 150
L 717.6161, -901.6899, 0.0000, 726.6161, -901.6899, 0.0000, 165, 160, 150
L 722.1161, -901.6899, 0.0000, 722.1161, -964.6899, 0.0000, 165, 160, 150
L 726.6161, -901.6899, 0.0000, 727.5611, -898.5399, 0.0000, 165, 160, 150
L 717.6161, -901.6899, 0.0000, 716.6711, -898.5399, 0.0000, 165, 160, 150
L 726.6161, -964.6899, 0.0000, 727.5611, -967.8399, 0.0000, 165, 160, 150
L 717.6161, -964.6899, 0.0000, 716.6711, -967.8399, 0.0000, 165, 160, 150
L 708.5357, -928.6899, 0.0000, 722.1161, -928.6899, 0.0000, 165, 160, 150
L 722.1161, -928.6899, 0.0000, 722.1161, -937.6899, 0.0000, 165, 160, 150
L 722.1161, -937.6899, 0.0000, 708.5357, -937.6899, 0.0000, 165, 160, 150
L 708.5357, -937.6899, 0.0000, 708.5357, -928.6899, 0.0000, 165, 160, 150
L 708.5357, -933.1899, 0.0000, 722.1161, -933.1899, 0.0000, 165, 160, 150
L 708.5357, -928.6899, 0.0000, 705.3857, -927.7449, 0.0000, 165, 160, 150
L 708.5357, -937.6899, 0.0000, 705.3857, -938.6349, 0.0000, 165, 160, 150
L 722.1161, -928.6899, 0.0000, 725.2661, -927.7449, 0.0000, 165, 160, 150
L 722.1161, -937.6899, 0.0000, 725.2661, -938.6349, 0.0000, 165, 160, 150
L 745.9286, -901.6899, 0.0000, 745.9286, -964.6899, 0.0000, 165, 160, 150
L 745.9286, -964.6899, 0.0000, 736.9286, -964.6899, 0.0000, 165, 160, 150
L 736.9286, -964.6899, 0.0000, 736.9286, -901.6899, 0.0000, 165, 160, 150
L 736.9286, -901.6899, 0.0000, 745.9286, -901.6899, 0.0000, 165, 160, 150
L 741.4286, -901.6899, 0.0000, 741.4286, -964.6899, 0.0000, 165, 160, 150
L 745.9286, -901.6899, 0.0000, 746.8736, -898.5399, 0.0000, 165, 160, 150
L 736.9286, -901.6899, 0.0000, 735.9836, -898.5399, 0.0000, 165, 160, 150
L 745.9286, -964.6899, 0.0000, 746.8736, -967.8399, 0.0000, 165, 160, 150
L 736.9286, -964.6899, 0.0000, 735.9836, -967.8399, 0.0000, 165, 160, 150
L 741.4286, -960.1899, 0.0000, 753.9643, -960.1899, 0.0000, 165, 160, 150
L 753.9643, -960.1899, 0.0000, 753.9643, -969.1899, 0.0000, 165, 160, 150
L 753.9643, -969.1899, 0.0000, 741.4286, -969.1899, 0.0000, 165, 160, 150
L 741.4286, -969.1899, 0.0000, 741.4286, -960.1899, 0.0000, 165, 160, 150
L 741.4286, -964.6899, 0.0000, 753.9643, -964.6899, 0.0000, 165, 160, 150
L 741.4286, -960.1899, 0.0000, 738.2786, -959.2449, 0.0000, 165, 160, 150
L 741.4286, -969.1899, 0.0000, 738.2786, -970.1349, 0.0000, 165, 160, 150
L 753.9643, -960.1899, 0.0000, 757.1143, -959.2449, 0.0000, 165, 160, 150
L 753.9643, -969.1899, 0.0000, 757.1143, -970.1349, 0.0000, 165, 160, 150
L 741.4286, -928.6899, 0.0000, 751.8750, -928.6899, 0.0000, 165, 160, 150
L 751.8750, -928.6899, 0.0000, 751.8750, -937.6899, 0.0000, 165, 160, 150
L 751.8750, -937.6899, 0.0000, 741.4286, -937.6899, 0.0000, 165, 160, 150
L 741.4286, -937.6899, 0.0000, 741.4286, -928.6899, 0.0000, 165, 160, 150
L 741.4286, -933.1899, 0.0000, 751.8750, -933.1899, 0.0000, 165, 160, 150
L 741.4286, -928.6899, 0.0000, 738.2786, -927.7449, 0.0000, 165, 160, 150
L 741.4286, -937.6899, 0.0000, 738.2786, -938.6349, 0.0000, 165, 160, 150
L 751.8750, -928.6899, 0.0000, 755.0250, -927.7449, 0.0000, 165, 160, 150
L 751.8750, -937.6899, 0.0000, 755.0250, -938.6349, 0.0000, 165, 160, 150
L 741.4286, -897.1899, 0.0000, 753.9643, -897.1899, 0.0000, 165, 160, 150
L 753.9643, -897.1899, 0.0000, 753.9643, -906.1899, 0.0000, 165, 160, 150
L 753.9643, -906.1899, 0.0000, 741.4286, -906.1899, 0.0000, 165, 160, 150
L 741.4286, -906.1899, 0.0000, 741.4286, -897.1899, 0.0000, 165, 160, 150
L 741.4286, -901.6899, 0.0000, 753.9643, -901.6899, 0.0000, 165, 160, 150
L 741.4286, -897.1899, 0.0000, 738.2786, -896.2449, 0.0000, 165, 160, 150
L 741.4286, -906.1899, 0.0000, 738.2786, -907.1349, 0.0000, 165, 160, 150
L 753.9643, -897.1899, 0.0000, 757.1143, -896.2449, 0.0000, 165, 160, 150
L 753.9643, -906.1899, 0.0000, 757.1143, -907.1349, 0.0000, 165, 160, 150
L 601.7500, -976.6899, 0.0000, 671.7500, -976.6899, 0.0000, 150, 40, 40
L 671.7500, -976.6899, 0.0000, 671.7500, -1107.8899, 0.0000, 150, 40, 40
L 671.7500, -1107.8899, 0.0000, 645.1500, -1136.6899, 0.0000, 150, 40, 40
L 645.1500, -1136.6899, 0.0000, 636.7500, -1148.2099, 0.0000, 150, 40, 40
L 636.7500, -1148.2099, 0.0000, 628.3500, -1136.6899, 0.0000, 150, 40, 40
L 628.3500, -1136.6899, 0.0000, 601.7500, -1107.8899, 0.0000, 150, 40, 40
L 601.7500, -1107.8899, 0.0000, 601.7500, -976.6899, 0.0000, 150, 40, 40
L 614.3500, -984.2499, 0.0000, 659.1500, -984.2499, 0.0000, 190, 160, 60
L 659.1500, -984.2499, 0.0000, 659.1500, -1106.4499, 0.0000, 190, 160, 60
L 659.1500, -1106.4499, 0.0000, 636.7500, -1125.1699, 0.0000, 190, 160, 60
L 636.7500, -1125.1699, 0.0000, 614.3500, -1106.4499, 0.0000, 190, 160, 60
L 614.3500, -1106.4499, 0.0000, 614.3500, -984.2499, 0.0000, 190, 160, 60
L 408.8800, -201.9400, 0.0000, 407.0059, -187.7050, 0.0000, 60, 45, 30
L 407.0059, -187.7050, 0.0000, 401.5114, -174.4400, 0.0000, 60, 45, 30
L 401.5114, -174.4400, 0.0000, 392.7709, -163.0491, 0.0000, 60, 45, 30
L 392.7709, -163.0491, 0.0000, 381.3800, -154.3086, 0.0000, 60, 45, 30
L 381.3800, -154.3086, 0.0000, 368.1150, -148.8141, 0.0000, 60, 45, 30
L 368.1150, -148.8141, 0.0000, 353.8800, -146.9400, 0.0000, 60, 45, 30
L 353.8800, -146.9400, 0.0000, 339.6450, -148.8141, 0.0000, 60, 45, 30
L 339.6450, -148.8141, 0.0000, 326.3800, -154.3086, 0.0000, 60, 45, 30
L 326.3800, -154.3086, 0.0000, 314.9891, -163.0491, 0.0000, 60, 45, 30
L 314.9891, -163.0491, 0.0000, 306.2486, -174.4400, 0.0000, 60, 45, 30
L 306.2486, -174.4400, 0.0000, 300.7541, -187.7050, 0.0000, 60, 45, 30
L 300.7541, -187.7050, 0.0000, 298.8800, -201.9400, 0.0000, 60, 45, 30
L 298.8800, -201.9400, 0.0000, 300.7541, -216.1750, 0.0000, 60, 45, 30
L 300.7541, -216.1750, 0.0000, 306.2486, -229.4400, 0.0000, 60, 45, 30
L 306.2486, -229.4400, 0.0000, 314.9891, -240.8309, 0.0000, 60, 45, 30
L 314.9891, -240.8309, 0.0000, 326.3800, -249.5714, 0.0000, 60, 45, 30
L 326.3800, -249.5714, 0.0000, 339.6450, -255.0659, 0.0000, 60, 45, 30
L 339.6450, -255.0659, 0.0000, 353.8800, -256.9400, 0.0000, 60, 45, 30
L 353.8800, -256.9400, 0.0000, 368.1150, -255.0659, 0.0000, 60, 45, 30
L 368.1150, -255.0659, 0.0000, 381.3800, -249.5714, 0.0000, 60, 45, 30
L 381.3800, -249.5714, 0.0000, 392.7709, -240.8309, 0.0000, 60, 45, 30
L 392.7709, -240.8309, 0.0000, 401.5114, -229.4400, 0.0000, 60, 45, 30
L 401.5114, -229.4400, 0.0000, 407.0059, -216.1750, 0.0000, 60, 45, 30
L 407.0059, -216.1750, 0.0000, 408.8800, -201.9400, 0.0000, 60, 45, 30
L 386.8800, -201.9400, 0.0000, 385.7556, -193.3990, 0.0000, 60, 45, 30
L 385.7556, -193.3990, 0.0000, 382.4588, -185.4400, 0.0000, 60, 45, 30
L 382.4588, -185.4400, 0.0000, 377.2145, -178.6055, 0.0000, 60, 45, 30
L 377.2145, -178.6055, 0.0000, 370.3800, -173.3612, 0.0000, 60, 45, 30
L 370.3800, -173.3612, 0.0000, 362.4210, -170.0644, 0.0000, 60, 45, 30
L 362.4210, -170.0644, 0.0000, 353.8800, -168.9400, 0.0000, 60, 45, 30
L 353.8800, -168.9400, 0.0000, 345.3390, -170.0644, 0.0000, 60, 45, 30
L 345.3390, -170.0644, 0.0000, 337.3800, -173.3612, 0.0000, 60, 45, 30
L 337.3800, -173.3612, 0.0000, 330.5455, -178.6055, 0.0000, 60, 45, 30
L 330.5455, -178.6055, 0.0000, 325.3012, -185.4400, 0.0000, 60, 45, 30
L 325.3012, -185.4400, 0.0000, 322.0044, -193.3990, 0.0000, 60, 45, 30
L 322.0044, -193.3990, 0.0000, 320.8800, -201.9400, 0.0000, 60, 45, 30
L 320.8800, -201.9400, 0.0000, 322.0044, -210.4810, 0.0000, 60, 45, 30
L 322.0044, -210.4810, 0.0000, 325.3012, -218.4400, 0.0000, 60, 45, 30
L 325.3012, -218.4400, 0.0000, 330.5455, -225.2745, 0.0000, 60, 45, 30
L 330.5455, -225.2745, 0.0000, 337.3800, -230.5188, 0.0000, 60, 45, 30
L 337.3800, -230.5188, 0.0000, 345.3390, -233.8156, 0.0000, 60, 45, 30
L 345.3390, -233.8156, 0.0000, 353.8800, -234.9400, 0.0000, 60, 45, 30
L 353.8800, -234.9400, 0.0000, 362.4210, -233.8156, 0.0000, 60, 45, 30
L 362.4210, -233.8156, 0.0000, 370.3800, -230.5188, 0.0000, 60, 45, 30
L 370.3800, -230.5188, 0.0000, 377.2145, -225.2745, 0.0000, 60, 45, 30
L 377.2145, -225.2745, 0.0000, 382.4588, -218.4400, 0.0000, 60, 45, 30
L 382.4588, -218.4400, 0.0000, 385.7556, -210.4810, 0.0000, 60, 45, 30
L 385.7556, -210.4810, 0.0000, 386.8800, -201.9400, 0.0000, 60, 45, 30
L 353.8800, -201.9400, 0.0000, 408.8800, -201.9400, 0.0000, 60, 45, 30
L 353.8800, -201.9400, 0.0000, 392.7709, -163.0491, 0.0000, 60, 45, 30
L 353.8800, -201.9400, 0.0000, 353.8800, -146.9400, 0.0000, 60, 45, 30
L 353.8800, -201.9400, 0.0000, 314.9891, -163.0491, 0.0000, 60, 45, 30
L 353.8800, -201.9400, 0.0000, 298.8800, -201.9400, 0.0000, 60, 45, 30
L 353.8800, -201.9400, 0.0000, 314.9891, -240.8309, 0.0000, 60, 45, 30
L 353.8800, -201.9400, 0.0000, 353.8800, -256.9400, 0.0000, 60, 45, 30
L 353.8800, -201.9400, 0.0000, 392.7709, -240.8309, 0.0000, 60, 45, 30
P 353.8800, -268.9400, 0.0000, 60, 45, 30, 3, N
P 353.8800, -134.9400, 0.0000, 60, 45, 30, 1, S
P 420.8800, -201.9400, 0.0000, 60, 45, 30, 1, E
P 286.8800, -201.9400, 0.0000, 60, 45, 30, 1, W
L 601.7500, -976.6899, 0.0000, 671.7500, -976.6899, 0.0000, 150, 40, 40
L 671.7500, -976.6899, 0.0000, 671.7500, -1107.8899, 0.0000, 150, 40, 40
L 671.7500, -1107.8899, 0.0000, 645.1500, -1136.6899, 0.0000, 150, 40, 40
L 645.1500, -1136.6899, 0.0000, 636.7500, -1148.2099, 0.0000, 150, 40, 40
L 636.7500, -1148.2099, 0.0000, 628.3500, -1136.6899, 0.0000, 150, 40, 40
L 628.3500, -1136.6899, 0.0000, 601.7500, -1107.8899, 0.0000, 150, 40, 40
L 601.7500, -1107.8899, 0.0000, 601.7500, -976.6899, 0.0000, 150, 40, 40
L 614.3500, -984.2499, 0.0000, 659.1500, -984.2499, 0.0000, 190, 160, 60
L 659.1500, -984.2499, 0.0000, 659.1500, -1106.4499, 0.0000, 190, 160, 60
L 659.1500, -1106.4499, 0.0000, 636.7500, -1125.1699, 0.0000, 190, 160, 60
L 636.7500, -1125.1699, 0.0000, 614.3500, -1106.4499, 0.0000, 190, 160, 60
L 614.3500, -1106.4499, 0.0000, 614.3500, -984.2499, 0.0000, 190, 160, 60
L 636.7500, -1048.6299, 0.0000, 636.7500, -1058.0379, 0.0000, 35, 25, 45
L 636.7500, -1048.6299, 0.0000, 621.0700, -1051.7659, 0.0000, 35, 25, 45
L 621.0700, -1051.7659, 0.0000, 628.9100, -1054.1179, 0.0000, 35, 25, 45
L 636.7500, -1048.6299, 0.0000, 652.4300, -1051.7659, 0.0000, 35, 25, 45
L 652.4300, -1051.7659, 0.0000, 644.5900, -1054.1179, 0.0000, 35, 25, 45
