L -405.8800, -475.8400, 0.0000, -365.2069, -495.8400, 0.0000, 150, 60, 25
L -365.2069, -495.8400, 0.0000, -324.5337, -475.8400, 0.0000, 150, 60, 25
L -324.5337, -475.8400, 0.0000, -283.8606, -495.8400, 0.0000, 150, 60, 25
L -283.8606, -495.8400, 0.0000, -243.1875, -475.8400, 0.0000, 150, 60, 25
L -243.1875, -475.8400, 0.0000, -202.5144, -495.8400, 0.0000, 150, 60, 25
L -202.5144, -495.8400, 0.0000, -161.8413, -475.8400, 0.0000, 150, 60, 25
L -161.8413, -475.8400, 0.0000, -121.1681, -495.8400, 0.0000, 150, 60, 25
L -121.1681, -495.8400, 0.0000, -80.4950, -475.8400, 0.0000, 150, 60, 25
L -80.4950, -475.8400, 0.0000, -39.8219, -495.8400, 0.0000, 150, 60, 25
L -39.8219, -495.8400, 0.0000, 0.8512, -475.8400, 0.0000, 150, 60, 25
L 0.8512, -475.8400, 0.0000, 41.5244, -495.8400, 0.0000, 150, 60, 25
L 41.5244, -495.8400, 0.0000, 82.1975, -475.8400, 0.0000, 150, 60, 25
L 82.1975, -475.8400, 0.0000, 122.8706, -495.8400, 0.0000, 150, 60, 25
L 122.8706, -495.8400, 0.0000, 163.5437, -475.8400, 0.0000, 150, 60, 25
L 163.5437, -475.8400, 0.0000, 204.2169, -495.8400, 0.0000, 150, 60, 25
L 204.2169, -495.8400, 0.0000, 244.8900, -475.8400, 0.0000, 150, 60, 25
L 244.8900, -475.8400, 0.0000, 285.5631, -495.8400, 0.0000, 150, 60, 25
L 285.5631, -495.8400, 0.0000, 326.2363, -475.8400, 0.0000, 150, 60, 25
L 326.2363, -475.8400, 0.0000, 366.9094, -495.8400, 0.0000, 150, 60, 25
L 366.9094, -495.8400, 0.0000, 407.5825, -475.8400, 0.0000, 150, 60, 25
L 407.5825, -475.8400, 0.0000, 448.2556, -495.8400, 0.0000, 150, 60, 25
L 448.2556, -495.8400, 0.0000, 488.9287, -475.8400, 0.0000, 150, 60, 25
L 488.9287, -475.8400, 0.0000, 529.6019, -495.8400, 0.0000, 150, 60, 25
L 529.6019, -495.8400, 0.0000, 570.2750, -475.8400, 0.0000, 150, 60, 25
L 570.2750, -475.8400, 0.0000, 610.9481, -495.8400, 0.0000, 150, 60, 25
L 610.9481, -495.8400, 0.0000, 651.6213, -475.8400, 0.0000, 150, 60, 25
L 651.6213, -475.8400, 0.0000, 692.2944, -495.8400, 0.0000, 150, 60, 25
L 692.2944, -495.8400, 0.0000, 732.9675, -475.8400, 0.0000, 150, 60, 25
L 732.9675, -475.8400, 0.0000, 773.6406, -495.8400, 0.0000, 150, 60, 25
L 773.6406, -495.8400, 0.0000, 814.3137, -475.8400, 0.0000, 150, 60, 25
L 814.3137, -475.8400, 0.0000, 854.9869, -495.8400, 0.0000, 150, 60, 25
L 854.9869, -495.8400, 0.0000, 895.6600, -475.8400, 0.0000, 150, 60, 25
L 895.6600, -475.8400, 0.0000, 915.6600, -433.8539, 0.0000, 150, 60, 25
L 915.6600, -433.8539, 0.0000, 895.6600, -391.8678, 0.0000, 150, 60, 25
L 895.6600, -391.8678, 0.0000, 915.6600, -349.8817, 0.0000, 150, 60, 25
L 915.6600, -349.8817, 0.0000, 895.6600, -307.8956, 0.0000, 150, 60, 25
L 895.6600, -307.8956, 0.0000, 915.6600, -265.9094, 0.0000, 150, 60, 25
L 915.6600, -265.9094, 0.0000, 895.6600, -223.9233, 0.0000, 150, 60, 25
L 895.6600, -223.9233, 0.0000, 915.6600, -181.9372, 0.0000, 150, 60, 25
L 915.6600, -181.9372, 0.0000, 895.6600, -139.9511, 0.0000, 150, 60, 25
L 895.6600, -139.9511, 0.0000, 915.6600, -97.9650, 0.0000, 150, 60, 25
L 915.6600, -97.9650, 0.0000, 895.6600, -55.9789, 0.0000, 150, 60, 25
L 895.6600, -55.9789, 0.0000, 915.6600, -13.9928, 0.0000, 150, 60, 25
L 915.6600, -13.9928, 0.0000, 895.6600, 27.9933, 0.0000, 150, 60, 25
L 895.6600, 27.9933, 0.0000, 915.6600, 69.9794, 0.0000, 150, 60, 25
L 915.6600, 69.9794, 0.0000, 895.6600, 111.9656, 0.0000, 150, 60, 25
L 895.6600, 111.9656, 0.0000, 915.6600, 153.9517, 0.0000, 150, 60, 25
L 915.6600, 153.9517, 0.0000, 895.6600, 195.9378, 0.0000, 150, 60, 25
L 895.6600, 195.9378, 0.0000, 915.6600, 237.9239, 0.0000, 150, 60, 25
L 915.6600, 237.9239, 0.0000, 895.6600, 279.9100, 0.0000, 150, 60, 25
L 895.6600, 279.9100, 0.0000, 854.9869, 299.9100, 0.0000, 150, 60, 25
L 854.9869, 299.9100, 0.0000, 814.3138, 279.9100, 0.0000, 150, 60, 25
L 814.3138, 279.9100, 0.0000, 773.6406, 299.9100, 0.0000, 150, 60, 25
L 773.6406, 299.9100, 0.0000, 732.9675, 279.9100, 0.0000, 150, 60, 25
L 732.9675, 279.9100, 0.0000, 692.2944, 299.9100, 0.0000, 150, 60, 25
L 692.2944, 299.9100, 0.0000, 651.6212, 279.9100, 0.0000, 150, 60, 25
L 651.6212, 279.9100, 0.0000, 610.9481, 299.9100, 0.0000, 150, 60, 25
L 610.9481, 299.9100, 0.0000, 570.2750, 279.9100, 0.0000, 150, 60, 25
L 570.2750, 279.9100, 0.0000, 529.6019, 299.9100, 0.0000, 150, 60, 25
L 529.6019, 299.9100, 0.0000, 488.9287, 279.9100, 0.0000, 150, 60, 25
L 488.9287, 279.9100, 0.0000, 448.2556, 299.9100, 0.0000, 150, 60, 25
L 448.2556, 299.9100, 0.0000, 407.5825, 279.9100, 0.0000, 150, 60, 25
L 407.5825, 279.9100, 0.0000, 366.9094, 299.9100, 0.0000, 150, 60, 25
L 366.9094, 299.9100, 0.0000, 326.2363, 279.9100, 0.0000, 150, 60, 25
L 326.2363, 279.9100, 0.0000, 285.5631, 299.9100, 0.0000, 150, 60, 25
L 285.5631, 299.9100, 0.0000, 244.8900, 279.9100, 0.0000, 150, 60, 25
L 244.8900, 279.9100, 0.0000, 204.2169, 299.9100, 0.0000, 150, 60, 25
L 204.2169, 299.9100, 0.0000, 163.5437, 279.9100, 0.0000, 150, 60, 25
L 163.5437, 279.9100, 0.0000, 122.8706, 299.9100, 0.0000, 150, 60, 25
L 122.8706, 299.9100, 0.0000, 82.1975, 279.9100, 0.0000, 150, 60, 25
L 82.1975, 279.9100, 0.0000, 41.5244, 299.9100, 0.0000, 150, 60, 25
L 41.5244, 299.9100, 0.0000, 0.8513, 279.9100, 0.0000, 150, 60, 25
L 0.8513, 279.9100, 0.0000, -39.8219, 299.9100, 0.0000, 150, 60, 25
L -39.8219, 299.9100, 0.0000, -80.4950, 279.9100, 0.0000, 150, 60, 25
L -80.4950, 279.9100, 0.0000, -121.1681, 299.9100, 0.0000, 150, 60, 25
L -121.1681, 299.9100, 0.0000, -161.8413, 279.9100, 0.0000, 150, 60, 25
L -161.8413, 279.9100, 0.0000, -202.5144, 299.9100, 0.0000, 150, 60, 25
L -202.5144, 299.9100, 0.0000, -243.1875, 279.9100, 0.0000, 150, 60, 25
L -243.1875, 279.9100, 0.0000, -283.8606, 299.9100, 0.0000, 150, 60, 25
L -283.8606, 299.9100, 0.0000, -324.5337, 279.9100, 0.0000, 150, 60, 25
L -324.5337, 279.9100, 0.0000, -365.2069, 299.9100, 0.0000, 150, 60, 25
L -365.2069, 299.9100, 0.0000, -405.8800, 279.9100, 0.0000, 150, 60, 25
L -405.8800, 279.9100, 0.0000, -425.8800, 237.9239, 0.0000, 150, 60, 25
L -425.8800, 237.9239, 0.0000, -405.8800, 195.9378, 0.0000, 150, 60, 25
L -405.8800, 195.9378, 0.0000, -425.8800, 153.9517, 0.0000, 150, 60, 25
L -425.8800, 153.9517, 0.0000, -405.8800, 111.9656, 0.0000, 150, 60, 25
L -405.8800, 111.9656, 0.0000, -425.8800, 69.9794, 0.0000, 150, 60, 25
L -425.8800, 69.9794, 0.0000, -405.8800, 27.9933, 0.0000, 150, 60, 25
L -405.8800, 27.9933, 0.0000, -425.8800, -13.9928, 0.0000, 150, 60, 25
L -425.8800, -13.9928, 0.0000, -405.8800, -55.9789, 0.0000, 150, 60, 25
L -405.8800, -55.9789, 0.0000, -425.8800, -97.9650, 0.0000, 150, 60, 25
L -425.8800, -97.9650, 0.0000, -405.8800, -139.9511, 0.0000, 150, 60, 25
L -405.8800, -139.9511, 0.0000, -425.8800, -181.9372, 0.0000, 150, 60, 25
L -425.8800, -181.9372, 0.0000, -405.8800, -223.9233, 0.0000, 150, 60, 25
L -405.8800, -223.9233, 0.0000, -425.8800, -265.9094, 0.0000, 150, 60, 25
L -425.8800, -265.9094, 0.0000, -405.8800, -307.8956, 0.0000, 150, 60, 25
L -405.8800, -307.8956, 0.0000, -425.8800, -349.8817, 0.0000, 150, 60, 25
L -425.8800, -349.8817, 0.0000, -405.8800, -391.8678, 0.0000, 150, 60, 25
L -405.8800, -391.8678, 0.0000, -425.8800, -433.8539, 0.0000, 150, 60, 25
L -425.8800, -433.8539, 0.0000, -405.8800, -475.8400, 0.0000, 150, 60, 25
L -434.8800, -504.8400, 0.0000, -393.6818, -524.8400, 0.0000, 45, 95, 55
L -393.6818, -524.8400, 0.0000, -352.4836, -504.8400, 0.0000, 45, 95, 55
L -352.4836, -504.8400, 0.0000, -311.2855, -524.8400, 0.0000, 45, 95, 55
L -311.2855, -524.8400, 0.0000, -270.0873, -504.8400, 0.0000, 45, 95, 55
L -270.0873, -504.8400, 0.0000, -228.8891, -524.8400, 0.0000, 45, 95, 55
L -228.8891, -524.8400, 0.0000, -187.6909, -504.8400, 0.0000, 45, 95, 55
L -187.6909, -504.8400, 0.0000, -146.4927, -524.8400, 0.0000, 45, 95, 55
L -146.4927, -524.8400, 0.0000, -105.2945, -504.8400, 0.0000, 45, 95, 55
L -105.2945, -504.8400, 0.0000, -64.0964, -524.8400, 0.0000, 45, 95, 55
L -64.0964, -524.8400, 0.0000, -22.8982, -504.8400, 0.0000, 45, 95, 55
L -22.8982, -504.8400, 0.0000, 18.3000, -524.8400, 0.0000, 45, 95, 55
L 18.3000, -524.8400, 0.0000, 59.4982, -504.8400, 0.0000, 45, 95, 55
L 59.4982, -504.8400, 0.0000, 100.6964, -524.8400, 0.0000, 45, 95, 55
L 100.6964, -524.8400, 0.0000, 141.8945, -504.8400, 0.0000, 45, 95, 55
L 141.8945, -504.8400, 0.0000, 183.0927, -524.8400, 0.0000, 45, 95, 55
L 183.0927, -524.8400, 0.0000, 224.2909, -504.8400, 0.0000, 45, 95, 55
L 224.2909, -504.8400, 0.0000, 265.4891, -524.8400, 0.0000, 45, 95, 55
L 265.4891, -524.8400, 0.0000, 306.6873, -504.8400, 0.0000, 45, 95, 55
L 306.6873, -504.8400, 0.0000, 347.8855, -524.8400, 0.0000, 45, 95, 55
L 347.8855, -524.8400, 0.0000, 389.0836, -504.8400, 0.0000, 45, 95, 55
L 389.0836, -504.8400, 0.0000, 430.2818, -524.8400, 0.0000, 45, 95, 55
L 430.2818, -524.8400, 0.0000, 471.4800, -504.8400, 0.0000, 45, 95, 55
L 471.4800, -504.8400, 0.0000, 512.6782, -524.8400, 0.0000, 45, 95, 55
L 512.6782, -524.8400, 0.0000, 553.8764, -504.8400, 0.0000, 45, 95, 55
L 553.8764, -504.8400, 0.0000, 595.0745, -524.8400, 0.0000, 45, 95, 55
L 595.0745, -524.8400, 0.0000, 636.2727, -504.8400, 0.0000, 45, 95, 55
L 636.2727, -504.8400, 0.0000, 677.4709, -524.8400, 0.0000, 45, 95, 55
L 677.4709, -524.8400, 0.0000, 718.6691, -504.8400, 0.0000, 45, 95, 55
L 718.6691, -504.8400, 0.0000, 759.8673, -524.8400, 0.0000, 45, 95, 55
L 759.8673, -524.8400, 0.0000, 801.0655, -504.8400, 0.0000, 45, 95, 55
L 801.0655, -504.8400, 0.0000, 842.2636, -524.8400, 0.0000, 45, 95, 55
L 842.2636, -524.8400, 0.0000, 883.4618, -504.8400, 0.0000, 45, 95, 55
L 883.4618, -504.8400, 0.0000, 924.6600, -524.8400, 0.0000, 45, 95, 55
L 924.6600, -504.8400, 0.0000, 944.6600, -464.1525, 0.0000, 45, 95, 55
L 944.6600, -464.1525, 0.0000, 924.6600, -423.4650, 0.0000, 45, 95, 55
L 924.6600, -423.4650, 0.0000, 944.6600, -382.7775, 0.0000, 45, 95, 55
L 944.6600, -382.7775, 0.0000, 924.6600, -342.0900, 0.0000, 45, 95, 55
L 924.6600, -342.0900, 0.0000, 944.6600, -301.4025, 0.0000, 45, 95, 55
L 944.6600, -301.4025, 0.0000, 924.6600, -260.7150, 0.0000, 45, 95, 55
L 924.6600, -260.7150, 0.0000, 944.6600, -220.0275, 0.0000, 45, 95, 55
L 944.6600, -220.0275, 0.0000, 924.6600, -179.3400, 0.0000, 45, 95, 55
L 924.6600, -179.3400, 0.0000, 944.6600, -138.6525, 0.0000, 45, 95, 55
L 944.6600, -138.6525, 0.0000, 924.6600, -97.9650, 0.0000, 45, 95, 55
L 924.6600, -97.9650, 0.0000, 944.6600, -57.2775, 0.0000, 45, 95, 55
L 944.6600, -57.2775, 0.0000, 924.6600, -16.5900, 0.0000, 45, 95, 55
L 924.6600, -16.5900, 0.0000, 944.6600, 24.0975, 0.0000, 45, 95, 55
L 944.6600, 24.0975, 0.0000, 924.6600, 64.7850, 0.0000, 45, 95, 55
L 924.6600, 64.7850, 0.0000, 944.6600, 105.4725, 0.0000, 45, 95, 55
L 944.6600, 105.4725, 0.0000, 924.6600, 146.1600, 0.0000, 45, 95, 55
L 924.6600, 146.1600, 0.0000, 944.6600, 186.8475, 0.0000, 45, 95, 55
L 944.6600, 186.8475, 0.0000, 924.6600, 227.5350, 0.0000, 45, 95, 55
L 924.6600, 227.5350, 0.0000, 944.6600, 268.2225, 0.0000, 45, 95, 55
L 944.6600, 268.2225, 0.0000, 924.6600, 308.9100, 0.0000, 45, 95, 55
L 924.6600, 308.9100, 0.0000, 883.4618, 328.9100, 0.0000, 45, 95, 55
L 883.4618, 328.9100, 0.0000, 842.2636, 308.9100, 0.0000, 45, 95, 55
L 842.2636, 308.9100, 0.0000, 801.0655, 328.9100, 0.0000, 45, 95, 55
L 801.0655, 328.9100, 0.0000, 759.8673, 308.9100, 0.0000, 45, 95, 55
L 759.8673, 308.9100, 0.0000, 718.6691, 328.9100, 0.0000, 45, 95, 55
L 718.6691, 328.9100, 0.0000, 677.4709, 308.9100, 0.0000, 45, 95, 55
L 677.4709, 308.9100, 0.0000, 636.2727, 328.9100, 0.0000, 45, 95, 55
L 636.2727, 328.9100, 0.0000, 595.0745, 308.9100, 0.0000, 45, 95, 55
L 595.0745, 308.9100, 0.0000, 553.8764, 328.9100, 0.0000, 45, 95, 55
L 553.8764, 328.9100, 0.0000, 512.6782, 308.9100, 0.0000, 45, 95, 55
L 512.6782, 308.9100, 0.0000, 471.4800, 328.9100, 0.0000, 45, 95, 55
L 471.4800, 328.9100, 0.0000, 430.2818, 308.9100, 0.0000, 45, 95, 55
L 430.2818, 308.9100, 0.0000, 389.0836, 328.9100, 0.0000, 45, 95, 55
L 389.0836, 328.9100, 0.0000, 347.8855, 308.9100, 0.0000, 45, 95, 55
L 347.8855, 308.9100, 0.0000, 306.6873, 328.9100, 0.0000, 45, 95, 55
L 306.6873, 328.9100, 0.0000, 265.4891, 308.9100, 0.0000, 45, 95, 55
L 265.4891, 308.9100, 0.0000, 224.2909, 328.9100, 0.0000, 45, 95, 55
L 224.2909, 328.9100, 0.0000, 183.0927, 308.9100, 0.0000, 45, 95, 55
L 183.0927, 308.9100, 0.0000, 141.8945, 328.9100, 0.0000, 45, 95, 55
L 141.8945, 328.9100, 0.0000, 100.6964, 308.9100, 0.0000, 45, 95, 55
L 100.6964, 308.9100, 0.0000, 59.4982, 328.9100, 0.0000, 45, 95, 55
L 59.4982, 328.9100, 0.0000, 18.3000, 308.9100, 0.0000, 45, 95, 55
L 18.3000, 308.9100, 0.0000, -22.8982, 328.9100, 0.0000, 45, 95, 55
L -22.8982, 328.9100, 0.0000, -64.0964, 308.9100, 0.0000, 45, 95, 55
L -64.0964, 308.9100, 0.0000, -105.2945, 328.9100, 0.0000, 45, 95, 55
L -105.2945, 328.9100, 0.0000, -146.4927, 308.9100, 0.0000, 45, 95, 55
L -146.4927, 308.9100, 0.0000, -187.6909, 328.9100, 0.0000, 45, 95, 55
L -187.6909, 328.9100, 0.0000, -228.8891, 308.9100, 0.0000, 45, 95, 55
L -228.8891, 308.9100, 0.0000, -270.0873, 328.9100, 0.0000, 45, 95, 55
L -270.0873, 328.9100, 0.0000, -311.2855, 308.9100, 0.0000, 45, 95, 55
L -311.2855, 308.9100, 0.0000, -352.4836, 328.9100, 0.0000, 45, 95, 55
L -352.4836, 328.9100, 0.0000, -393.6818, 308.9100, 0.0000, 45, 95, 55
L -393.6818, 308.9100, 0.0000, -434.8800, 328.9100, 0.0000, 45, 95, 55
L -434.8800, 308.9100, 0.0000, -454.8800, 268.2225, 0.0000, 45, 95, 55
L -454.8800, 268.2225, 0.0000, -434.8800, 227.5350, 0.0000, 45, 95, 55
L -434.8800, 227.5350, 0.0000, -454.8800, 186.8475, 0.0000, 45, 95, 55
L -454.8800, 186.8475, 0.0000, -434.8800, 146.1600, 0.0000, 45, 95, 55
L -434.8800, 146.1600, 0.0000, -454.8800, 105.4725, 0.0000, 45, 95, 55
L -454.8800, 105.4725, 0.0000, -434.8800, 64.7850, 0.0000, 45, 95, 55
L -434.8800, 64.7850, 0.0000, -454.8800, 24.0975, 0.0000, 45, 95, 55
L -454.8800, 24.0975, 0.0000, -434.8800, -16.5900, 0.0000, 45, 95, 55
L -434.8800, -16.5900, 0.0000, -454.8800, -57.2775, 0.0000, 45, 95, 55
L -454.8800, -57.2775, 0.0000, -434.8800, -97.9650, 0.0000, 45, 95, 55
L -434.8800, -97.9650, 0.0000, -454.8800, -138.6525, 0.0000, 45, 95, 55
L -454.8800, -138.6525, 0.0000, -434.8800, -179.3400, 0.0000, 45, 95, 55
L -434.8800, -179.3400, 0.0000, -454.8800, -220.0275, 0.0000, 45, 95, 55
L -454.8800, -220.0275, 0.0000, -434.8800, -260.7150, 0.0000, 45, 95, 55
L -434.8800, -260.7150, 0.0000, -454.8800, -301.4025, 0.0000, 45, 95, 55
L -454.8800, -301.4025, 0.0000, -434.8800, -342.0900, 0.0000, 45, 95, 55
L -434.8800, -342.0900, 0.0000, -454.8800, -382.7775, 0.0000, 45, 95, 55
L -454.8800, -382.7775, 0.0000, -434.8800, -423.4650, 0.0000, 45, 95, 55
L -434.8800, -423.4650, 0.0000, -454.8800, -464.1525, 0.0000, 45, 95, 55
L -454.8800, -464.1525, 0.0000, -434.8800, -504.8400, 0.0000, 45, 95, 55
L -442.8800, -512.8400, 0.0000, -442.8800, 316.9100, 0.0000, 150, 138, 120
L -292.8800, -512.8400, 0.0000, -292.8800, 316.9100, 0.0000, 150, 138, 120
L -142.8800, -512.8400, 0.0000, -142.8800, 316.9100, 0.0000, 150, 138, 120
L 7.1200, -512.8400, 0.0000, 7.1200, 316.9100, 0.0000, 150, 138, 120
L 157.1200, -512.8400, 0.0000, 157.1200, 316.9100, 0.0000, 150, 138, 120
L 307.1200, -512.8400, 0.0000, 307.1200, 316.9100, 0.0000, 150, 138, 120
L 457.1200, -512.8400, 0.0000, 457.1200, 316.9100, 0.0000, 150, 138, 120
L 607.1200, -512.8400, 0.0000, 607.1200, 316.9100, 0.0000, 150, 138, 120
L 757.1200, -512.8400, 0.0000, 757.1200, 316.9100, 0.0000, 150, 138, 120
L 907.1200, -512.8400, 0.0000, 907.1200, 316.9100, 0.0000, 150, 138, 120
L -442.8800, -512.8400, 0.0000, 932.6600, -512.8400, 0.0000, 150, 138, 120
L -442.8800, -362.8400, 0.0000, 932.6600, -362.8400, 0.0000, 150, 138, 120
L -442.8800, -212.8400, 0.0000, 932.6600, -212.8400, 0.0000, 150, 138, 120
L -442.8800, -62.8400, 0.0000, 932.6600, -62.8400, 0.0000, 150, 138, 120
L -442.8800, 87.1600, 0.0000, 932.6600, 87.1600, 0.0000, 150, 138, 120
L -442.8800, 237.1600, 0.0000, 932.6600, 237.1600, 0.0000, 150, 138, 120
L -476.3800, -445.2650, 0.0000, -425.3800, -445.2650, 0.0000, 140, 130, 110
L -476.3800, -445.2650, 0.0000, -471.2800, -429.9650, 0.0000, 140, 130, 110
L -425.3800, -445.2650, 0.0000, -430.4800, -429.9650, 0.0000, 140, 130, 110
L -471.2800, -429.9650, 0.0000, -430.4800, -429.9650, 0.0000, 140, 130, 110
L -467.8800, -429.9650, 0.0000, -467.8800, -370.5650, 0.0000, 140, 130, 110
L -433.8800, -429.9650, 0.0000, -433.8800, -370.5650, 0.0000, 140, 130, 110
L -467.8800, -400.2650, 0.0000, -433.8800, -400.2650, 0.0000, 180, 150, 60
L -467.8800, -370.5650, 0.0000, -472.9800, -355.2650, 0.0000, 140, 130, 110
L -433.8800, -370.5650, 0.0000, -428.7800, -355.2650, 0.0000, 140, 130, 110
L -472.9800, -355.2650, 0.0000, -428.7800, -355.2650, 0.0000, 140, 130, 110
L 915.1600, -445.2650, 0.0000, 966.1600, -445.2650, 0.0000, 140, 130, 110
L 915.1600, -445.2650, 0.0000, 920.2600, -429.9650, 0.0000, 140, 130, 110
L 966.1600, -445.2650, 0.0000, 961.0600, -429.9650, 0.0000, 140, 130, 110
L 920.2600, -429.9650, 0.0000, 961.0600, -429.9650, 0.0000, 140, 130, 110
L 923.6600, -429.9650, 0.0000, 923.6600, -370.5650, 0.0000, 140, 130, 110
L 957.6600, -429.9650, 0.0000, 957.6600, -370.5650, 0.0000, 140, 130, 110
L 923.6600, -400.2650, 0.0000, 957.6600, -400.2650, 0.0000, 180, 150, 60
L 923.6600, -370.5650, 0.0000, 918.5600, -355.2650, 0.0000, 140, 130, 110
L 957.6600, -370.5650, 0.0000, 962.7600, -355.2650, 0.0000, 140, 130, 110
L 918.5600, -355.2650, 0.0000, 962.7600, -355.2650, 0.0000, 140, 130, 110
L -476.3800, -294.1150, 0.0000, -425.3800, -294.1150, 0.0000, 140, 130, 110
L -476.3800, -294.1150, 0.0000, -471.2800, -278.8150, 0.0000, 140, 130, 110
L -425.3800, -294.1150, 0.0000, -430.4800, -278.8150, 0.0000, 140, 130, 110
L -471.2800, -278.8150, 0.0000, -430.4800, -278.8150, 0.0000, 140, 130, 110
L -467.8800, -278.8150, 0.0000, -467.8800, -219.4150, 0.0000, 140, 130, 110
L -433.8800, -278.8150, 0.0000, -433.8800, -219.4150, 0.0000, 140, 130, 110
L -467.8800, -249.1150, 0.0000, -433.8800, -249.1150, 0.0000, 180, 150, 60
L -467.8800, -219.4150, 0.0000, -472.9800, -204.1150, 0.0000, 140, 130, 110
L -433.8800, -219.4150, 0.0000, -428.7800, -204.1150, 0.0000, 140, 130, 110
L -472.9800, -204.1150, 0.0000, -428.7800, -204.1150, 0.0000, 140, 130, 110
L 915.1600, -294.1150, 0.0000, 966.1600, -294.1150, 0.0000, 140, 130, 110
L 915.1600, -294.1150, 0.0000, 920.2600, -278.8150, 0.0000, 140, 130, 110
L 966.1600, -294.1150, 0.0000, 961.0600, -278.8150, 0.0000, 140, 130, 110
L 920.2600, -278.8150, 0.0000, 961.0600, -278.8150, 0.0000, 140, 130, 110
L 923.6600, -278.8150, 0.0000, 923.6600, -219.4150, 0.0000, 140, 130, 110
L 957.6600, -278.8150, 0.0000, 957.6600, -219.4150, 0.0000, 140, 130, 110
L 923.6600, -249.1150, 0.0000, 957.6600, -249.1150, 0.0000, 180, 150, 60
L 923.6600, -219.4150, 0.0000, 918.5600, -204.1150, 0.0000, 140, 130, 110
L 957.6600, -219.4150, 0.0000, 962.7600, -204.1150, 0.0000, 140, 130, 110
L 918.5600, -204.1150, 0.0000, 962.7600, -204.1150, 0.0000, 140, 130, 110
L -476.3800, -142.9650, 0.0000, -425.3800, -142.9650, 0.0000, 140, 130, 110
L -476.3800, -142.9650, 0.0000, -471.2800, -127.6650, 0.0000, 140, 130, 110
L -425.3800, -142.9650, 0.0000, -430.4800, -127.6650, 0.0000, 140, 130, 110
L -471.2800, -127.6650, 0.0000, -430.4800, -127.6650, 0.0000, 140, 130, 110
L -467.8800, -127.6650, 0.0000, -467.8800, -68.2650, 0.0000, 140, 130, 110
L -433.8800, -127.6650, 0.0000, -433.8800, -68.2650, 0.0000, 140, 130, 110
L -467.8800, -97.9650, 0.0000, -433.8800, -97.9650, 0.0000, 180, 150, 60
L -467.8800, -68.2650, 0.0000, -472.9800, -52.9650, 0.0000, 140, 130, 110
L -433.8800, -68.2650, 0.0000, -428.7800, -52.9650, 0.0000, 140, 130, 110
L -472.9800, -52.9650, 0.0000, -428.7800, -52.9650, 0.0000, 140, 130, 110
L 915.1600, -142.9650, 0.0000, 966.1600, -142.9650, 0.0000, 140, 130, 110
L 915.1600, -142.9650, 0.0000, 920.2600, -127.6650, 0.0000, 140, 130, 110
L 966.1600, -142.9650, 0.0000, 961.0600, -127.6650, 0.0000, 140, 130, 110
L 920.2600, -127.6650, 0.0000, 961.0600, -127.6650, 0.0000, 140, 130, 110
L 923.6600, -127.6650, 0.0000, 923.6600, -68.2650, 0.0000, 140, 130, 110
L 957.6600, -127.6650, 0.0000, 957.6600, -68.2650, 0.0000, 140, 130, 110
L 923.6600, -97.9650, 0.0000, 957.6600, -97.9650, 0.0000, 180, 150, 60
L 923.6600, -68.2650, 0.0000, 918.5600, -52.9650, 0.0000, 140, 130, 110
L 957.6600, -68.2650, 0.0000, 962.7600, -52.9650, 0.0000, 140, 130, 110
L 918.5600, -52.9650, 0.0000, 962.7600, -52.9650, 0.0000, 140, 130, 110
L -476.3800, 8.1850, 0.0000, -425.3800, 8.1850, 0.0000, 140, 130, 110
L -476.3800, 8.1850, 0.0000, -471.2800, 23.4850, 0.0000, 140, 130, 110
L -425.3800, 8.1850, 0.0000, -430.4800, 23.4850, 0.0000, 140, 130, 110
L -471.2800, 23.4850, 0.0000, -430.4800, 23.4850, 0.0000, 140, 130, 110
L -467.8800, 23.4850, 0.0000, -467.8800, 82.8850, 0.0000, 140, 130, 110
L -433.8800, 23.4850, 0.0000, -433.8800, 82.8850, 0.0000, 140, 130, 110
L -467.8800, 53.1850, 0.0000, -433.8800, 53.1850, 0.0000, 180, 150, 60
L -467.8800, 82.8850, 0.0000, -472.9800, 98.1850, 0.0000, 140, 130, 110
L -433.8800, 82.8850, 0.0000, -428.7800, 98.1850, 0.0000, 140, 130, 110
L -472.9800, 98.1850, 0.0000, -428.7800, 98.1850, 0.0000, 140, 130, 110
L 915.1600, 8.1850, 0.0000, 966.1600, 8.1850, 0.0000, 140, 130, 110
L 915.1600, 8.1850, 0.0000, 920.2600, 23.4850, 0.0000, 140, 130, 110
L 966.1600, 8.1850, 0.0000, 961.0600, 23.4850, 0.0000, 140, 130, 110
L 920.2600, 23.4850, 0.0000, 961.0600, 23.4850, 0.0000, 140, 130, 110
L 923.6600, 23.4850, 0.0000, 923.6600, 82.8850, 0.0000, 140, 130, 110
L 957.6600, 23.4850, 0.0000, 957.6600, 82.8850, 0.0000, 140, 130, 110
L 923.6600, 53.1850, 0.0000, 957.6600, 53.1850, 0.0000, 180, 150, 60
L 923.6600, 82.8850, 0.0000, 918.5600, 98.1850, 0.0000, 140, 130, 110
L 957.6600, 82.8850, 0.0000, 962.7600, 98.1850, 0.0000, 140, 130, 110
L 918.5600, 98.1850, 0.0000, 962.7600, 98.1850, 0.0000, 140, 130, 110
L -476.3800, 159.3350, 0.0000, -425.3800, 159.3350, 0.0000, 140, 130, 110
L -476.3800, 159.3350, 0.0000, -471.2800, 174.6350, 0.0000, 140, 130, 110
L -425.3800, 159.3350, 0.0000, -430.4800, 174.6350, 0.0000, 140, 130, 110
L -471.2800, 174.6350, 0.0000, -430.4800, 174.6350, 0.0000, 140, 130, 110
L -467.8800, 174.6350, 0.0000, -467.8800, 234.0350, 0.0000, 140, 130, 110
L -433.8800, 174.6350, 0.0000, -433.8800, 234.0350, 0.0000, 140, 130, 110
L -467.8800, 204.3350, 0.0000, -433.8800, 204.3350, 0.0000, 180, 150, 60
L -467.8800, 234.0350, 0.0000, -472.9800, 249.3350, 0.0000, 140, 130, 110
L -433.8800, 234.0350, 0.0000, -428.7800, 249.3350, 0.0000, 140, 130, 110
L -472.9800, 249.3350, 0.0000, -428.7800, 249.3350, 0.0000, 140, 130, 110
L 915.1600, 159.3350, 0.0000, 966.1600, 159.3350, 0.0000, 140, 130, 110
L 915.1600, 159.3350, 0.0000, 920.2600, 174.6350, 0.0000, 140, 130, 110
L 966.1600, 159.3350, 0.0000, 961.0600, 174.6350, 0.0000, 140, 130, 110
L 920.2600, 174.6350, 0.0000, 961.0600, 174.6350, 0.0000, 140, 130, 110
L 923.6600, 174.6350, 0.0000, 923.6600, 234.0350, 0.0000, 140, 130, 110
L 957.6600, 174.6350, 0.0000, 957.6600, 234.0350, 0.0000, 140, 130, 110
L 923.6600, 204.3350, 0.0000, 957.6600, 204.3350, 0.0000, 180, 150, 60
L 923.6600, 234.0350, 0.0000, 918.5600, 249.3350, 0.0000, 140, 130, 110
L 957.6600, 234.0350, 0.0000, 962.7600, 249.3350, 0.0000, 140, 130, 110
L 918.5600, 249.3350, 0.0000, 962.7600, 249.3350, 0.0000, 140, 130, 110
L 123.8186, -505.8400, 0.0000, 123.8186, -568.8400, 0.0000, 165, 160, 150
L 123.8186, -568.8400, 0.0000, 114.8186, -568.8400, 0.0000, 165, 160, 150
L 114.8186, -568.8400, 0.0000, 114.8186, -505.8400, 0.0000, 165, 160, 150
L 114.8186, -505.8400, 0.0000, 123.8186, -505.8400, 0.0000, 165, 160, 150
L 119.3186, -505.8400, 0.0000, 119.3186, -568.8400, 0.0000, 165, 160, 150
L 123.8186, -505.8400, 0.0000, 124.7636, -502.6900, 0.0000, 165, 160, 150
L 114.8186, -505.8400, 0.0000, 113.8736, -502.6900, 0.0000, 165, 160, 150
L 123.8186, -568.8400, 0.0000, 124.7636, -571.9900, 0.0000, 165, 160, 150
L 114.8186, -568.8400, 0.0000, 113.8736, -571.9900, 0.0000, 165, 160, 150
L 119.3186, -564.3400, 0.0000, 131.8543, -564.3400, 0.0000, 165, 160, 150
L 131.8543, -564.3400, 0.0000, 131.8543, -573.3400, 0.0000, 165, 160, 150
L 131.8543, -573.3400, 0.0000, 119.3186, -573.3400, 0.0000, 165, 160, 150
L 119.3186, -573.3400, 0.0000, 119.3186, -564.3400, 0.0000, 165, 160, 150
L 119.3186, -568.8400, 0.0000, 131.8543, -568.8400, 0.0000, 165, 160, 150
L 119.3186, -564.3400, 0.0000, 116.1686, -563.3950, 0.0000, 165, 160, 150
L 119.3186, -573.3400, 0.0000, 116.1686, -574.2850, 0.0000, 165, 160, 150
L 131.8543, -564.3400, 0.0000, 135.0043, -563.3950, 0.0000, 165, 160, 150
L 131.8543, -573.3400, 0.0000, 135.0043, -574.2850, 0.0000, 165, 160, 150
L 119.3186, -532.8400, 0.0000, 129.7650, -532.8400, 0.0000, 165, 160, 150
L 129.7650, -532.8400, 0.0000, 129.7650, -541.8400, 0.0000, 165, 160, 150
L 129.7650, -541.8400, 0.0000, 119.3186, -541.8400, 0.0000, 165, 160, 150
L 119.3186, -541.8400, 0.0000, 119.3186, -532.8400, 0.0000, 165, 160, 150
L 119.3186, -537.3400, 0.0000, 129.7650, -537.3400, 0.0000, 165, 160, 150
L 119.3186, -532.8400, 0.0000, 116.1686, -531.8950, 0.0000, 165, 160, 150
L 119.3186, -541.8400, 0.0000, 116.1686, -542.7850, 0.0000, 165, 160, 150
L 129.7650, -532.8400, 0.0000, 132.9150, -531.8950, 0.0000, 165, 160, 150
L 129.7650, -541.8400, 0.0000, 132.9150, -542.7850, 0.0000, 165, 160, 150
L 156.7114, -505.8400, 0.0000, 156.7114, -568.8400, 0.0000, 165, 160, 150
L 156.7114, -568.8400, 0.0000, 147.7114, -568.8400, 0.0000, 165, 160, 150
L 147.7114, -568.8400, 0.0000, 147.7114, -505.8400, 0.0000, 165, 160, 150
L 147.7114, -505.8400, 0.0000, 156.7114, -505.8400, 0.0000, 165, 160, 150
L 152.2114, -505.8400, 0.0000, 152.2114, -568.8400, 0.0000, 165, 160, 150
L 156.7114, -505.8400, 0.0000, 157.6564, -502.6900, 0.0000, 165, 160, 150
L 147.7114, -505.8400, 0.0000, 146.7664, -502.6900, 0.0000, 165, 160, 150
L 156.7114, -568.8400, 0.0000, 157.6564, -571.9900, 0.0000, 165, 160, 150
L 147.7114, -568.8400, 0.0000, 146.7664, -571.9900, 0.0000, 165, 160, 150
L 152.2114, -564.3400, 0.0000, 164.7471, -564.3400, 0.0000, 165, 160, 150
L 164.7471, -564.3400, 0.0000, 164.7471, -573.3400, 0.0000, 165, 160, 150
L 164.7471, -573.3400, 0.0000, 152.2114, -573.3400, 0.0000, 165, 160, 150
L 152.2114, -573.3400, 0.0000, 152.2114, -564.3400, 0.0000, 165, 160, 150
L 152.2114, -568.8400, 0.0000, 164.7471, -568.8400, 0.0000, 165, 160, 150
L 152.2114, -564.3400, 0.0000, 149.0614, -563.3950, 0.0000, 165, 160, 150
L 152.2114, -573.3400, 0.0000, 149.0614, -574.2850, 0.0000, 165, 160, 150
L 164.7471, -564.3400, 0.0000, 167.8971, -563.3950, 0.0000, 165, 160, 150
L 164.7471, -573.3400, 0.0000, 167.8971, -574.2850, 0.0000, 165, 160, 150
L 152.2114, -532.8400, 0.0000, 162.6579, -532.8400, 0.0000, 165, 160, 150
L 162.6579, -532.8400, 0.0000, 162.6579, -541.8400, 0.0000, 165, 160, 150
L 162.6579, -541.8400, 0.0000, 152.2114, -541.8400, 0.0000, 165, 160, 150
L 152.2114, -541.8400, 0.0000, 152.2114, -532.8400, 0.0000, 165, 160, 150
L 152.2114, -537.3400, 0.0000, 162.6579, -537.3400, 0.0000, 165, 160, 150
L 152.2114, -532.8400, 0.0000, 149.0614, -531.8950, 0.0000, 165, 160, 150
L 152.2114, -541.8400, 0.0000, 149.0614, -542.7850, 0.0000, 165, 160, 150
L 162.6579, -532.8400, 0.0000, 165.8079, -531.8950, 0.0000, 165, 160, 150
L 162.6579, -541.8400, 0.0000, 165.8079, -542.7850, 0.0000, 165, 160, 150
L 152.2114, -501.3400, 0.0000, 164.7471, -501.3400, 0.0000, 165, 160, 150
L 164.7471, -501.3400, 0.0000, 164.7471, -510.3400, 0.0000, 165, 160, 150
L 164.7471, -510.3400, 0.0000, 152.2114, -510.3400, 0.0000, 165, 160, 150
L 152.2114, -510.3400, 0.0000, 152.2114, -501.3400, 0.0000, 165, 160, 150
L 152.2114, -505.8400, 0.0000, 164.7471, -505.8400, 0.0000, 165, 160, 150
L 152.2114, -501.3400, 0.0000, 149.0614, -500.3950, 0.0000, 165, 160, 150
L 152.2114, -510.3400, 0.0000, 149.0614, -511.2850, 0.0000, 165, 160, 150
L 164.7471, -501.3400, 0.0000, 167.8971, -500.3950, 0.0000, 165, 160, 150
L 164.7471, -510.3400, 0.0000, 167.8971, -511.2850, 0.0000, 165, 160, 150
L 180.6043, -568.8400, 0.0000, 180.6043, -505.8400, 0.0000, 165, 160, 150
L 180.6043, -505.8400, 0.0000, 189.6043, -505.8400, 0.0000, 165, 160, 150
L 189.6043, -505.8400, 0.0000, 189.6043, -568.8400, 0.0000, 165, 160, 150
L 189.6043, -568.8400, 0.0000, 180.6043, -568.8400, 0.0000, 165, 160, 150
L 185.1043, -568.8400, 0.0000, 185.1043, -505.8400, 0.0000, 165, 160, 150
L 180.6043, -568.8400, 0.0000, 179.6593, -571.9900, 0.0000, 165, 160, 150
L 189.6043, -568.8400, 0.0000, 190.5493, -571.9900, 0.0000, 165, 160, 150
L 180.6043, -505.8400, 0.0000, 179.6593, -502.6900, 0.0000, 165, 160, 150
L 189.6043, -505.8400, 0.0000, 190.5493, -502.6900, 0.0000, 165, 160, 150
L 185.1043, -501.3400, 0.0000, 197.6400, -501.3400, 0.0000, 165, 160, 150
L 197.6400, -501.3400, 0.0000, 197.6400, -510.3400, 0.0000, 165, 160, 150
L 197.6400, -510.3400, 0.0000, 185.1043, -510.3400, 0.0000, 165, 160, 150
L 185.1043, -510.3400, 0.0000, 185.1043, -501.3400, 0.0000, 165, 160, 150
L 185.1043, -505.8400, 0.0000, 197.6400, -505.8400, 0.0000, 165, 160, 150
L 185.1043, -501.3400, 0.0000, 181.9543, -500.3950, 0.0000, 165, 160, 150
L 185.1043, -510.3400, 0.0000, 181.9543, -511.2850, 0.0000, 165, 160, 150
L 197.6400, -501.3400, 0.0000, 200.7900, -500.3950, 0.0000, 165, 160, 150
L 197.6400, -510.3400, 0.0000, 200.7900, -511.2850, 0.0000, 165, 160, 150
L 213.5070, -568.5422, 0.0000, 217.6856, -505.5422, 0.0000, 165, 160, 150
L 217.6856, -505.5422, 0.0000, 226.6658, -506.1378, 0.0000, 165, 160, 150
L 226.6658, -506.1378, 0.0000, 222.4873, -569.1378, 0.0000, 165, 160, 150
L 222.4873, -569.1378, 0.0000, 213.5070, -568.5422, 0.0000, 165, 160, 150
L 217.9971, -568.8400, 0.0000, 222.1757, -505.8400, 0.0000, 165, 160, 150
L 213.5070, -568.5422, 0.0000, 212.3556, -571.6227, 0.0000, 165, 160, 150
L 222.4873, -569.1378, 0.0000, 223.2217, -572.3435, 0.0000, 165, 160, 150
L 217.6856, -505.5422, 0.0000, 216.9511, -502.3365, 0.0000, 165, 160, 150
L 226.6658, -506.1378, 0.0000, 227.8172, -503.0573, 0.0000, 165, 160, 150
L 226.6623, -505.4928, 0.0000, 229.7962, -545.9928, 0.0000, 165, 160, 150
L 229.7962, -545.9928, 0.0000, 220.8231, -546.6872, 0.0000, 165, 160, 150
L 220.8231, -546.6872, 0.0000, 217.6891, -506.1872, 0.0000, 165, 160, 150
L 217.6891, -506.1872, 0.0000, 226.6623, -505.4928, 0.0000, 165, 160, 150
L 222.1757, -505.8400, 0.0000, 225.3096, -546.3400, 0.0000, 165, 160, 150
L 226.6623, -505.4928, 0.0000, 227.3615, -502.2793, 0.0000, 165, 160, 150
L 217.6891, -506.1872, 0.0000, 216.5039, -503.1195, 0.0000, 165, 160, 150
L 229.7962, -545.9928, 0.0000, 230.9814, -549.0605, 0.0000, 165, 160, 150
L 220.8231, -546.6872, 0.0000, 220.1239, -549.9007, 0.0000, 165, 160, 150
L 220.8231, -545.9928, 0.0000, 223.9570, -505.4928, 0.0000, 165, 160, 150
L 223.9570, -505.4928, 0.0000, 232.9302, -506.1872, 0.0000, 165, 160, 150
L 232.9302, -506.1872, 0.0000, 229.7962, -546.6872, 0.0000, 165, 160, 150
L 229.7962, -546.6872, 0.0000, 220.8231, -545.9928, 0.0000, 165, 160, 150
L 225.3096, -546.3400, 0.0000, 228.4436, -505.8400, 0.0000, 165, 160, 150
L 220.8231, -545.9928, 0.0000, 219.6378, -549.0605, 0.0000, 165, 160, 150
L 229.7962, -546.6872, 0.0000, 230.4954, -549.9007, 0.0000, 165, 160, 150
L 223.9570, -505.4928, 0.0000, 223.2578, -502.2793, 0.0000, 165, 160, 150
L 232.9302, -506.1872, 0.0000, 234.1154, -503.1195, 0.0000, 165, 160, 150
L 232.9337, -505.5422, 0.0000, 237.1123, -568.5422, 0.0000, 165, 160, 150
L 237.1123, -568.5422, 0.0000, 228.1320, -569.1378, 0.0000, 165, 160, 150
L 228.1320, -569.1378, 0.0000, 223.9534, -506.1378, 0.0000, 165, 160, 150
L 223.9534, -506.1378, 0.0000, 232.9337, -505.5422, 0.0000, 165, 160, 150
L 228.4436, -505.8400, 0.0000, 232.6221, -568.8400, 0.0000, 165, 160, 150
L 232.9337, -505.5422, 0.0000, 233.6682, -502.3365, 0.0000, 165, 160, 150
L 223.9534, -506.1378, 0.0000, 222.8020, -503.0573, 0.0000, 165, 160, 150
L 237.1123, -568.5422, 0.0000, 238.2637, -571.6227, 0.0000, 165, 160, 150
L 228.1320, -569.1378, 0.0000, 227.3976, -572.3435, 0.0000, 165, 160, 150
L 261.6579, -505.8400, 0.0000, 261.6579, -568.8400, 0.0000, 165, 160, 150
L 261.6579, -568.8400, 0.0000, 252.6579, -568.8400, 0.0000, 165, 160, 150
L 252.6579, -568.8400, 0.0000, 252.6579, -505.8400, 0.0000, 165, 160, 150
L 252.6579, -505.8400, 0.0000, 261.6579, -505.8400, 0.0000, 165, 160, 150
L 257.1579, -505.8400, 0.0000, 257.1579, -568.8400, 0.0000, 165, 160, 150
L 261.6579, -505.8400, 0.0000, 262.6029, -502.6900, 0.0000, 165, 160, 150
L 252.6579, -505.8400, 0.0000, 251.7129, -502.6900, 0.0000, 165, 160, 150
L 261.6579, -568.8400, 0.0000, 262.6029, -571.9900, 0.0000, 165, 160, 150
L 252.6579, -568.8400, 0.0000, 251.7129, -571.9900, 0.0000, 165, 160, 150
L 294.5507, -505.8400, 0.0000, 294.5507, -568.8400, 0.0000, 165, 160, 150
L 294.5507, -568.8400, 0.0000, 285.5507, -568.8400, 0.0000, 165, 160, 150
L 285.5507, -568.8400, 0.0000, 285.5507, -505.8400, 0.0000, 165, 160, 150
L 285.5507, -505.8400, 0.0000, 294.5507, -505.8400, 0.0000, 165, 160, 150
L 290.0507, -505.8400, 0.0000, 290.0507, -568.8400, 0.0000, 165, 160, 150
L 294.5507, -505.8400, 0.0000, 295.4957, -502.6900, 0.0000, 165, 160, 150
L 285.5507, -505.8400, 0.0000, 284.6057, -502.6900, 0.0000, 165, 160, 150
L 294.5507, -568.8400, 0.0000, 295.4957, -571.9900, 0.0000, 165, 160, 150
L 285.5507, -568.8400, 0.0000, 284.6057, -571.9900, 0.0000, 165, 160, 150
L 283.7829, -564.3400, 0.0000, 296.3186, -564.3400, 0.0000, 165, 160, 150
L 296.3186, -564.3400, 0.0000, 296.3186, -573.3400, 0.0000, 165, 160, 150
L 296.3186, -573.3400, 0.0000, 283.7829, -573.3400, 0.0000, 165, 160, 150
L 283.7829, -573.3400, 0.0000, 283.7829, -564.3400, 0.0000, 165, 160, 150
L 283.7829, -568.8400, 0.0000, 296.3186, -568.8400, 0.0000, 165, 160, 150
L 283.7829, -564.3400, 0.0000, 280.6329, -563.3950, 0.0000, 165, 160, 150
L 283.7829, -573.3400, 0.0000, 280.6329, -574.2850, 0.0000, 165, 160, 150
L 296.3186, -564.3400, 0.0000, 299.4686, -563.3950, 0.0000, 165, 160, 150
L 296.3186, -573.3400, 0.0000, 299.4686, -574.2850, 0.0000, 165, 160, 150
L 321.1757, -505.8400, 0.0000, 321.1757, -568.8400, 0.0000, 165, 160, 150
L 321.1757, -568.8400, 0.0000, 312.1757, -568.8400, 0.0000, 165, 160, 150
L 312.1757, -568.8400, 0.0000, 312.1757, -505.8400, 0.0000, 165, 160, 150
L 312.1757, -505.8400, 0.0000, 321.1757, -505.8400, 0.0000, 165, 160, 150
L 316.6757, -505.8400, 0.0000, 316.6757, -568.8400, 0.0000, 165, 160, 150
L 321.1757, -505.8400, 0.0000, 322.1207, -502.6900, 0.0000, 165, 160, 150
L 312.1757, -505.8400, 0.0000, 311.2307, -502.6900, 0.0000, 165, 160, 150
L 321.1757, -568.8400, 0.0000, 322.1207, -571.9900, 0.0000, 165, 160, 150
L 312.1757, -568.8400, 0.0000, 311.2307, -571.9900, 0.0000, 165, 160, 150
L 334.7561, -505.8400, 0.0000, 334.7561, -568.8400, 0.0000, 165, 160, 150
L 334.7561, -568.8400, 0.0000, 325.7561, -568.8400, 0.0000, 165, 160, 150
L 325.7561, -568.8400, 0.0000, 325.7561, -505.8400, 0.0000, 165, 160, 150
L 325.7561, -505.8400, 0.0000, 334.7561, -505.8400, 0.0000, 165, 160, 150
L 330.2561, -505.8400, 0.0000, 330.2561, -568.8400, 0.0000, 165, 160, 150
L 334.7561, -505.8400, 0.0000, 335.7011, -502.6900, 0.0000, 165, 160, 150
L 325.7561, -505.8400, 0.0000, 324.8111, -502.6900, 0.0000, 165, 160, 150
L 334.7561, -568.8400, 0.0000, 335.7011, -571.9900, 0.0000, 165, 160, 150
L 325.7561, -568.8400, 0.0000, 324.8111, -571.9900, 0.0000, 165, 160, 150
L 316.6757, -532.8400, 0.0000, 330.2561, -532.8400, 0.0000, 165, 160, 150
L 330.2561, -532.8400, 0.0000, 330.2561, -541.8400, 0.0000, 165, 160, 150
L 330.2561, -541.8400, 0.0000, 316.6757, -541.8400, 0.0000, 165, 160, 150
L 316.6757, -541.8400, 0.0000, 316.6757, -532.8400, 0.0000, 165, 160, 150
L 316.6757, -537.3400, 0.0000, 330.2561, -537.3400, 0.0000, 165, 160, 150
L 316.6757, -532.8400, 0.0000, 313.5257, -531.8950, 0.0000, 165, 160, 150
L 316.6757, -541.8400, 0.0000, 313.5257, -542.7850, 0.0000, 165, 160, 150
L 330.2561, -532.8400, 0.0000, 333.4061, -531.8950, 0.0000, 165, 160, 150
L 330.2561, -541.8400, 0.0000, 333.4061, -542.7850, 0.0000, 165, 160, 150
L 354.0686, -505.8400, 0.0000, 354.0686, -568.8400, 0.0000, 165, 160, 150
L 354.0686, -568.8400, 0.0000, 345.0686, -568.8400, 0.0000, 165, 160, 150
L 345.0686, -568.8400, 0.0000, 345.0686, -505.8400, 0.0000, 165, 160, 150
L 345.0686, -505.8400, 0.0000, 354.0686, -505.8400, 0.0000, 165, 160, 150
L 349.5686, -505.8400, 0.0000, 349.5686, -568.8400, 0.0000, 165, 160, 150
L 354.0686, -505.8400, 0.0000, 355.0136, -502.6900, 0.0000, 165, 160, 150
L 345.0686, -505.8400, 0.0000, 344.1236, -502.6900, 0.0000, 165, 160, 150
L 354.0686, -568.8400, 0.0000, 355.0136, -571.9900, 0.0000, 165, 160, 150
L 345.0686, -568.8400, 0.0000, 344.1236, -571.9900, 0.0000, 165, 160, 150
L 349.5686, -564.3400, 0.0000, 362.1043, -564.3400, 0.0000, 165, 160, 150
L 362.1043, -564.3400, 0.0000, 362.1043, -573.3400, 0.0000, 165, 160, 150
L 362.1043, -573.3400, 0.0000, 349.5686, -573.3400, 0.0000, 165, 160, 150
L 349.5686, -573.3400, 0.0000, 349.5686, -564.3400, 0.0000, 165, 160, 150
L 349.5686, -568.8400, 0.0000, 362.1043, -568.8400, 0.0000, 165, 160, 150
L 349.5686, -564.3400, 0.0000, 346.4186, -563.3950, 0.0000, 165, 160, 150
L 349.5686, -573.3400, 0.0000, 346.4186, -574.2850, 0.0000, 165, 160, 150
L 362.1043, -564.3400, 0.0000, 365.2543, -563.3950, 0.0000, 165, 160, 150
L 362.1043, -573.3400, 0.0000, 365.2543, -574.2850, 0.0000, 165, 160, 150
L 349.5686, -532.8400, 0.0000, 360.0150, -532.8400, 0.0000, 165, 160, 150
L 360.0150, -532.8400, 0.0000, 360.0150, -541.8400, 0.0000, 165, 160, 150
L 360.0150, -541.8400, 0.0000, 349.5686, -541.8400, 0.0000, 165, 160, 150
L 349.5686, -541.8400, 0.0000, 349.5686, -532.8400, 0.0000, 165, 160, 150
L 349.5686, -537.3400, 0.0000, 360.0150, -537.3400, 0.0000, 165, 160, 150
L 349.5686, -532.8400, 0.0000, 346.4186, -531.8950, 0.0000, 165, 160, 150
L 349.5686, -541.8400, 0.0000, 346.4186, -542.7850, 0.0000, 165, 160, 150
L 360.0150, -532.8400, 0.0000, 363.1650, -531.8950, 0.0000, 165, 160, 150
L 360.0150, -541.8400, 0.0000, 363.1650, -542.7850, 0.0000, 165, 160, 150
L 349.5686, -501.3400, 0.0000, 362.1043, -501.3400, 0.0000, 165, 160, 150
L 362.1043, -501.3400, 0.0000, 362.1043, -510.3400, 0.0000, 165, 160, 150
L 362.1043, -510.3400, 0.0000, 349.5686, -510.3400, 0.0000, 165, 160, 150
L 349.5686, -510.3400, 0.0000, 349.5686, -501.3400, 0.0000, 165, 160, 150
L 349.5686, -505.8400, 0.0000, 362.1043, -505.8400, 0.0000, 165, 160, 150
L 349.5686, -501.3400, 0.0000, 346.4186, -500.3950, 0.0000, 165, 160, 150
L 349.5686, -510.3400, 0.0000, 346.4186, -511.2850, 0.0000, 165, 160, 150
L 362.1043, -501.3400, 0.0000, 365.2543, -500.3950, 0.0000, 165, 160, 150
L 362.1043, -510.3400, 0.0000, 365.2543, -511.2850, 0.0000, 165, 160, 150
L 209.8900, -580.8400, 0.0000, 279.8900, -580.8400, 0.0000, 150, 40, 40
L 279.8900, -580.8400, 0.0000, 279.8900, -712.0400, 0.0000, 150, 40, 40
L 279.8900, -712.0400, 0.0000, 253.2900, -740.8400, 0.0000, 150, 40, 40
L 253.2900, -740.8400, 0.0000, 244.8900, -752.3600, 0.0000, 150, 40, 40
L 244.8900, -752.3600, 0.0000, 236.4900, -740.8400, 0.0000, 150, 40, 40
L 236.4900, -740.8400, 0.0000, 209.8900, -712.0400, 0.0000, 150, 40, 40
L 209.8900, -712.0400, 0.0000, 209.8900, -580.8400, 0.0000, 150, 40, 40
L 222.4900, -588.4000, 0.0000, 267.2900, -588.4000, 0.0000, 190, 160, 60
L 267.2900, -588.4000, 0.0000, 267.2900, -710.6000, 0.0000, 190, 160, 60
L 267.2900, -710.6000, 0.0000, 244.8900, -729.3200, 0.0000, 190, 160, 60
L 244.8900, -729.3200, 0.0000, 222.4900, -710.6000, 0.0000, 190, 160, 60
L 222.4900, -710.6000, 0.0000, 222.4900, -588.4000, 0.0000, 190, 160, 60
L -260.8800, -385.8400, 0.0000, -262.7541, -371.6050, 0.0000, 60, 45, 30
L -262.7541, -371.6050, 0.0000, -268.2486, -358.3400, 0.0000, 60, 45, 30
L -268.2486, -358.3400, 0.0000, -276.9891, -346.9491, 0.0000, 60, 45, 30
L -276.9891, -346.9491, 0.0000, -288.3800, -338.2086, 0.0000, 60, 45, 30
L -288.3800, -338.2086, 0.0000, -301.6450, -332.7141, 0.0000, 60, 45, 30
L -301.6450, -332.7141, 0.0000, -315.8800, -330.8400, 0.0000, 60, 45, 30
L -315.8800, -330.8400, 0.0000, -330.1150, -332.7141, 0.0000, 60, 45, 30
L -330.1150, -332.7141, 0.0000, -343.3800, -338.2086, 0.0000, 60, 45, 30
L -343.3800, -338.2086, 0.0000, -354.7709, -346.9491, 0.0000, 60, 45, 30
L -354.7709, -346.9491, 0.0000, -363.5114, -358.3400, 0.0000, 60, 45, 30
L -363.5114, -358.3400, 0.0000, -369.0059, -371.6050, 0.0000, 60, 45, 30
L -369.0059, -371.6050, 0.0000, -370.8800, -385.8400, 0.0000, 60, 45, 30
L -370.8800, -385.8400, 0.0000, -369.0059, -400.0750, 0.0000, 60, 45, 30
L -369.0059, -400.0750, 0.0000, -363.5114, -413.3400, 0.0000, 60, 45, 30
L -363.5114, -413.3400, 0.0000, -354.7709, -424.7309, 0.0000, 60, 45, 30
L -354.7709, -424.7309, 0.0000, -343.3800, -433.4714, 0.0000, 60, 45, 30
L -343.3800, -433.4714, 0.0000, -330.1150, -438.9659, 0.0000, 60, 45, 30
L -330.1150, -438.9659, 0.0000, -315.8800, -440.8400, 0.0000, 60, 45, 30
L -315.8800, -440.8400, 0.0000, -301.6450, -438.9659, 0.0000, 60, 45, 30
L -301.6450, -438.9659, 0.0000, -288.3800, -433.4714, 0.0000, 60, 45, 30
L -288.3800, -433.4714, 0.0000, -276.9891, -424.7309, 0.0000, 60, 45, 30
L -276.9891, -424.7309, 0.0000, -268.2486, -413.3400, 0.0000, 60, 45, 30
L -268.2486, -413.3400, 0.0000, -262.7541, -400.0750, 0.0000, 60, 45, 30
L -262.7541, -400.0750, 0.0000, -260.8800, -385.8400, 0.0000, 60, 45, 30
L -282.8800, -385.8400, 0.0000, -284.0044, -377.2990, 0.0000, 60, 45, 30
L -284.0044, -377.2990, 0.0000, -287.3012, -369.3400, 0.0000, 60, 45, 30
L -287.3012, -369.3400, 0.0000, -292.5455, -362.5055, 0.0000, 60, 45, 30
L -292.5455, -362.5055, 0.0000, -299.3800, -357.2612, 0.0000, 60, 45, 30
L -299.3800, -357.2612, 0.0000, -307.3390, -353.9644, 0.0000, 60, 45, 30
L -307.3390, -353.9644, 0.0000, -315.8800, -352.8400, 0.0000, 60, 45, 30
L -315.8800, -352.8400, 0.0000, -324.4210, -353.9644, 0.0000, 60, 45, 30
L -324.4210, -353.9644, 0.0000, -332.3800, -357.2612, 0.0000, 60, 45, 30
L -332.3800, -357.2612, 0.0000, -339.2145, -362.5055, 0.0000, 60, 45, 30
L -339.2145, -362.5055, 0.0000, -344.4588, -369.3400, 0.0000, 60, 45, 30
L -344.4588, -369.3400, 0.0000, -347.7556, -377.2990, 0.0000, 60, 45, 30
L -347.7556, -377.2990, 0.0000, -348.8800, -385.8400, 0.0000, 60, 45, 30
L -348.8800, -385.8400, 0.0000, -347.7556, -394.3810, 0.0000, 60, 45, 30
L -347.7556, -394.3810, 0.0000, -344.4588, -402.3400, 0.0000, 60, 45, 30
L -344.4588, -402.3400, 0.0000, -339.2145, -409.1745, 0.0000, 60, 45, 30
L -339.2145, -409.1745, 0.0000, -332.3800, -414.4188, 0.0000, 60, 45, 30
L -332.3800, -414.4188, 0.0000, -324.4210, -417.7156, 0.0000, 60, 45, 30
L -324.4210, -417.7156, 0.0000, -315.8800, -418.8400, 0.0000, 60, 45, 30
L -315.8800, -418.8400, 0.0000, -307.3390, -417.7156, 0.0000, 60, 45, 30
L -307.3390, -417.7156, 0.0000, -299.3800, -414.4188, 0.0000, 60, 45, 30
L -299.3800, -414.4188, 0.0000, -292.5455, -409.1745, 0.0000, 60, 45, 30
L -292.5455, -409.1745, 0.0000, -287.3012, -402.3400, 0.0000, 60, 45, 30
L -287.3012, -402.3400, 0.0000, -284.0044, -394.3810, 0.0000, 60, 45, 30
L -284.0044, -394.3810, 0.0000, -282.8800, -385.8400, 0.0000, 60, 45, 30
L -315.8800, -385.8400, 0.0000, -260.8800, -385.8400, 0.0000, 60, 45, 30
L -315.8800, -385.8400, 0.0000, -276.9891, -346.9491, 0.0000, 60, 45, 30
L -315.8800, -385.8400, 0.0000, -315.8800, -330.8400, 0.0000, 60, 45, 30
L -315.8800, -385.8400, 0.0000, -354.7709, -346.9491, 0.0000, 60, 45, 30
L -315.8800, -385.8400, 0.0000, -370.8800, -385.8400, 0.0000, 60, 45, 30
L -315.8800, -385.8400, 0.0000, -354.7709, -424.7309, 0.0000, 60, 45, 30
L -315.8800, -385.8400, 0.0000, -315.8800, -440.8400, 0.0000, 60, 45, 30
L -315.8800, -385.8400, 0.0000, -276.9891, -424.7309, 0.0000, 60, 45, 30
P -315.8800, -452.8400, 0.0000, 60, 45, 30, 3, N
P -315.8800, -318.8400, 0.0000, 60, 45, 30, 1, S
P -248.8800, -385.8400, 0.0000, 60, 45, 30, 1, E
P -382.8800, -385.8400, 0.0000, 60, 45, 30, 1, W
L 209.8900, -580.8400, 0.0000, 279.8900, -580.8400, 0.0000, 150, 40, 40
L 279.8900, -580.8400, 0.0000, 279.8900, -712.0400, 0.0000, 150, 40, 40
L 279.8900, -712.0400, 0.0000, 253.2900, -740.8400, 0.0000, 150, 40, 40
L 253.2900, -740.8400, 0.0000, 244.8900, -752.3600, 0.0000, 150, 40, 40
L 244.8900, -752.3600, 0.0000, 236.4900, -740.8400, 0.0000, 150, 40, 40
L 236.4900, -740.8400, 0.0000, 209.8900, -712.0400, 0.0000, 150, 40, 40
L 209.8900, -712.0400, 0.0000, 209.8900, -580.8400, 0.0000, 150, 40, 40
L 222.4900, -588.4000, 0.0000, 267.2900, -588.4000, 0.0000, 190, 160, 60
L 267.2900, -588.4000, 0.0000, 267.2900, -710.6000, 0.0000, 190, 160, 60
L 267.2900, -710.6000, 0.0000, 244.8900, -729.3200, 0.0000, 190, 160, 60
L 244.8900, -729.3200, 0.0000, 222.4900, -710.6000, 0.0000, 190, 160, 60
L 222.4900, -710.6000, 0.0000, 222.4900, -588.4000, 0.0000, 190, 160, 60
L 244.8900, -652.7800, 0.0000, 244.8900, -662.1880, 0.0000, 35, 25, 45
L 244.8900, -652.7800, 0.0000, 229.2100, -655.9160, 0.0000, 35, 25, 45
L 229.2100, -655.9160, 0.0000, 237.0500, -658.2680, 0.0000, 35, 25, 45
L 244.8900, -652.7800, 0.0000, 260.5700, -655.9160, 0.0000, 35, 25, 45
L 260.5700, -655.9160, 0.0000, 252.7300, -658.2680, 0.0000, 35, 25, 45
