L -385.4819, -1705.0797, 0.0000, -351.0174, -1717.3922, 0.0000, 112, 96, 78
L -351.0174, -1717.3922, 0.0000, -316.5529, -1705.0797, 0.0000, 112, 96, 78
L -316.5529, -1705.0797, 0.0000, -282.0883, -1715.9611, 0.0000, 112, 96, 78
L -282.0883, -1715.9611, 0.0000, -247.6238, -1705.0797, 0.0000, 112, 96, 78
L -247.6238, -1705.0797, 0.0000, -213.1593, -1717.8121, 0.0000, 112, 96, 78
L -213.1593, -1717.8121, 0.0000, -178.6948, -1705.0797, 0.0000, 112, 96, 78
L -178.6948, -1705.0797, 0.0000, -144.2302, -1716.6645, 0.0000, 112, 96, 78
L -144.2302, -1716.6645, 0.0000, -109.7657, -1705.0797, 0.0000, 112, 96, 78
L -109.7657, -1705.0797, 0.0000, -75.3012, -1720.9381, 0.0000, 112, 96, 78
L -75.3012, -1720.9381, 0.0000, -40.8366, -1705.0797, 0.0000, 112, 96, 78
L -40.8366, -1705.0797, 0.0000, -6.3721, -1713.4941, 0.0000, 112, 96, 78
L -6.3721, -1713.4941, 0.0000, 28.0924, -1705.0797, 0.0000, 112, 96, 78
L 28.0924, -1705.0797, 0.0000, 62.5569, -1721.1915, 0.0000, 112, 96, 78
L 62.5569, -1721.1915, 0.0000, 97.0215, -1705.0797, 0.0000, 112, 96, 78
L 97.0215, -1705.0797, 0.0000, 131.4860, -1709.5177, 0.0000, 112, 96, 78
L 131.4860, -1709.5177, 0.0000, 165.9505, -1705.0797, 0.0000, 112, 96, 78
L 165.9505, -1705.0797, 0.0000, 200.4151, -1723.5500, 0.0000, 112, 96, 78
L 200.4151, -1723.5500, 0.0000, 234.8796, -1705.0797, 0.0000, 112, 96, 78
L 234.8796, -1705.0797, 0.0000, 269.3441, -1718.2405, 0.0000, 112, 96, 78
L 269.3441, -1718.2405, 0.0000, 303.8086, -1705.0797, 0.0000, 112, 96, 78
L 303.8086, -1705.0797, 0.0000, 338.2732, -1709.1090, 0.0000, 112, 96, 78
L 338.2732, -1709.1090, 0.0000, 372.7377, -1705.0797, 0.0000, 112, 96, 78
L 372.7377, -1705.0797, 0.0000, 407.2022, -1709.7864, 0.0000, 112, 96, 78
L 407.2022, -1709.7864, 0.0000, 441.6668, -1705.0797, 0.0000, 112, 96, 78
L 441.6668, -1705.0797, 0.0000, 476.1313, -1712.5596, 0.0000, 112, 96, 78
L 476.1313, -1712.5596, 0.0000, 510.5958, -1705.0797, 0.0000, 112, 96, 78
L 510.5958, -1705.0797, 0.0000, 545.0603, -1715.9350, 0.0000, 112, 96, 78
L 545.0603, -1715.9350, 0.0000, 579.5249, -1705.0797, 0.0000, 112, 96, 78
L 579.5249, -1705.0797, 0.0000, 613.9894, -1721.6900, 0.0000, 112, 96, 78
L 613.9894, -1721.6900, 0.0000, 648.4539, -1705.0797, 0.0000, 112, 96, 78
L 648.4539, -1705.0797, 0.0000, 682.9185, -1718.6165, 0.0000, 112, 96, 78
L 682.9185, -1718.6165, 0.0000, 717.3830, -1705.0797, 0.0000, 112, 96, 78
L 717.3830, -1705.0797, 0.0000, 751.8475, -1718.9534, 0.0000, 112, 96, 78
L 751.8475, -1718.9534, 0.0000, 786.3120, -1705.0797, 0.0000, 112, 96, 78
L 786.3120, -1705.0797, 0.0000, 820.7766, -1713.1104, 0.0000, 112, 96, 78
L 820.7766, -1713.1104, 0.0000, 855.2411, -1705.0797, 0.0000, 112, 96, 78
L 855.2411, -1705.0797, 0.0000, 889.7056, -1724.0203, 0.0000, 112, 96, 78
L 889.7056, -1724.0203, 0.0000, 924.1702, -1705.0797, 0.0000, 112, 96, 78
L 924.1702, -1705.0797, 0.0000, 958.6347, -1719.6431, 0.0000, 112, 96, 78
L 958.6347, -1719.6431, 0.0000, 993.0992, -1705.0797, 0.0000, 112, 96, 78
L 993.0992, -1705.0797, 0.0000, 1027.5638, -1712.3730, 0.0000, 112, 96, 78
L 1027.5638, -1712.3730, 0.0000, 1062.0283, -1705.0797, 0.0000, 112, 96, 78
L 1062.0283, -1705.0797, 0.0000, 1096.4928, -1709.9487, 0.0000, 112, 96, 78
L 1096.4928, -1709.9487, 0.0000, 1130.9573, -1705.0797, 0.0000, 112, 96, 78
L 1130.9573, -1705.0797, 0.0000, 1165.4219, -1714.9690, 0.0000, 112, 96, 78
L 1165.4219, -1714.9690, 0.0000, 1199.8864, -1705.0797, 0.0000, 112, 96, 78
L 1199.8864, -1705.0797, 0.0000, 1234.3509, -1714.7578, 0.0000, 112, 96, 78
L 1234.3509, -1714.7578, 0.0000, 1268.8155, -1705.0797, 0.0000, 112, 96, 78
L 1268.8155, -1705.0797, 0.0000, 1303.2800, -1721.7642, 0.0000, 112, 96, 78
L 1303.2800, -1721.7642, 0.0000, 1337.7445, -1705.0797, 0.0000, 112, 96, 78
L 1337.7445, -1705.0797, 0.0000, 1372.2090, -1712.0697, 0.0000, 112, 96, 78
L 1372.2090, -1712.0697, 0.0000, 1406.6736, -1705.0797, 0.0000, 112, 96, 78
L 1406.6736, -1705.0797, 0.0000, 1441.1381, -1716.0270, 0.0000, 112, 96, 78
L 1441.1381, -1716.0270, 0.0000, 1475.6026, -1705.0797, 0.0000, 112, 96, 78
L 1475.6026, -1705.0797, 0.0000, 1510.0672, -1714.9237, 0.0000, 112, 96, 78
L 1510.0672, -1714.9237, 0.0000, 1544.5317, -1705.0797, 0.0000, 112, 96, 78
L 1544.5317, -1705.0797, 0.0000, 1578.9962, -1718.4517, 0.0000, 112, 96, 78
L 1578.9962, -1718.4517, 0.0000, 1613.4607, -1705.0797, 0.0000, 112, 96, 78
L 1613.4607, -1705.0797, 0.0000, 1647.9253, -1712.9828, 0.0000, 112, 96, 78
L 1647.9253, -1712.9828, 0.0000, 1682.3898, -1705.0797, 0.0000, 112, 96, 78
L 1682.3898, -1705.0797, 0.0000, 1716.8543, -1713.9379, 0.0000, 112, 96, 78
L 1716.8543, -1713.9379, 0.0000, 1751.3189, -1705.0797, 0.0000, 112, 96, 78
L 1751.3189, -1705.0797, 0.0000, 1785.7834, -1720.4069, 0.0000, 112, 96, 78
L 1785.7834, -1720.4069, 0.0000, 1820.2479, -1705.0797, 0.0000, 112, 96, 78
L 1820.2479, -1705.0797, 0.0000, 1854.7124, -1712.6272, 0.0000, 112, 96, 78
L 1854.7124, -1712.6272, 0.0000, 1889.1770, -1705.0797, 0.0000, 112, 96, 78
L 1889.1770, -1705.0797, 0.0000, 1923.6415, -1709.7916, 0.0000, 112, 96, 78
L 1923.6415, -1709.7916, 0.0000, 1958.1060, -1705.0797, 0.0000, 112, 96, 78
L 1958.1060, -1705.0797, 0.0000, 1992.5706, -1711.5825, 0.0000, 112, 96, 78
L 1992.5706, -1711.5825, 0.0000, 2027.0351, -1705.0797, 0.0000, 112, 96, 78
L 2027.0351, -1705.0797, 0.0000, 2061.4996, -1715.6840, 0.0000, 112, 96, 78
L 2061.4996, -1715.6840, 0.0000, 2095.9641, -1705.0797, 0.0000, 112, 96, 78
L 2095.9641, -1705.0797, 0.0000, 2130.4287, -1720.0093, 0.0000, 112, 96, 78
L 2130.4287, -1720.0093, 0.0000, 2164.8932, -1705.0797, 0.0000, 112, 96, 78
L 2164.8932, -1705.0797, 0.0000, 2199.3577, -1705.0797, 0.0000, 112, 96, 78
L -385.4819, -1705.0797, 0.0000, -404.1915, -1670.7966, 0.0000, 112, 96, 78
L -404.1915, -1670.7966, 0.0000, -385.4819, -1636.5135, 0.0000, 112, 96, 78
L -385.4819, -1636.5135, 0.0000, -399.7931, -1602.2305, 0.0000, 112, 96, 78
L -399.7931, -1602.2305, 0.0000, -385.4819, -1567.9474, 0.0000, 112, 96, 78
L -385.4819, -1567.9474, 0.0000, -391.4171, -1533.6643, 0.0000, 112, 96, 78
L -391.4171, -1533.6643, 0.0000, -385.4819, -1499.3812, 0.0000, 112, 96, 78
L -385.4819, -1499.3812, 0.0000, -389.5552, -1465.0982, 0.0000, 112, 96, 78
L -389.5552, -1465.0982, 0.0000, -385.4819, -1430.8151, 0.0000, 112, 96, 78
L -385.4819, -1430.8151, 0.0000, -399.9414, -1396.5320, 0.0000, 112, 96, 78
L -399.9414, -1396.5320, 0.0000, -385.4819, -1362.2490, 0.0000, 112, 96, 78
L -385.4819, -1362.2490, 0.0000, -389.6064, -1327.9659, 0.0000, 112, 96, 78
L 2199.3577, -1705.0797, 0.0000, 2209.8785, -1670.7966, 0.0000, 112, 96, 78
L 2209.8785, -1670.7966, 0.0000, 2199.3577, -1636.5135, 0.0000, 112, 96, 78
L 2199.3577, -1636.5135, 0.0000, 2208.1304, -1602.2305, 0.0000, 112, 96, 78
L 2208.1304, -1602.2305, 0.0000, 2199.3577, -1567.9474, 0.0000, 112, 96, 78
L 2199.3577, -1567.9474, 0.0000, 2206.1772, -1533.6643, 0.0000, 112, 96, 78
L 2206.1772, -1533.6643, 0.0000, 2199.3577, -1499.3812, 0.0000, 112, 96, 78
L 2199.3577, -1499.3812, 0.0000, 2215.4140, -1465.0982, 0.0000, 112, 96, 78
L 2215.4140, -1465.0982, 0.0000, 2199.3577, -1430.8151, 0.0000, 112, 96, 78
L 2199.3577, -1430.8151, 0.0000, 2216.5434, -1396.5320, 0.0000, 112, 96, 78
L 2216.5434, -1396.5320, 0.0000, 2199.3577, -1362.2490, 0.0000, 112, 96, 78
L 2199.3577, -1362.2490, 0.0000, 2212.0251, -1327.9659, 0.0000, 112, 96, 78
L 367.0137, -1564.1391, 0.0000, 307.1552, -1564.1391, 0.0000, 56, 58, 40
L 307.1552, -1564.1391, 0.0000, 307.1552, -1444.4219, 0.0000, 56, 58, 40
L 307.1552, -1506.6748, 0.0000, 352.6477, -1506.6748, 0.0000, 56, 58, 40
L 386.1685, -1444.4219, 0.0000, 386.1685, -1564.1391, 0.0000, 56, 58, 40
L 386.1685, -1564.1391, 0.0000, 434.0553, -1564.1391, 0.0000, 56, 58, 40
L 434.0553, -1564.1391, 0.0000, 448.4214, -1549.7730, 0.0000, 56, 58, 40
L 448.4214, -1549.7730, 0.0000, 448.4214, -1516.2522, 0.0000, 56, 58, 40
L 448.4214, -1516.2522, 0.0000, 434.0553, -1501.8862, 0.0000, 56, 58, 40
L 434.0553, -1501.8862, 0.0000, 386.1685, -1501.8862, 0.0000, 56, 58, 40
L 410.1119, -1501.8862, 0.0000, 448.4214, -1444.4219, 0.0000, 56, 58, 40
L 527.4346, -1564.1391, 0.0000, 467.5761, -1564.1391, 0.0000, 56, 58, 40
L 467.5761, -1564.1391, 0.0000, 467.5761, -1444.4219, 0.0000, 56, 58, 40
L 467.5761, -1444.4219, 0.0000, 527.4346, -1444.4219, 0.0000, 56, 58, 40
L 467.5761, -1506.6748, 0.0000, 515.4629, -1506.6748, 0.0000, 56, 58, 40
L 606.4479, -1564.1391, 0.0000, 546.5894, -1564.1391, 0.0000, 56, 58, 40
L 546.5894, -1564.1391, 0.0000, 546.5894, -1444.4219, 0.0000, 56, 58, 40
L 546.5894, -1444.4219, 0.0000, 606.4479, -1444.4219, 0.0000, 56, 58, 40
L 546.5894, -1506.6748, 0.0000, 594.4762, -1506.6748, 0.0000, 56, 58, 40
L 625.6027, -1444.4219, 0.0000, 625.6027, -1564.1391, 0.0000, 56, 58, 40
L 625.6027, -1564.1391, 0.0000, 673.4895, -1564.1391, 0.0000, 56, 58, 40
L 673.4895, -1564.1391, 0.0000, 687.8556, -1549.7730, 0.0000, 56, 58, 40
L 687.8556, -1549.7730, 0.0000, 687.8556, -1516.2522, 0.0000, 56, 58, 40
L 687.8556, -1516.2522, 0.0000, 673.4895, -1501.8862, 0.0000, 56, 58, 40
L 673.4895, -1501.8862, 0.0000, 625.6027, -1501.8862, 0.0000, 56, 58, 40
L 726.1651, -1564.1391, 0.0000, 754.8972, -1564.1391, 0.0000, 56, 58, 40
L 754.8972, -1564.1391, 0.0000, 774.0519, -1544.9843, 0.0000, 56, 58, 40
L 774.0519, -1544.9843, 0.0000, 774.0519, -1463.5767, 0.0000, 56, 58, 40
L 774.0519, -1463.5767, 0.0000, 754.8972, -1444.4219, 0.0000, 56, 58, 40
L 754.8972, -1444.4219, 0.0000, 726.1651, -1444.4219, 0.0000, 56, 58, 40
L 726.1651, -1444.4219, 0.0000, 707.0103, -1463.5767, 0.0000, 56, 58, 40
L 707.0103, -1463.5767, 0.0000, 707.0103, -1544.9843, 0.0000, 56, 58, 40
L 707.0103, -1544.9843, 0.0000, 726.1651, -1564.1391, 0.0000, 56, 58, 40
L 793.2066, -1444.4219, 0.0000, 793.2066, -1564.1391, 0.0000, 56, 58, 40
L 793.2066, -1564.1391, 0.0000, 841.0935, -1564.1391, 0.0000, 56, 58, 40
L 841.0935, -1564.1391, 0.0000, 855.4595, -1549.7730, 0.0000, 56, 58, 40
L 855.4595, -1549.7730, 0.0000, 855.4595, -1516.2522, 0.0000, 56, 58, 40
L 855.4595, -1516.2522, 0.0000, 841.0935, -1501.8862, 0.0000, 56, 58, 40
L 841.0935, -1501.8862, 0.0000, 793.2066, -1501.8862, 0.0000, 56, 58, 40
L 817.1501, -1501.8862, 0.0000, 855.4595, -1444.4219, 0.0000, 56, 58, 40
L 874.6143, -1564.1391, 0.0000, 941.6559, -1564.1391, 0.0000, 56, 58, 40
L 908.1351, -1564.1391, 0.0000, 908.1351, -1444.4219, 0.0000, 56, 58, 40
L 1092.4994, -1547.3787, 0.0000, 1075.7390, -1564.1391, 0.0000, 56, 58, 40
L 1075.7390, -1564.1391, 0.0000, 1047.0069, -1564.1391, 0.0000, 56, 58, 40
L 1047.0069, -1564.1391, 0.0000, 1030.2465, -1547.3787, 0.0000, 56, 58, 40
L 1030.2465, -1547.3787, 0.0000, 1030.2465, -1521.0409, 0.0000, 56, 58, 40
L 1030.2465, -1521.0409, 0.0000, 1047.0069, -1506.6748, 0.0000, 56, 58, 40
L 1047.0069, -1506.6748, 0.0000, 1075.7390, -1506.6748, 0.0000, 56, 58, 40
L 1075.7390, -1506.6748, 0.0000, 1092.4994, -1492.3088, 0.0000, 56, 58, 40
L 1092.4994, -1492.3088, 0.0000, 1092.4994, -1461.1823, 0.0000, 56, 58, 40
L 1092.4994, -1461.1823, 0.0000, 1075.7390, -1444.4219, 0.0000, 56, 58, 40
L 1075.7390, -1444.4219, 0.0000, 1047.0069, -1444.4219, 0.0000, 56, 58, 40
L 1047.0069, -1444.4219, 0.0000, 1030.2465, -1461.1823, 0.0000, 56, 58, 40
L 1171.5127, -1564.1391, 0.0000, 1111.6542, -1564.1391, 0.0000, 56, 58, 40
L 1111.6542, -1564.1391, 0.0000, 1111.6542, -1444.4219, 0.0000, 56, 58, 40
L 1111.6542, -1444.4219, 0.0000, 1171.5127, -1444.4219, 0.0000, 56, 58, 40
L 1111.6542, -1506.6748, 0.0000, 1159.5410, -1506.6748, 0.0000, 56, 58, 40
L 1190.6675, -1564.1391, 0.0000, 1212.2165, -1444.4219, 0.0000, 56, 58, 40
L 1212.2165, -1444.4219, 0.0000, 1233.7656, -1518.6465, 0.0000, 56, 58, 40
L 1233.7656, -1518.6465, 0.0000, 1255.3147, -1444.4219, 0.0000, 56, 58, 40
L 1255.3147, -1444.4219, 0.0000, 1276.8638, -1564.1391, 0.0000, 56, 58, 40
L 1355.8771, -1564.1391, 0.0000, 1296.0185, -1564.1391, 0.0000, 56, 58, 40
L 1296.0185, -1564.1391, 0.0000, 1296.0185, -1444.4219, 0.0000, 56, 58, 40
L 1296.0185, -1444.4219, 0.0000, 1355.8771, -1444.4219, 0.0000, 56, 58, 40
L 1296.0185, -1506.6748, 0.0000, 1343.9054, -1506.6748, 0.0000, 56, 58, 40
L 1375.0318, -1444.4219, 0.0000, 1375.0318, -1564.1391, 0.0000, 56, 58, 40
L 1375.0318, -1564.1391, 0.0000, 1422.9187, -1564.1391, 0.0000, 56, 58, 40
L 1422.9187, -1564.1391, 0.0000, 1437.2847, -1549.7730, 0.0000, 56, 58, 40
L 1437.2847, -1549.7730, 0.0000, 1437.2847, -1516.2522, 0.0000, 56, 58, 40
L 1437.2847, -1516.2522, 0.0000, 1422.9187, -1501.8862, 0.0000, 56, 58, 40
L 1422.9187, -1501.8862, 0.0000, 1375.0318, -1501.8862, 0.0000, 56, 58, 40
L 1398.9752, -1501.8862, 0.0000, 1437.2847, -1444.4219, 0.0000, 56, 58, 40
L 1518.6924, -1547.3787, 0.0000, 1501.9320, -1564.1391, 0.0000, 56, 58, 40
L 1501.9320, -1564.1391, 0.0000, 1473.1998, -1564.1391, 0.0000, 56, 58, 40
L 1473.1998, -1564.1391, 0.0000, 1456.4395, -1547.3787, 0.0000, 56, 58, 40
L 1456.4395, -1547.3787, 0.0000, 1456.4395, -1521.0409, 0.0000, 56, 58, 40
L 1456.4395, -1521.0409, 0.0000, 1473.1998, -1506.6748, 0.0000, 56, 58, 40
L 1473.1998, -1506.6748, 0.0000, 1501.9320, -1506.6748, 0.0000, 56, 58, 40
L 1501.9320, -1506.6748, 0.0000, 1518.6924, -1492.3088, 0.0000, 56, 58, 40
L 1518.6924, -1492.3088, 0.0000, 1518.6924, -1461.1823, 0.0000, 56, 58, 40
L 1518.6924, -1461.1823, 0.0000, 1501.9320, -1444.4219, 0.0000, 56, 58, 40
L 1501.9320, -1444.4219, 0.0000, 1473.1998, -1444.4219, 0.0000, 56, 58, 40
L 1473.1998, -1444.4219, 0.0000, 1456.4395, -1461.1823, 0.0000, 56, 58, 40
L 361.9856, -1569.1672, 0.0000, 302.1270, -1569.1672, 0.0000, 56, 58, 40
L 302.1270, -1569.1672, 0.0000, 302.1270, -1449.4501, 0.0000, 56, 58, 40
L 302.1270, -1511.7030, 0.0000, 347.6195, -1511.7030, 0.0000, 56, 58, 40
L 381.1403, -1449.4501, 0.0000, 381.1403, -1569.1672, 0.0000, 56, 58, 40
L 381.1403, -1569.1672, 0.0000, 429.0272, -1569.1672, 0.0000, 56, 58, 40
L 429.0272, -1569.1672, 0.0000, 443.3932, -1554.8011, 0.0000, 56, 58, 40
L 443.3932, -1554.8011, 0.0000, 443.3932, -1521.2803, 0.0000, 56, 58, 40
L 443.3932, -1521.2803, 0.0000, 429.0272, -1506.9143, 0.0000, 56, 58, 40
L 429.0272, -1506.9143, 0.0000, 381.1403, -1506.9143, 0.0000, 56, 58, 40
L 405.0838, -1506.9143, 0.0000, 443.3932, -1449.4501, 0.0000, 56, 58, 40
L 522.4065, -1569.1672, 0.0000, 462.5480, -1569.1672, 0.0000, 56, 58, 40
L 462.5480, -1569.1672, 0.0000, 462.5480, -1449.4501, 0.0000, 56, 58, 40
L 462.5480, -1449.4501, 0.0000, 522.4065, -1449.4501, 0.0000, 56, 58, 40
L 462.5480, -1511.7030, 0.0000, 510.4348, -1511.7030, 0.0000, 56, 58, 40
L 601.4198, -1569.1672, 0.0000, 541.5613, -1569.1672, 0.0000, 56, 58, 40
L 541.5613, -1569.1672, 0.0000, 541.5613, -1449.4501, 0.0000, 56, 58, 40
L 541.5613, -1449.4501, 0.0000, 601.4198, -1449.4501, 0.0000, 56, 58, 40
L 541.5613, -1511.7030, 0.0000, 589.4481, -1511.7030, 0.0000, 56, 58, 40
L 620.5746, -1449.4501, 0.0000, 620.5746, -1569.1672, 0.0000, 56, 58, 40
L 620.5746, -1569.1672, 0.0000, 668.4614, -1569.1672, 0.0000, 56, 58, 40
L 668.4614, -1569.1672, 0.0000, 682.8275, -1554.8011, 0.0000, 56, 58, 40
L 682.8275, -1554.8011, 0.0000, 682.8275, -1521.2803, 0.0000, 56, 58, 40
L 682.8275, -1521.2803, 0.0000, 668.4614, -1506.9143, 0.0000, 56, 58, 40
L 668.4614, -1506.9143, 0.0000, 620.5746, -1506.9143, 0.0000, 56, 58, 40
L 721.1369, -1569.1672, 0.0000, 749.8690, -1569.1672, 0.0000, 56, 58, 40
L 749.8690, -1569.1672, 0.0000, 769.0238, -1550.0124, 0.0000, 56, 58, 40
L 769.0238, -1550.0124, 0.0000, 769.0238, -1468.6048, 0.0000, 56, 58, 40
L 769.0238, -1468.6048, 0.0000, 749.8690, -1449.4501, 0.0000, 56, 58, 40
L 749.8690, -1449.4501, 0.0000, 721.1369, -1449.4501, 0.0000, 56, 58, 40
L 721.1369, -1449.4501, 0.0000, 701.9822, -1468.6048, 0.0000, 56, 58, 40
L 701.9822, -1468.6048, 0.0000, 701.9822, -1550.0124, 0.0000, 56, 58, 40
L 701.9822, -1550.0124, 0.0000, 721.1369, -1569.1672, 0.0000, 56, 58, 40
L 788.1785, -1449.4501, 0.0000, 788.1785, -1569.1672, 0.0000, 56, 58, 40
L 788.1785, -1569.1672, 0.0000, 836.0654, -1569.1672, 0.0000, 56, 58, 40
L 836.0654, -1569.1672, 0.0000, 850.4314, -1554.8011, 0.0000, 56, 58, 40
L 850.4314, -1554.8011, 0.0000, 850.4314, -1521.2803, 0.0000, 56, 58, 40
L 850.4314, -1521.2803, 0.0000, 836.0654, -1506.9143, 0.0000, 56, 58, 40
L 836.0654, -1506.9143, 0.0000, 788.1785, -1506.9143, 0.0000, 56, 58, 40
L 812.1219, -1506.9143, 0.0000, 850.4314, -1449.4501, 0.0000, 56, 58, 40
L 869.5862, -1569.1672, 0.0000, 936.6277, -1569.1672, 0.0000, 56, 58, 40
L 903.1070, -1569.1672, 0.0000, 903.1070, -1449.4501, 0.0000, 56, 58, 40
L 1087.4713, -1552.4068, 0.0000, 1070.7109, -1569.1672, 0.0000, 56, 58, 40
L 1070.7109, -1569.1672, 0.0000, 1041.9788, -1569.1672, 0.0000, 56, 58, 40
L 1041.9788, -1569.1672, 0.0000, 1025.2184, -1552.4068, 0.0000, 56, 58, 40
L 1025.2184, -1552.4068, 0.0000, 1025.2184, -1526.0690, 0.0000, 56, 58, 40
L 1025.2184, -1526.0690, 0.0000, 1041.9788, -1511.7030, 0.0000, 56, 58, 40
L 1041.9788, -1511.7030, 0.0000, 1070.7109, -1511.7030, 0.0000, 56, 58, 40
L 1070.7109, -1511.7030, 0.0000, 1087.4713, -1497.3369, 0.0000, 56, 58, 40
L 1087.4713, -1497.3369, 0.0000, 1087.4713, -1466.2105, 0.0000, 56, 58, 40
L 1087.4713, -1466.2105, 0.0000, 1070.7109, -1449.4501, 0.0000, 56, 58, 40
L 1070.7109, -1449.4501, 0.0000, 1041.9788, -1449.4501, 0.0000, 56, 58, 40
L 1041.9788, -1449.4501, 0.0000, 1025.2184, -1466.2105, 0.0000, 56, 58, 40
L 1166.4846, -1569.1672, 0.0000, 1106.6260, -1569.1672, 0.0000, 56, 58, 40
L 1106.6260, -1569.1672, 0.0000, 1106.6260, -1449.4501, 0.0000, 56, 58, 40
L 1106.6260, -1449.4501, 0.0000, 1166.4846, -1449.4501, 0.0000, 56, 58, 40
L 1106.6260, -1511.7030, 0.0000, 1154.5129, -1511.7030, 0.0000, 56, 58, 40
L 1185.6393, -1569.1672, 0.0000, 1207.1884, -1449.4501, 0.0000, 56, 58, 40
L 1207.1884, -1449.4501, 0.0000, 1228.7375, -1523.6747, 0.0000, 56, 58, 40
L 1228.7375, -1523.6747, 0.0000, 1250.2866, -1449.4501, 0.0000, 56, 58, 40
L 1250.2866, -1449.4501, 0.0000, 1271.8357, -1569.1672, 0.0000, 56, 58, 40
L 1350.8490, -1569.1672, 0.0000, 1290.9904, -1569.1672, 0.0000, 56, 58, 40
L 1290.9904, -1569.1672, 0.0000, 1290.9904, -1449.4501, 0.0000, 56, 58, 40
L 1290.9904, -1449.4501, 0.0000, 1350.8490, -1449.4501, 0.0000, 56, 58, 40
L 1290.9904, -1511.7030, 0.0000, 1338.8772, -1511.7030, 0.0000, 56, 58, 40
L 1370.0037, -1449.4501, 0.0000, 1370.0037, -1569.1672, 0.0000, 56, 58, 40
L 1370.0037, -1569.1672, 0.0000, 1417.8905, -1569.1672, 0.0000, 56, 58, 40
L 1417.8905, -1569.1672, 0.0000, 1432.2566, -1554.8011, 0.0000, 56, 58, 40
L 1432.2566, -1554.8011, 0.0000, 1432.2566, -1521.2803, 0.0000, 56, 58, 40
L 1432.2566, -1521.2803, 0.0000, 1417.8905, -1506.9143, 0.0000, 56, 58, 40
L 1417.8905, -1506.9143, 0.0000, 1370.0037, -1506.9143, 0.0000, 56, 58, 40
L 1393.9471, -1506.9143, 0.0000, 1432.2566, -1449.4501, 0.0000, 56, 58, 40
L 1513.6642, -1552.4068, 0.0000, 1496.9038, -1569.1672, 0.0000, 56, 58, 40
L 1496.9038, -1569.1672, 0.0000, 1468.1717, -1569.1672, 0.0000, 56, 58, 40
L 1468.1717, -1569.1672, 0.0000, 1451.4113, -1552.4068, 0.0000, 56, 58, 40
L 1451.4113, -1552.4068, 0.0000, 1451.4113, -1526.0690, 0.0000, 56, 58, 40
L 1451.4113, -1526.0690, 0.0000, 1468.1717, -1511.7030, 0.0000, 56, 58, 40
L 1468.1717, -1511.7030, 0.0000, 1496.9038, -1511.7030, 0.0000, 56, 58, 40
L 1496.9038, -1511.7030, 0.0000, 1513.6642, -1497.3369, 0.0000, 56, 58, 40
L 1513.6642, -1497.3369, 0.0000, 1513.6642, -1466.2105, 0.0000, 56, 58, 40
L 1513.6642, -1466.2105, 0.0000, 1496.9038, -1449.4501, 0.0000, 56, 58, 40
L 1496.9038, -1449.4501, 0.0000, 1468.1717, -1449.4501, 0.0000, 56, 58, 40
L 1468.1717, -1449.4501, 0.0000, 1451.4113, -1466.2105, 0.0000, 56, 58, 40
L 356.9575, -1574.1953, 0.0000, 367.0137, -1564.1391, 0.0000, 56, 58, 40
L 297.0989, -1574.1953, 0.0000, 307.1552, -1564.1391, 0.0000, 56, 58, 40
L 297.0989, -1454.4782, 0.0000, 307.1552, -1444.4219, 0.0000, 56, 58, 40
L 297.0989, -1516.7311, 0.0000, 307.1552, -1506.6748, 0.0000, 56, 58, 40
L 342.5914, -1516.7311, 0.0000, 352.6477, -1506.6748, 0.0000, 56, 58, 40
L 376.1122, -1454.4782, 0.0000, 386.1685, -1444.4219, 0.0000, 56, 58, 40
L 376.1122, -1574.1953, 0.0000, 386.1685, -1564.1391, 0.0000, 56, 58, 40
L 423.9991, -1574.1953, 0.0000, 434.0553, -1564.1391, 0.0000, 56, 58, 40
L 438.3651, -1559.8292, 0.0000, 448.4214, -1549.7730, 0.0000, 56, 58, 40
L 438.3651, -1526.3084, 0.0000, 448.4214, -1516.2522, 0.0000, 56, 58, 40
L 423.9991, -1511.9424, 0.0000, 434.0553, -1501.8862, 0.0000, 56, 58, 40
L 376.1122, -1511.9424, 0.0000, 386.1685, -1501.8862, 0.0000, 56, 58, 40
L 400.0556, -1511.9424, 0.0000, 410.1119, -1501.8862, 0.0000, 56, 58, 40
L 438.3651, -1454.4782, 0.0000, 448.4214, -1444.4219, 0.0000, 56, 58, 40
L 517.3784, -1574.1953, 0.0000, 527.4346, -1564.1391, 0.0000, 56, 58, 40
L 457.5199, -1574.1953, 0.0000, 467.5761, -1564.1391, 0.0000, 56, 58, 40
L 457.5199, -1454.4782, 0.0000, 467.5761, -1444.4219, 0.0000, 56, 58, 40
L 517.3784, -1454.4782, 0.0000, 527.4346, -1444.4219, 0.0000, 56, 58, 40
L 457.5199, -1516.7311, 0.0000, 467.5761, -1506.6748, 0.0000, 56, 58, 40
L 505.4067, -1516.7311, 0.0000, 515.4629, -1506.6748, 0.0000, 56, 58, 40
L 596.3917, -1574.1953, 0.0000, 606.4479, -1564.1391, 0.0000, 56, 58, 40
L 536.5331, -1574.1953, 0.0000, 546.5894, -1564.1391, 0.0000, 56, 58, 40
L 536.5331, -1454.4782, 0.0000, 546.5894, -1444.4219, 0.0000, 56, 58, 40
L 596.3917, -1454.4782, 0.0000, 606.4479, -1444.4219, 0.0000, 56, 58, 40
L 536.5331, -1516.7311, 0.0000, 546.5894, -1506.6748, 0.0000, 56, 58, 40
L 584.4200, -1516.7311, 0.0000, 594.4762, -1506.6748, 0.0000, 56, 58, 40
L 615.5464, -1454.4782, 0.0000, 625.6027, -1444.4219, 0.0000, 56, 58, 40
L 615.5464, -1574.1953, 0.0000, 625.6027, -1564.1391, 0.0000, 56, 58, 40
L 663.4333, -1574.1953, 0.0000, 673.4895, -1564.1391, 0.0000, 56, 58, 40
L 677.7993, -1559.8292, 0.0000, 687.8556, -1549.7730, 0.0000, 56, 58, 40
L 677.7993, -1526.3084, 0.0000, 687.8556, -1516.2522, 0.0000, 56, 58, 40
L 663.4333, -1511.9424, 0.0000, 673.4895, -1501.8862, 0.0000, 56, 58, 40
L 615.5464, -1511.9424, 0.0000, 625.6027, -1501.8862, 0.0000, 56, 58, 40
L 716.1088, -1574.1953, 0.0000, 726.1651, -1564.1391, 0.0000, 56, 58, 40
L 744.8409, -1574.1953, 0.0000, 754.8972, -1564.1391, 0.0000, 56, 58, 40
L 763.9957, -1555.0406, 0.0000, 774.0519, -1544.9843, 0.0000, 56, 58, 40
L 763.9957, -1473.6329, 0.0000, 774.0519, -1463.5767, 0.0000, 56, 58, 40
L 744.8409, -1454.4782, 0.0000, 754.8972, -1444.4219, 0.0000, 56, 58, 40
L 716.1088, -1454.4782, 0.0000, 726.1651, -1444.4219, 0.0000, 56, 58, 40
L 696.9541, -1473.6329, 0.0000, 707.0103, -1463.5767, 0.0000, 56, 58, 40
L 696.9541, -1555.0406, 0.0000, 707.0103, -1544.9843, 0.0000, 56, 58, 40
L 783.1504, -1454.4782, 0.0000, 793.2066, -1444.4219, 0.0000, 56, 58, 40
L 783.1504, -1574.1953, 0.0000, 793.2066, -1564.1391, 0.0000, 56, 58, 40
L 831.0372, -1574.1953, 0.0000, 841.0935, -1564.1391, 0.0000, 56, 58, 40
L 845.4033, -1559.8292, 0.0000, 855.4595, -1549.7730, 0.0000, 56, 58, 40
L 845.4033, -1526.3084, 0.0000, 855.4595, -1516.2522, 0.0000, 56, 58, 40
L 831.0372, -1511.9424, 0.0000, 841.0935, -1501.8862, 0.0000, 56, 58, 40
L 783.1504, -1511.9424, 0.0000, 793.2066, -1501.8862, 0.0000, 56, 58, 40
L 807.0938, -1511.9424, 0.0000, 817.1501, -1501.8862, 0.0000, 56, 58, 40
L 845.4033, -1454.4782, 0.0000, 855.4595, -1444.4219, 0.0000, 56, 58, 40
L 864.5580, -1574.1953, 0.0000, 874.6143, -1564.1391, 0.0000, 56, 58, 40
L 931.5996, -1574.1953, 0.0000, 941.6559, -1564.1391, 0.0000, 56, 58, 40
L 898.0788, -1574.1953, 0.0000, 908.1351, -1564.1391, 0.0000, 56, 58, 40
L 898.0788, -1454.4782, 0.0000, 908.1351, -1444.4219, 0.0000, 56, 58, 40
L 1082.4432, -1557.4349, 0.0000, 1092.4994, -1547.3787, 0.0000, 56, 58, 40
L 1065.6828, -1574.1953, 0.0000, 1075.7390, -1564.1391, 0.0000, 56, 58, 40
L 1036.9507, -1574.1953, 0.0000, 1047.0069, -1564.1391, 0.0000, 56, 58, 40
L 1020.1903, -1557.4349, 0.0000, 1030.2465, -1547.3787, 0.0000, 56, 58, 40
L 1020.1903, -1531.0971, 0.0000, 1030.2465, -1521.0409, 0.0000, 56, 58, 40
L 1036.9507, -1516.7311, 0.0000, 1047.0069, -1506.6748, 0.0000, 56, 58, 40
L 1065.6828, -1516.7311, 0.0000, 1075.7390, -1506.6748, 0.0000, 56, 58, 40
L 1082.4432, -1502.3650, 0.0000, 1092.4994, -1492.3088, 0.0000, 56, 58, 40
L 1082.4432, -1471.2386, 0.0000, 1092.4994, -1461.1823, 0.0000, 56, 58, 40
L 1065.6828, -1454.4782, 0.0000, 1075.7390, -1444.4219, 0.0000, 56, 58, 40
L 1036.9507, -1454.4782, 0.0000, 1047.0069, -1444.4219, 0.0000, 56, 58, 40
L 1020.1903, -1471.2386, 0.0000, 1030.2465, -1461.1823, 0.0000, 56, 58, 40
L 1161.4565, -1574.1953, 0.0000, 1171.5127, -1564.1391, 0.0000, 56, 58, 40
L 1101.5979, -1574.1953, 0.0000, 1111.6542, -1564.1391, 0.0000, 56, 58, 40
L 1101.5979, -1454.4782, 0.0000, 1111.6542, -1444.4219, 0.0000, 56, 58, 40
L 1161.4565, -1454.4782, 0.0000, 1171.5127, -1444.4219, 0.0000, 56, 58, 40
L 1101.5979, -1516.7311, 0.0000, 1111.6542, -1506.6748, 0.0000, 56, 58, 40
L 1149.4848, -1516.7311, 0.0000, 1159.5410, -1506.6748, 0.0000, 56, 58, 40
L 1180.6112, -1574.1953, 0.0000, 1190.6675, -1564.1391, 0.0000, 56, 58, 40
L 1202.1603, -1454.4782, 0.0000, 1212.2165, -1444.4219, 0.0000, 56, 58, 40
L 1223.7094, -1528.7028, 0.0000, 1233.7656, -1518.6465, 0.0000, 56, 58, 40
L 1245.2585, -1454.4782, 0.0000, 1255.3147, -1444.4219, 0.0000, 56, 58, 40
L 1266.8075, -1574.1953, 0.0000, 1276.8638, -1564.1391, 0.0000, 56, 58, 40
L 1345.8208, -1574.1953, 0.0000, 1355.8771, -1564.1391, 0.0000, 56, 58, 40
L 1285.9623, -1574.1953, 0.0000, 1296.0185, -1564.1391, 0.0000, 56, 58, 40
L 1285.9623, -1454.4782, 0.0000, 1296.0185, -1444.4219, 0.0000, 56, 58, 40
L 1345.8208, -1454.4782, 0.0000, 1355.8771, -1444.4219, 0.0000, 56, 58, 40
L 1285.9623, -1516.7311, 0.0000, 1296.0185, -1506.6748, 0.0000, 56, 58, 40
L 1333.8491, -1516.7311, 0.0000, 1343.9054, -1506.6748, 0.0000, 56, 58, 40
L 1364.9756, -1454.4782, 0.0000, 1375.0318, -1444.4219, 0.0000, 56, 58, 40
L 1364.9756, -1574.1953, 0.0000, 1375.0318, -1564.1391, 0.0000, 56, 58, 40
L 1412.8624, -1574.1953, 0.0000, 1422.9187, -1564.1391, 0.0000, 56, 58, 40
L 1427.2285, -1559.8292, 0.0000, 1437.2847, -1549.7730, 0.0000, 56, 58, 40
L 1427.2285, -1526.3084, 0.0000, 1437.2847, -1516.2522, 0.0000, 56, 58, 40
L 1412.8624, -1511.9424, 0.0000, 1422.9187, -1501.8862, 0.0000, 56, 58, 40
L 1364.9756, -1511.9424, 0.0000, 1375.0318, -1501.8862, 0.0000, 56, 58, 40
L 1388.9190, -1511.9424, 0.0000, 1398.9752, -1501.8862, 0.0000, 56, 58, 40
L 1427.2285, -1454.4782, 0.0000, 1437.2847, -1444.4219, 0.0000, 56, 58, 40
L 1508.6361, -1557.4349, 0.0000, 1518.6924, -1547.3787, 0.0000, 56, 58, 40
L 1491.8757, -1574.1953, 0.0000, 1501.9320, -1564.1391, 0.0000, 56, 58, 40
L 1463.1436, -1574.1953, 0.0000, 1473.1998, -1564.1391, 0.0000, 56, 58, 40
L 1446.3832, -1557.4349, 0.0000, 1456.4395, -1547.3787, 0.0000, 56, 58, 40
L 1446.3832, -1531.0971, 0.0000, 1456.4395, -1521.0409, 0.0000, 56, 58, 40
L 1463.1436, -1516.7311, 0.0000, 1473.1998, -1506.6748, 0.0000, 56, 58, 40
L 1491.8757, -1516.7311, 0.0000, 1501.9320, -1506.6748, 0.0000, 56, 58, 40
L 1508.6361, -1502.3650, 0.0000, 1518.6924, -1492.3088, 0.0000, 56, 58, 40
L 1508.6361, -1471.2386, 0.0000, 1518.6924, -1461.1823, 0.0000, 56, 58, 40
L 1491.8757, -1454.4782, 0.0000, 1501.9320, -1444.4219, 0.0000, 56, 58, 40
L 1463.1436, -1454.4782, 0.0000, 1473.1998, -1444.4219, 0.0000, 56, 58, 40
L 1446.3832, -1471.2386, 0.0000, 1456.4395, -1461.1823, 0.0000, 56, 58, 40
L 356.9575, -1576.1108, 0.0000, 297.0989, -1576.1108, 0.0000, 122, 128, 74
L 356.9575, -1572.2798, 0.0000, 297.0989, -1572.2798, 0.0000, 122, 128, 74
L 295.1834, -1574.1953, 0.0000, 295.1834, -1454.4782, 0.0000, 122, 128, 74
L 299.0144, -1574.1953, 0.0000, 299.0144, -1454.4782, 0.0000, 122, 128, 74
L 297.0989, -1514.8156, 0.0000, 342.5914, -1514.8156, 0.0000, 122, 128, 74
L 297.0989, -1518.6465, 0.0000, 342.5914, -1518.6465, 0.0000, 122, 128, 74
L 378.0277, -1454.4782, 0.0000, 378.0277, -1574.1953, 0.0000, 122, 128, 74
L 374.1967, -1454.4782, 0.0000, 374.1967, -1574.1953, 0.0000, 122, 128, 74
L 376.1122, -1572.2798, 0.0000, 423.9991, -1572.2798, 0.0000, 122, 128, 74
L 376.1122, -1576.1108, 0.0000, 423.9991, -1576.1108, 0.0000, 122, 128, 74
L 422.6446, -1572.8408, 0.0000, 437.0107, -1558.4748, 0.0000, 122, 128, 74
L 425.3535, -1575.5497, 0.0000, 439.7196, -1561.1837, 0.0000, 122, 128, 74
L 436.4496, -1559.8292, 0.0000, 436.4496, -1526.3084, 0.0000, 122, 128, 74
L 440.2806, -1559.8292, 0.0000, 440.2806, -1526.3084, 0.0000, 122, 128, 74
L 437.0107, -1527.6629, 0.0000, 422.6446, -1513.2968, 0.0000, 122, 128, 74
L 439.7196, -1524.9540, 0.0000, 425.3535, -1510.5879, 0.0000, 122, 128, 74
L 423.9991, -1513.8579, 0.0000, 376.1122, -1513.8579, 0.0000, 122, 128, 74
L 423.9991, -1510.0269, 0.0000, 376.1122, -1510.0269, 0.0000, 122, 128, 74
L 398.4619, -1510.8799, 0.0000, 436.7713, -1453.4157, 0.0000, 122, 128, 74
L 401.6494, -1513.0049, 0.0000, 439.9589, -1455.5407, 0.0000, 122, 128, 74
L 517.3784, -1576.1108, 0.0000, 457.5199, -1576.1108, 0.0000, 122, 128, 74
L 517.3784, -1572.2798, 0.0000, 457.5199, -1572.2798, 0.0000, 122, 128, 74
L 455.6044, -1574.1953, 0.0000, 455.6044, -1454.4782, 0.0000, 122, 128, 74
L 459.4353, -1574.1953, 0.0000, 459.4353, -1454.4782, 0.0000, 122, 128, 74
L 457.5199, -1452.5627, 0.0000, 517.3784, -1452.5627, 0.0000, 122, 128, 74
L 457.5199, -1456.3936, 0.0000, 517.3784, -1456.3936, 0.0000, 122, 128, 74
L 457.5199, -1514.8156, 0.0000, 505.4067, -1514.8156, 0.0000, 122, 128, 74
L 457.5199, -1518.6465, 0.0000, 505.4067, -1518.6465, 0.0000, 122, 128, 74
L 596.3917, -1576.1108, 0.0000, 536.5331, -1576.1108, 0.0000, 122, 128, 74
L 596.3917, -1572.2798, 0.0000, 536.5331, -1572.2798, 0.0000, 122, 128, 74
L 534.6177, -1574.1953, 0.0000, 534.6177, -1454.4782, 0.0000, 122, 128, 74
L 538.4486, -1574.1953, 0.0000, 538.4486, -1454.4782, 0.0000, 122, 128, 74
L 536.5331, -1452.5627, 0.0000, 596.3917, -1452.5627, 0.0000, 122, 128, 74
L 536.5331, -1456.3936, 0.0000, 596.3917, -1456.3936, 0.0000, 122, 128, 74
L 536.5331, -1514.8156, 0.0000, 584.4200, -1514.8156, 0.0000, 122, 128, 74
L 536.5331, -1518.6465, 0.0000, 584.4200, -1518.6465, 0.0000, 122, 128, 74
L 617.4619, -1454.4782, 0.0000, 617.4619, -1574.1953, 0.0000, 122, 128, 74
L 613.6310, -1454.4782, 0.0000, 613.6310, -1574.1953, 0.0000, 122, 128, 74
L 615.5464, -1572.2798, 0.0000, 663.4333, -1572.2798, 0.0000, 122, 128, 74
L 615.5464, -1576.1108, 0.0000, 663.4333, -1576.1108, 0.0000, 122, 128, 74
L 662.0788, -1572.8408, 0.0000, 676.4449, -1558.4748, 0.0000, 122, 128, 74
L 664.7877, -1575.5497, 0.0000, 679.1538, -1561.1837, 0.0000, 122, 128, 74
L 675.8839, -1559.8292, 0.0000, 675.8839, -1526.3084, 0.0000, 122, 128, 74
L 679.7148, -1559.8292, 0.0000, 679.7148, -1526.3084, 0.0000, 122, 128, 74
L 676.4449, -1527.6629, 0.0000, 662.0788, -1513.2968, 0.0000, 122, 128, 74
L 679.1538, -1524.9540, 0.0000, 664.7877, -1510.5879, 0.0000, 122, 128, 74
L 663.4333, -1513.8579, 0.0000, 615.5464, -1513.8579, 0.0000, 122, 128, 74
L 663.4333, -1510.0269, 0.0000, 615.5464, -1510.0269, 0.0000, 122, 128, 74
L 716.1088, -1572.2798, 0.0000, 744.8409, -1572.2798, 0.0000, 122, 128, 74
L 716.1088, -1576.1108, 0.0000, 744.8409, -1576.1108, 0.0000, 122, 128, 74
L 743.4865, -1572.8408, 0.0000, 762.6412, -1553.6861, 0.0000, 122, 128, 74
L 746.1954, -1575.5497, 0.0000, 765.3501, -1556.3950, 0.0000, 122, 128, 74
L 762.0802, -1555.0406, 0.0000, 762.0802, -1473.6329, 0.0000, 122, 128, 74
L 765.9111, -1555.0406, 0.0000, 765.9111, -1473.6329, 0.0000, 122, 128, 74
L 762.6412, -1474.9874, 0.0000, 743.4865, -1455.8326, 0.0000, 122, 128, 74
L 765.3501, -1472.2785, 0.0000, 746.1954, -1453.1237, 0.0000, 122, 128, 74
L 744.8409, -1456.3936, 0.0000, 716.1088, -1456.3936, 0.0000, 122, 128, 74
L 744.8409, -1452.5627, 0.0000, 716.1088, -1452.5627, 0.0000, 122, 128, 74
L 717.4633, -1455.8326, 0.0000, 698.3085, -1474.9874, 0.0000, 122, 128, 74
L 714.7544, -1453.1237, 0.0000, 695.5996, -1472.2785, 0.0000, 122, 128, 74
L 698.8696, -1473.6329, 0.0000, 698.8696, -1555.0406, 0.0000, 122, 128, 74
L 695.0386, -1473.6329, 0.0000, 695.0386, -1555.0406, 0.0000, 122, 128, 74
L 698.3085, -1553.6861, 0.0000, 717.4633, -1572.8408, 0.0000, 122, 128, 74
L 695.5996, -1556.3950, 0.0000, 714.7544, -1575.5497, 0.0000, 122, 128, 74
L 785.0659, -1454.4782, 0.0000, 785.0659, -1574.1953, 0.0000, 122, 128, 74
L 781.2349, -1454.4782, 0.0000, 781.2349, -1574.1953, 0.0000, 122, 128, 74
L 783.1504, -1572.2798, 0.0000, 831.0372, -1572.2798, 0.0000, 122, 128, 74
L 783.1504, -1576.1108, 0.0000, 831.0372, -1576.1108, 0.0000, 122, 128, 74
L 829.6828, -1572.8408, 0.0000, 844.0489, -1558.4748, 0.0000, 122, 128, 74
L 832.3917, -1575.5497, 0.0000, 846.7577, -1561.1837, 0.0000, 122, 128, 74
L 843.4878, -1559.8292, 0.0000, 843.4878, -1526.3084, 0.0000, 122, 128, 74
L 847.3188, -1559.8292, 0.0000, 847.3188, -1526.3084, 0.0000, 122, 128, 74
L 844.0489, -1527.6629, 0.0000, 829.6828, -1513.2968, 0.0000, 122, 128, 74
L 846.7577, -1524.9540, 0.0000, 832.3917, -1510.5879, 0.0000, 122, 128, 74
L 831.0372, -1513.8579, 0.0000, 783.1504, -1513.8579, 0.0000, 122, 128, 74
L 831.0372, -1510.0269, 0.0000, 783.1504, -1510.0269, 0.0000, 122, 128, 74
L 805.5001, -1510.8799, 0.0000, 843.8095, -1453.4157, 0.0000, 122, 128, 74
L 808.6876, -1513.0049, 0.0000, 846.9971, -1455.5407, 0.0000, 122, 128, 74
L 864.5580, -1572.2798, 0.0000, 931.5996, -1572.2798, 0.0000, 122, 128, 74
L 864.5580, -1576.1108, 0.0000, 931.5996, -1576.1108, 0.0000, 122, 128, 74
L 896.1634, -1574.1953, 0.0000, 896.1634, -1454.4782, 0.0000, 122, 128, 74
L 899.9943, -1574.1953, 0.0000, 899.9943, -1454.4782, 0.0000, 122, 128, 74
L 1083.7976, -1558.7893, 0.0000, 1067.0372, -1575.5497, 0.0000, 122, 128, 74
L 1081.0887, -1556.0804, 0.0000, 1064.3283, -1572.8408, 0.0000, 122, 128, 74
L 1065.6828, -1576.1108, 0.0000, 1036.9507, -1576.1108, 0.0000, 122, 128, 74
L 1065.6828, -1572.2798, 0.0000, 1036.9507, -1572.2798, 0.0000, 122, 128, 74
L 1035.5962, -1575.5497, 0.0000, 1018.8358, -1558.7893, 0.0000, 122, 128, 74
L 1038.3051, -1572.8408, 0.0000, 1021.5447, -1556.0804, 0.0000, 122, 128, 74
L 1018.2748, -1557.4349, 0.0000, 1018.2748, -1531.0971, 0.0000, 122, 128, 74
L 1022.1058, -1557.4349, 0.0000, 1022.1058, -1531.0971, 0.0000, 122, 128, 74
L 1018.9437, -1529.6428, 0.0000, 1035.7041, -1515.2767, 0.0000, 122, 128, 74
L 1021.4369, -1532.5515, 0.0000, 1038.1973, -1518.1854, 0.0000, 122, 128, 74
L 1036.9507, -1514.8156, 0.0000, 1065.6828, -1514.8156, 0.0000, 122, 128, 74
L 1036.9507, -1518.6465, 0.0000, 1065.6828, -1518.6465, 0.0000, 122, 128, 74
L 1064.4362, -1515.2767, 0.0000, 1081.1966, -1500.9107, 0.0000, 122, 128, 74
L 1066.9294, -1518.1854, 0.0000, 1083.6898, -1503.8194, 0.0000, 122, 128, 74
L 1080.5277, -1502.3650, 0.0000, 1080.5277, -1471.2386, 0.0000, 122, 128, 74
L 1084.3587, -1502.3650, 0.0000, 1084.3587, -1471.2386, 0.0000, 122, 128, 74
L 1081.0887, -1472.5930, 0.0000, 1064.3283, -1455.8326, 0.0000, 122, 128, 74
L 1083.7976, -1469.8841, 0.0000, 1067.0372, -1453.1237, 0.0000, 122, 128, 74
L 1065.6828, -1456.3936, 0.0000, 1036.9507, -1456.3936, 0.0000, 122, 128, 74
L 1065.6828, -1452.5627, 0.0000, 1036.9507, -1452.5627, 0.0000, 122, 128, 74
L 1038.3051, -1455.8326, 0.0000, 1021.5447, -1472.5930, 0.0000, 122, 128, 74
L 1035.5962, -1453.1237, 0.0000, 1018.8358, -1469.8841, 0.0000, 122, 128, 74
L 1161.4565, -1576.1108, 0.0000, 1101.5979, -1576.1108, 0.0000, 122, 128, 74
L 1161.4565, -1572.2798, 0.0000, 1101.5979, -1572.2798, 0.0000, 122, 128, 74
L 1099.6825, -1574.1953, 0.0000, 1099.6825, -1454.4782, 0.0000, 122, 128, 74
L 1103.5134, -1574.1953, 0.0000, 1103.5134, -1454.4782, 0.0000, 122, 128, 74
L 1101.5979, -1452.5627, 0.0000, 1161.4565, -1452.5627, 0.0000, 122, 128, 74
L 1101.5979, -1456.3936, 0.0000, 1161.4565, -1456.3936, 0.0000, 122, 128, 74
L 1101.5979, -1514.8156, 0.0000, 1149.4848, -1514.8156, 0.0000, 122, 128, 74
L 1101.5979, -1518.6465, 0.0000, 1149.4848, -1518.6465, 0.0000, 122, 128, 74
L 1178.7260, -1573.8560, 0.0000, 1200.2751, -1454.1388, 0.0000, 122, 128, 74
L 1182.4964, -1574.5346, 0.0000, 1204.0455, -1454.8175, 0.0000, 122, 128, 74
L 1203.9998, -1453.9441, 0.0000, 1225.5489, -1528.1687, 0.0000, 122, 128, 74
L 1200.3208, -1455.0122, 0.0000, 1221.8699, -1529.2368, 0.0000, 122, 128, 74
L 1221.8699, -1528.1687, 0.0000, 1243.4189, -1453.9441, 0.0000, 122, 128, 74
L 1225.5489, -1529.2368, 0.0000, 1247.0980, -1455.0122, 0.0000, 122, 128, 74
L 1247.1436, -1454.1388, 0.0000, 1268.6927, -1573.8560, 0.0000, 122, 128, 74
L 1243.3733, -1454.8175, 0.0000, 1264.9224, -1574.5346, 0.0000, 122, 128, 74
L 1345.8208, -1576.1108, 0.0000, 1285.9623, -1576.1108, 0.0000, 122, 128, 74
L 1345.8208, -1572.2798, 0.0000, 1285.9623, -1572.2798, 0.0000, 122, 128, 74
L 1284.0468, -1574.1953, 0.0000, 1284.0468, -1454.4782, 0.0000, 122, 128, 74
L 1287.8778, -1574.1953, 0.0000, 1287.8778, -1454.4782, 0.0000, 122, 128, 74
L 1285.9623, -1452.5627, 0.0000, 1345.8208, -1452.5627, 0.0000, 122, 128, 74
L 1285.9623, -1456.3936, 0.0000, 1345.8208, -1456.3936, 0.0000, 122, 128, 74
L 1285.9623, -1514.8156, 0.0000, 1333.8491, -1514.8156, 0.0000, 122, 128, 74
L 1285.9623, -1518.6465, 0.0000, 1333.8491, -1518.6465, 0.0000, 122, 128, 74
L 1366.8911, -1454.4782, 0.0000, 1366.8911, -1574.1953, 0.0000, 122, 128, 74
L 1363.0601, -1454.4782, 0.0000, 1363.0601, -1574.1953, 0.0000, 122, 128, 74
L 1364.9756, -1572.2798, 0.0000, 1412.8624, -1572.2798, 0.0000, 122, 128, 74
L 1364.9756, -1576.1108, 0.0000, 1412.8624, -1576.1108, 0.0000, 122, 128, 74
L 1411.5080, -1572.8408, 0.0000, 1425.8740, -1558.4748, 0.0000, 122, 128, 74
L 1414.2169, -1575.5497, 0.0000, 1428.5829, -1561.1837, 0.0000, 122, 128, 74
L 1425.3130, -1559.8292, 0.0000, 1425.3130, -1526.3084, 0.0000, 122, 128, 74
L 1429.1440, -1559.8292, 0.0000, 1429.1440, -1526.3084, 0.0000, 122, 128, 74
L 1425.8740, -1527.6629, 0.0000, 1411.5080, -1513.2968, 0.0000, 122, 128, 74
L 1428.5829, -1524.9540, 0.0000, 1414.2169, -1510.5879, 0.0000, 122, 128, 74
L 1412.8624, -1513.8579, 0.0000, 1364.9756, -1513.8579, 0.0000, 122, 128, 74
L 1412.8624, -1510.0269, 0.0000, 1364.9756, -1510.0269, 0.0000, 122, 128, 74
L 1387.3252, -1510.8799, 0.0000, 1425.6347, -1453.4157, 0.0000, 122, 128, 74
L 1390.5128, -1513.0049, 0.0000, 1428.8222, -1455.5407, 0.0000, 122, 128, 74
L 1509.9906, -1558.7893, 0.0000, 1493.2302, -1575.5497, 0.0000, 122, 128, 74
L 1507.2817, -1556.0804, 0.0000, 1490.5213, -1572.8408, 0.0000, 122, 128, 74
L 1491.8757, -1576.1108, 0.0000, 1463.1436, -1576.1108, 0.0000, 122, 128, 74
L 1491.8757, -1572.2798, 0.0000, 1463.1436, -1572.2798, 0.0000, 122, 128, 74
L 1461.7892, -1575.5497, 0.0000, 1445.0288, -1558.7893, 0.0000, 122, 128, 74
L 1464.4981, -1572.8408, 0.0000, 1447.7377, -1556.0804, 0.0000, 122, 128, 74
L 1444.4677, -1557.4349, 0.0000, 1444.4677, -1531.0971, 0.0000, 122, 128, 74
L 1448.2987, -1557.4349, 0.0000, 1448.2987, -1531.0971, 0.0000, 122, 128, 74
L 1445.1366, -1529.6428, 0.0000, 1461.8970, -1515.2767, 0.0000, 122, 128, 74
L 1447.6298, -1532.5515, 0.0000, 1464.3902, -1518.1854, 0.0000, 122, 128, 74
L 1463.1436, -1514.8156, 0.0000, 1491.8757, -1514.8156, 0.0000, 122, 128, 74
L 1463.1436, -1518.6465, 0.0000, 1491.8757, -1518.6465, 0.0000, 122, 128, 74
L 1490.6291, -1515.2767, 0.0000, 1507.3895, -1500.9107, 0.0000, 122, 128, 74
L 1493.1223, -1518.1854, 0.0000, 1509.8827, -1503.8194, 0.0000, 122, 128, 74
L 1506.7206, -1502.3650, 0.0000, 1506.7206, -1471.2386, 0.0000, 122, 128, 74
L 1510.5516, -1502.3650, 0.0000, 1510.5516, -1471.2386, 0.0000, 122, 128, 74
L 1507.2817, -1472.5930, 0.0000, 1490.5213, -1455.8326, 0.0000, 122, 128, 74
L 1509.9906, -1469.8841, 0.0000, 1493.2302, -1453.1237, 0.0000, 122, 128, 74
L 1491.8757, -1456.3936, 0.0000, 1463.1436, -1456.3936, 0.0000, 122, 128, 74
L 1491.8757, -1452.5627, 0.0000, 1463.1436, -1452.5627, 0.0000, 122, 128, 74
L 1464.4981, -1455.8326, 0.0000, 1447.7377, -1472.5930, 0.0000, 122, 128, 74
L 1461.7892, -1453.1237, 0.0000, 1445.0288, -1469.8841, 0.0000, 122, 128, 74
L 356.9575, -1574.1953, 0.0000, 297.0989, -1574.1953, 0.0000, 122, 128, 74
L 297.0989, -1574.1953, 0.0000, 297.0989, -1454.4782, 0.0000, 122, 128, 74
L 297.0989, -1516.7311, 0.0000, 342.5914, -1516.7311, 0.0000, 122, 128, 74
L 376.1122, -1454.4782, 0.0000, 376.1122, -1574.1953, 0.0000, 122, 128, 74
L 376.1122, -1574.1953, 0.0000, 423.9991, -1574.1953, 0.0000, 122, 128, 74
L 423.9991, -1574.1953, 0.0000, 438.3651, -1559.8292, 0.0000, 122, 128, 74
L 438.3651, -1559.8292, 0.0000, 438.3651, -1526.3084, 0.0000, 122, 128, 74
L 438.3651, -1526.3084, 0.0000, 423.9991, -1511.9424, 0.0000, 122, 128, 74
L 423.9991, -1511.9424, 0.0000, 376.1122, -1511.9424, 0.0000, 122, 128, 74
L 400.0556, -1511.9424, 0.0000, 438.3651, -1454.4782, 0.0000, 122, 128, 74
L 517.3784, -1574.1953, 0.0000, 457.5199, -1574.1953, 0.0000, 122, 128, 74
L 457.5199, -1574.1953, 0.0000, 457.5199, -1454.4782, 0.0000, 122, 128, 74
L 457.5199, -1454.4782, 0.0000, 517.3784, -1454.4782, 0.0000, 122, 128, 74
L 457.5199, -1516.7311, 0.0000, 505.4067, -1516.7311, 0.0000, 122, 128, 74
L 596.3917, -1574.1953, 0.0000, 536.5331, -1574.1953, 0.0000, 122, 128, 74
L 536.5331, -1574.1953, 0.0000, 536.5331, -1454.4782, 0.0000, 122, 128, 74
L 536.5331, -1454.4782, 0.0000, 596.3917, -1454.4782, 0.0000, 122, 128, 74
L 536.5331, -1516.7311, 0.0000, 584.4200, -1516.7311, 0.0000, 122, 128, 74
L 615.5464, -1454.4782, 0.0000, 615.5464, -1574.1953, 0.0000, 122, 128, 74
L 615.5464, -1574.1953, 0.0000, 663.4333, -1574.1953, 0.0000, 122, 128, 74
L 663.4333, -1574.1953, 0.0000, 677.7993, -1559.8292, 0.0000, 122, 128, 74
L 677.7993, -1559.8292, 0.0000, 677.7993, -1526.3084, 0.0000, 122, 128, 74
L 677.7993, -1526.3084, 0.0000, 663.4333, -1511.9424, 0.0000, 122, 128, 74
L 663.4333, -1511.9424, 0.0000, 615.5464, -1511.9424, 0.0000, 122, 128, 74
L 716.1088, -1574.1953, 0.0000, 744.8409, -1574.1953, 0.0000, 122, 128, 74
L 744.8409, -1574.1953, 0.0000, 763.9957, -1555.0406, 0.0000, 122, 128, 74
L 763.9957, -1555.0406, 0.0000, 763.9957, -1473.6329, 0.0000, 122, 128, 74
L 763.9957, -1473.6329, 0.0000, 744.8409, -1454.4782, 0.0000, 122, 128, 74
L 744.8409, -1454.4782, 0.0000, 716.1088, -1454.4782, 0.0000, 122, 128, 74
L 716.1088, -1454.4782, 0.0000, 696.9541, -1473.6329, 0.0000, 122, 128, 74
L 696.9541, -1473.6329, 0.0000, 696.9541, -1555.0406, 0.0000, 122, 128, 74
L 696.9541, -1555.0406, 0.0000, 716.1088, -1574.1953, 0.0000, 122, 128, 74
L 783.1504, -1454.4782, 0.0000, 783.1504, -1574.1953, 0.0000, 122, 128, 74
L 783.1504, -1574.1953, 0.0000, 831.0372, -1574.1953, 0.0000, 122, 128, 74
L 831.0372, -1574.1953, 0.0000, 845.4033, -1559.8292, 0.0000, 122, 128, 74
L 845.4033, -1559.8292, 0.0000, 845.4033, -1526.3084, 0.0000, 122, 128, 74
L 845.4033, -1526.3084, 0.0000, 831.0372, -1511.9424, 0.0000, 122, 128, 74
L 831.0372, -1511.9424, 0.0000, 783.1504, -1511.9424, 0.0000, 122, 128, 74
L 807.0938, -1511.9424, 0.0000, 845.4033, -1454.4782, 0.0000, 122, 128, 74
L 864.5580, -1574.1953, 0.0000, 931.5996, -1574.1953, 0.0000, 122, 128, 74
L 898.0788, -1574.1953, 0.0000, 898.0788, -1454.4782, 0.0000, 122, 128, 74
L 1082.4432, -1557.4349, 0.0000, 1065.6828, -1574.1953, 0.0000, 122, 128, 74
L 1065.6828, -1574.1953, 0.0000, 1036.9507, -1574.1953, 0.0000, 122, 128, 74
L 1036.9507, -1574.1953, 0.0000, 1020.1903, -1557.4349, 0.0000, 122, 128, 74
L 1020.1903, -1557.4349, 0.0000, 1020.1903, -1531.0971, 0.0000, 122, 128, 74
L 1020.1903, -1531.0971, 0.0000, 1036.9507, -1516.7311, 0.0000, 122, 128, 74
L 1036.9507, -1516.7311, 0.0000, 1065.6828, -1516.7311, 0.0000, 122, 128, 74
L 1065.6828, -1516.7311, 0.0000, 1082.4432, -1502.3650, 0.0000, 122, 128, 74
L 1082.4432, -1502.3650, 0.0000, 1082.4432, -1471.2386, 0.0000, 122, 128, 74
L 1082.4432, -1471.2386, 0.0000, 1065.6828, -1454.4782, 0.0000, 122, 128, 74
L 1065.6828, -1454.4782, 0.0000, 1036.9507, -1454.4782, 0.0000, 122, 128, 74
L 1036.9507, -1454.4782, 0.0000, 1020.1903, -1471.2386, 0.0000, 122, 128, 74
L 1161.4565, -1574.1953, 0.0000, 1101.5979, -1574.1953, 0.0000, 122, 128, 74
L 1101.5979, -1574.1953, 0.0000, 1101.5979, -1454.4782, 0.0000, 122, 128, 74
L 1101.5979, -1454.4782, 0.0000, 1161.4565, -1454.4782, 0.0000, 122, 128, 74
L 1101.5979, -1516.7311, 0.0000, 1149.4848, -1516.7311, 0.0000, 122, 128, 74
L 1180.6112, -1574.1953, 0.0000, 1202.1603, -1454.4782, 0.0000, 122, 128, 74
L 1202.1603, -1454.4782, 0.0000, 1223.7094, -1528.7028, 0.0000, 122, 128, 74
L 1223.7094, -1528.7028, 0.0000, 1245.2585, -1454.4782, 0.0000, 122, 128, 74
L 1245.2585, -1454.4782, 0.0000, 1266.8075, -1574.1953, 0.0000, 122, 128, 74
L 1345.8208, -1574.1953, 0.0000, 1285.9623, -1574.1953, 0.0000, 122, 128, 74
L 1285.9623, -1574.1953, 0.0000, 1285.9623, -1454.4782, 0.0000, 122, 128, 74
L 1285.9623, -1454.4782, 0.0000, 1345.8208, -1454.4782, 0.0000, 122, 128, 74
L 1285.9623, -1516.7311, 0.0000, 1333.8491, -1516.7311, 0.0000, 122, 128, 74
L 1364.9756, -1454.4782, 0.0000, 1364.9756, -1574.1953, 0.0000, 122, 128, 74
L 1364.9756, -1574.1953, 0.0000, 1412.8624, -1574.1953, 0.0000, 122, 128, 74
L 1412.8624, -1574.1953, 0.0000, 1427.2285, -1559.8292, 0.0000, 122, 128, 74
L 1427.2285, -1559.8292, 0.0000, 1427.2285, -1526.3084, 0.0000, 122, 128, 74
L 1427.2285, -1526.3084, 0.0000, 1412.8624, -1511.9424, 0.0000, 122, 128, 74
L 1412.8624, -1511.9424, 0.0000, 1364.9756, -1511.9424, 0.0000, 122, 128, 74
L 1388.9190, -1511.9424, 0.0000, 1427.2285, -1454.4782, 0.0000, 122, 128, 74
L 1508.6361, -1557.4349, 0.0000, 1491.8757, -1574.1953, 0.0000, 122, 128, 74
L 1491.8757, -1574.1953, 0.0000, 1463.1436, -1574.1953, 0.0000, 122, 128, 74
L 1463.1436, -1574.1953, 0.0000, 1446.3832, -1557.4349, 0.0000, 122, 128, 74
L 1446.3832, -1557.4349, 0.0000, 1446.3832, -1531.0971, 0.0000, 122, 128, 74
L 1446.3832, -1531.0971, 0.0000, 1463.1436, -1516.7311, 0.0000, 122, 128, 74
L 1463.1436, -1516.7311, 0.0000, 1491.8757, -1516.7311, 0.0000, 122, 128, 74
L 1491.8757, -1516.7311, 0.0000, 1508.6361, -1502.3650, 0.0000, 122, 128, 74
L 1508.6361, -1502.3650, 0.0000, 1508.6361, -1471.2386, 0.0000, 122, 128, 74
L 1508.6361, -1471.2386, 0.0000, 1491.8757, -1454.4782, 0.0000, 122, 128, 74
L 1491.8757, -1454.4782, 0.0000, 1463.1436, -1454.4782, 0.0000, 122, 128, 74
L 1463.1436, -1454.4782, 0.0000, 1446.3832, -1471.2386, 0.0000, 122, 128, 74
L -385.4819, 523.3200, 0.0000, -351.0174, 536.9089, 0.0000, 112, 96, 78
L -351.0174, 536.9089, 0.0000, -316.5529, 523.3200, 0.0000, 112, 96, 78
L -316.5529, 523.3200, 0.0000, -282.0883, 533.5188, 0.0000, 112, 96, 78
L -282.0883, 533.5188, 0.0000, -247.6238, 523.3200, 0.0000, 112, 96, 78
L -247.6238, 523.3200, 0.0000, -213.1593, 531.2235, 0.0000, 112, 96, 78
L -213.1593, 531.2235, 0.0000, -178.6948, 523.3200, 0.0000, 112, 96, 78
L -178.6948, 523.3200, 0.0000, -144.2302, 539.3371, 0.0000, 112, 96, 78
L -144.2302, 539.3371, 0.0000, -109.7657, 523.3200, 0.0000, 112, 96, 78
L -109.7657, 523.3200, 0.0000, -75.3012, 540.5756, 0.0000, 112, 96, 78
L -75.3012, 540.5756, 0.0000, -40.8366, 523.3200, 0.0000, 112, 96, 78
L -40.8366, 523.3200, 0.0000, -6.3721, 533.1162, 0.0000, 112, 96, 78
L -6.3721, 533.1162, 0.0000, 28.0924, 523.3200, 0.0000, 112, 96, 78
L 28.0924, 523.3200, 0.0000, 62.5569, 536.8803, 0.0000, 112, 96, 78
L 62.5569, 536.8803, 0.0000, 97.0215, 523.3200, 0.0000, 112, 96, 78
L 97.0215, 523.3200, 0.0000, 131.4860, 542.1635, 0.0000, 112, 96, 78
L 131.4860, 542.1635, 0.0000, 165.9505, 523.3200, 0.0000, 112, 96, 78
L 165.9505, 523.3200, 0.0000, 200.4151, 531.0484, 0.0000, 112, 96, 78
L 200.4151, 531.0484, 0.0000, 234.8796, 523.3200, 0.0000, 112, 96, 78
L 234.8796, 523.3200, 0.0000, 269.3441, 532.1230, 0.0000, 112, 96, 78
L 269.3441, 532.1230, 0.0000, 303.8086, 523.3200, 0.0000, 112, 96, 78
L 303.8086, 523.3200, 0.0000, 338.2732, 528.2373, 0.0000, 112, 96, 78
L 338.2732, 528.2373, 0.0000, 372.7377, 523.3200, 0.0000, 112, 96, 78
L 372.7377, 523.3200, 0.0000, 407.2022, 535.9817, 0.0000, 112, 96, 78
L 407.2022, 535.9817, 0.0000, 441.6668, 523.3200, 0.0000, 112, 96, 78
L 441.6668, 523.3200, 0.0000, 476.1313, 536.2638, 0.0000, 112, 96, 78
L 476.1313, 536.2638, 0.0000, 510.5958, 523.3200, 0.0000, 112, 96, 78
L 510.5958, 523.3200, 0.0000, 545.0603, 534.0123, 0.0000, 112, 96, 78
L 545.0603, 534.0123, 0.0000, 579.5249, 523.3200, 0.0000, 112, 96, 78
L 579.5249, 523.3200, 0.0000, 613.9894, 534.4763, 0.0000, 112, 96, 78
L 613.9894, 534.4763, 0.0000, 648.4539, 523.3200, 0.0000, 112, 96, 78
L 648.4539, 523.3200, 0.0000, 682.9185, 540.2967, 0.0000, 112, 96, 78
L 682.9185, 540.2967, 0.0000, 717.3830, 523.3200, 0.0000, 112, 96, 78
L 717.3830, 523.3200, 0.0000, 751.8475, 529.4649, 0.0000, 112, 96, 78
L 751.8475, 529.4649, 0.0000, 786.3120, 523.3200, 0.0000, 112, 96, 78
L 786.3120, 523.3200, 0.0000, 820.7766, 539.5559, 0.0000, 112, 96, 78
L 820.7766, 539.5559, 0.0000, 855.2411, 523.3200, 0.0000, 112, 96, 78
L 855.2411, 523.3200, 0.0000, 889.7056, 530.0072, 0.0000, 112, 96, 78
L 889.7056, 530.0072, 0.0000, 924.1702, 523.3200, 0.0000, 112, 96, 78
L 924.1702, 523.3200, 0.0000, 958.6347, 541.4201, 0.0000, 112, 96, 78
L 958.6347, 541.4201, 0.0000, 993.0992, 523.3200, 0.0000, 112, 96, 78
L 993.0992, 523.3200, 0.0000, 1027.5638, 541.5680, 0.0000, 112, 96, 78
L 1027.5638, 541.5680, 0.0000, 1062.0283, 523.3200, 0.0000, 112, 96, 78
L 1062.0283, 523.3200, 0.0000, 1096.4928, 536.2980, 0.0000, 112, 96, 78
L 1096.4928, 536.2980, 0.0000, 1130.9573, 523.3200, 0.0000, 112, 96, 78
L 1130.9573, 523.3200, 0.0000, 1165.4219, 528.7001, 0.0000, 112, 96, 78
L 1165.4219, 528.7001, 0.0000, 1199.8864, 523.3200, 0.0000, 112, 96, 78
L 1199.8864, 523.3200, 0.0000, 1234.3509, 541.7588, 0.0000, 112, 96, 78
L 1234.3509, 541.7588, 0.0000, 1268.8155, 523.3200, 0.0000, 112, 96, 78
L 1268.8155, 523.3200, 0.0000, 1303.2800, 537.8344, 0.0000, 112, 96, 78
L 1303.2800, 537.8344, 0.0000, 1337.7445, 523.3200, 0.0000, 112, 96, 78
L 1337.7445, 523.3200, 0.0000, 1372.2090, 539.6458, 0.0000, 112, 96, 78
L 1372.2090, 539.6458, 0.0000, 1406.6736, 523.3200, 0.0000, 112, 96, 78
L 1406.6736, 523.3200, 0.0000, 1441.1381, 531.5829, 0.0000, 112, 96, 78
L 1441.1381, 531.5829, 0.0000, 1475.6026, 523.3200, 0.0000, 112, 96, 78
L 1475.6026, 523.3200, 0.0000, 1510.0672, 538.0742, 0.0000, 112, 96, 78
L 1510.0672, 538.0742, 0.0000, 1544.5317, 523.3200, 0.0000, 112, 96, 78
L 1544.5317, 523.3200, 0.0000, 1578.9962, 530.5940, 0.0000, 112, 96, 78
L 1578.9962, 530.5940, 0.0000, 1613.4607, 523.3200, 0.0000, 112, 96, 78
L 1613.4607, 523.3200, 0.0000, 1647.9253, 540.0820, 0.0000, 112, 96, 78
L 1647.9253, 540.0820, 0.0000, 1682.3898, 523.3200, 0.0000, 112, 96, 78
L 1682.3898, 523.3200, 0.0000, 1716.8543, 531.3820, 0.0000, 112, 96, 78
L 1716.8543, 531.3820, 0.0000, 1751.3189, 523.3200, 0.0000, 112, 96, 78
L 1751.3189, 523.3200, 0.0000, 1785.7834, 530.2228, 0.0000, 112, 96, 78
L 1785.7834, 530.2228, 0.0000, 1820.2479, 523.3200, 0.0000, 112, 96, 78
L 1820.2479, 523.3200, 0.0000, 1854.7124, 531.2143, 0.0000, 112, 96, 78
L 1854.7124, 531.2143, 0.0000, 1889.1770, 523.3200, 0.0000, 112, 96, 78
L 1889.1770, 523.3200, 0.0000, 1923.6415, 528.0405, 0.0000, 112, 96, 78
L 1923.6415, 528.0405, 0.0000, 1958.1060, 523.3200, 0.0000, 112, 96, 78
L 1958.1060, 523.3200, 0.0000, 1992.5706, 532.7286, 0.0000, 112, 96, 78
L 1992.5706, 532.7286, 0.0000, 2027.0351, 523.3200, 0.0000, 112, 96, 78
L 2027.0351, 523.3200, 0.0000, 2061.4996, 529.1219, 0.0000, 112, 96, 78
L 2061.4996, 529.1219, 0.0000, 2095.9641, 523.3200, 0.0000, 112, 96, 78
L 2095.9641, 523.3200, 0.0000, 2130.4287, 540.6680, 0.0000, 112, 96, 78
L 2130.4287, 540.6680, 0.0000, 2164.8932, 523.3200, 0.0000, 112, 96, 78
L 2164.8932, 523.3200, 0.0000, 2199.3577, 523.3200, 0.0000, 112, 96, 78
L -389.6064, -1327.9659, 0.0000, -385.4819, -1293.6828, 0.0000, 112, 96, 78
L -385.4819, -1293.6828, 0.0000, -396.6155, -1259.3997, 0.0000, 112, 96, 78
L -396.6155, -1259.3997, 0.0000, -385.4819, -1225.1167, 0.0000, 112, 96, 78
L -385.4819, -1225.1167, 0.0000, -394.1321, -1190.8336, 0.0000, 112, 96, 78
L -394.1321, -1190.8336, 0.0000, -385.4819, -1156.5505, 0.0000, 112, 96, 78
L -385.4819, -1156.5505, 0.0000, -390.4275, -1122.2674, 0.0000, 112, 96, 78
L -390.4275, -1122.2674, 0.0000, -385.4819, -1087.9844, 0.0000, 112, 96, 78
L -385.4819, -1087.9844, 0.0000, -400.4893, -1053.7013, 0.0000, 112, 96, 78
L -400.4893, -1053.7013, 0.0000, -385.4819, -1019.4182, 0.0000, 112, 96, 78
L -385.4819, -1019.4182, 0.0000, -400.4905, -985.1352, 0.0000, 112, 96, 78
L -400.4905, -985.1352, 0.0000, -385.4819, -950.8521, 0.0000, 112, 96, 78
L -385.4819, -950.8521, 0.0000, -401.3447, -916.5690, 0.0000, 112, 96, 78
L -401.3447, -916.5690, 0.0000, -385.4819, -882.2859, 0.0000, 112, 96, 78
L -385.4819, -882.2859, 0.0000, -394.6328, -848.0029, 0.0000, 112, 96, 78
L -394.6328, -848.0029, 0.0000, -385.4819, -813.7198, 0.0000, 112, 96, 78
L -385.4819, -813.7198, 0.0000, -402.9803, -779.4367, 0.0000, 112, 96, 78
L -402.9803, -779.4367, 0.0000, -385.4819, -745.1536, 0.0000, 112, 96, 78
L -385.4819, -745.1536, 0.0000, -395.6260, -710.8706, 0.0000, 112, 96, 78
L -395.6260, -710.8706, 0.0000, -385.4819, -676.5875, 0.0000, 112, 96, 78
L -385.4819, -676.5875, 0.0000, -402.4122, -642.3044, 0.0000, 112, 96, 78
L -402.4122, -642.3044, 0.0000, -385.4819, -608.0214, 0.0000, 112, 96, 78
L -385.4819, -608.0214, 0.0000, -398.7857, -573.7383, 0.0000, 112, 96, 78
L -398.7857, -573.7383, 0.0000, -385.4819, -539.4552, 0.0000, 112, 96, 78
L -385.4819, -539.4552, 0.0000, -398.1428, -505.1721, 0.0000, 112, 96, 78
L -398.1428, -505.1721, 0.0000, -385.4819, -470.8891, 0.0000, 112, 96, 78
L -385.4819, -470.8891, 0.0000, -390.5026, -436.6060, 0.0000, 112, 96, 78
L -390.5026, -436.6060, 0.0000, -385.4819, -402.3229, 0.0000, 112, 96, 78
L -385.4819, -402.3229, 0.0000, -404.3866, -368.0399, 0.0000, 112, 96, 78
L -404.3866, -368.0399, 0.0000, -385.4819, -333.7568, 0.0000, 112, 96, 78
L -385.4819, -333.7568, 0.0000, -400.3555, -299.4737, 0.0000, 112, 96, 78
L -400.3555, -299.4737, 0.0000, -385.4819, -265.1906, 0.0000, 112, 96, 78
L -385.4819, -265.1906, 0.0000, -400.4594, -230.9076, 0.0000, 112, 96, 78
L -400.4594, -230.9076, 0.0000, -385.4819, -196.6245, 0.0000, 112, 96, 78
L -385.4819, -196.6245, 0.0000, -395.9813, -162.3414, 0.0000, 112, 96, 78
L -395.9813, -162.3414, 0.0000, -385.4819, -128.0583, 0.0000, 112, 96, 78
L -385.4819, -128.0583, 0.0000, -390.5571, -93.7753, 0.0000, 112, 96, 78
L -390.5571, -93.7753, 0.0000, -385.4819, -59.4922, 0.0000, 112, 96, 78
L -385.4819, -59.4922, 0.0000, -389.7361, -25.2091, 0.0000, 112, 96, 78
L -389.7361, -25.2091, 0.0000, -385.4819, 9.0739, 0.0000, 112, 96, 78
L -385.4819, 9.0739, 0.0000, -396.5961, 43.3570, 0.0000, 112, 96, 78
L -396.5961, 43.3570, 0.0000, -385.4819, 77.6401, 0.0000, 112, 96, 78
L -385.4819, 77.6401, 0.0000, -399.9013, 111.9232, 0.0000, 112, 96, 78
L -399.9013, 111.9232, 0.0000, -385.4819, 146.2062, 0.0000, 112, 96, 78
L -385.4819, 146.2062, 0.0000, -398.6267, 180.4893, 0.0000, 112, 96, 78
L -398.6267, 180.4893, 0.0000, -385.4819, 214.7724, 0.0000, 112, 96, 78
L -385.4819, 214.7724, 0.0000, -393.1730, 249.0555, 0.0000, 112, 96, 78
L -393.1730, 249.0555, 0.0000, -385.4819, 283.3385, 0.0000, 112, 96, 78
L -385.4819, 283.3385, 0.0000, -393.8603, 317.6216, 0.0000, 112, 96, 78
L -393.8603, 317.6216, 0.0000, -385.4819, 351.9047, 0.0000, 112, 96, 78
L -385.4819, 351.9047, 0.0000, -392.3633, 386.1877, 0.0000, 112, 96, 78
L -392.3633, 386.1877, 0.0000, -385.4819, 420.4708, 0.0000, 112, 96, 78
L -385.4819, 420.4708, 0.0000, -403.0546, 454.7539, 0.0000, 112, 96, 78
L -403.0546, 454.7539, 0.0000, -385.4819, 489.0370, 0.0000, 112, 96, 78
L -385.4819, 489.0370, 0.0000, -385.4819, 523.3200, 0.0000, 112, 96, 78
L 2212.0251, -1327.9659, 0.0000, 2199.3577, -1293.6828, 0.0000, 112, 96, 78
L 2199.3577, -1293.6828, 0.0000, 2205.2295, -1259.3997, 0.0000, 112, 96, 78
L 2205.2295, -1259.3997, 0.0000, 2199.3577, -1225.1167, 0.0000, 112, 96, 78
L 2199.3577, -1225.1167, 0.0000, 2215.8870, -1190.8336, 0.0000, 112, 96, 78
L 2215.8870, -1190.8336, 0.0000, 2199.3577, -1156.5505, 0.0000, 112, 96, 78
L 2199.3577, -1156.5505, 0.0000, 2213.9730, -1122.2674, 0.0000, 112, 96, 78
L 2213.9730, -1122.2674, 0.0000, 2199.3577, -1087.9844, 0.0000, 112, 96, 78
L 2199.3577, -1087.9844, 0.0000, 2207.3676, -1053.7013, 0.0000, 112, 96, 78
L 2207.3676, -1053.7013, 0.0000, 2199.3577, -1019.4182, 0.0000, 112, 96, 78
L 2199.3577, -1019.4182, 0.0000, 2210.0111, -985.1352, 0.0000, 112, 96, 78
L 2210.0111, -985.1352, 0.0000, 2199.3577, -950.8521, 0.0000, 112, 96, 78
L 2199.3577, -950.8521, 0.0000, 2206.4140, -916.5690, 0.0000, 112, 96, 78
L 2206.4140, -916.5690, 0.0000, 2199.3577, -882.2859, 0.0000, 112, 96, 78
L 2199.3577, -882.2859, 0.0000, 2212.6732, -848.0029, 0.0000, 112, 96, 78
L 2212.6732, -848.0029, 0.0000, 2199.3577, -813.7198, 0.0000, 112, 96, 78
L 2199.3577, -813.7198, 0.0000, 2207.9542, -779.4367, 0.0000, 112, 96, 78
L 2207.9542, -779.4367, 0.0000, 2199.3577, -745.1536, 0.0000, 112, 96, 78
L 2199.3577, -745.1536, 0.0000, 2218.0908, -710.8706, 0.0000, 112, 96, 78
L 2218.0908, -710.8706, 0.0000, 2199.3577, -676.5875, 0.0000, 112, 96, 78
L 2199.3577, -676.5875, 0.0000, 2204.2945, -642.3044, 0.0000, 112, 96, 78
L 2204.2945, -642.3044, 0.0000, 2199.3577, -608.0214, 0.0000, 112, 96, 78
L 2199.3577, -608.0214, 0.0000, 2216.4303, -573.7383, 0.0000, 112, 96, 78
L 2216.4303, -573.7383, 0.0000, 2199.3577, -539.4552, 0.0000, 112, 96, 78
L 2199.3577, -539.4552, 0.0000, 2213.9337, -505.1721, 0.0000, 112, 96, 78
L 2213.9337, -505.1721, 0.0000, 2199.3577, -470.8891, 0.0000, 112, 96, 78
L 2199.3577, -470.8891, 0.0000, 2207.8578, -436.6060, 0.0000, 112, 96, 78
L 2207.8578, -436.6060, 0.0000, 2199.3577, -402.3229, 0.0000, 112, 96, 78
L 2199.3577, -402.3229, 0.0000, 2203.4496, -368.0399, 0.0000, 112, 96, 78
L 2203.4496, -368.0399, 0.0000, 2199.3577, -333.7568, 0.0000, 112, 96, 78
L 2199.3577, -333.7568, 0.0000, 2210.0747, -299.4737, 0.0000, 112, 96, 78
L 2210.0747, -299.4737, 0.0000, 2199.3577, -265.1906, 0.0000, 112, 96, 78
L 2199.3577, -265.1906, 0.0000, 2215.7740, -230.9076, 0.0000, 112, 96, 78
L 2215.7740, -230.9076, 0.0000, 2199.3577, -196.6245, 0.0000, 112, 96, 78
L 2199.3577, -196.6245, 0.0000, 2205.3010, -162.3414, 0.0000, 112, 96, 78
L 2205.3010, -162.3414, 0.0000, 2199.3577, -128.0583, 0.0000, 112, 96, 78
L 2199.3577, -128.0583, 0.0000, 2212.7256, -93.7753, 0.0000, 112, 96, 78
L 2212.7256, -93.7753, 0.0000, 2199.3577, -59.4922, 0.0000, 112, 96, 78
L 2199.3577, -59.4922, 0.0000, 2212.7375, -25.2091, 0.0000, 112, 96, 78
L 2212.7375, -25.2091, 0.0000, 2199.3577, 9.0739, 0.0000, 112, 96, 78
L 2199.3577, 9.0739, 0.0000, 2215.4352, 43.3570, 0.0000, 112, 96, 78
L 2215.4352, 43.3570, 0.0000, 2199.3577, 77.6401, 0.0000, 112, 96, 78
L 2199.3577, 77.6401, 0.0000, 2213.5666, 111.9232, 0.0000, 112, 96, 78
L 2213.5666, 111.9232, 0.0000, 2199.3577, 146.2062, 0.0000, 112, 96, 78
L 2199.3577, 146.2062, 0.0000, 2210.3835, 180.4893, 0.0000, 112, 96, 78
L 2210.3835, 180.4893, 0.0000, 2199.3577, 214.7724, 0.0000, 112, 96, 78
L 2199.3577, 214.7724, 0.0000, 2203.3227, 249.0555, 0.0000, 112, 96, 78
L 2203.3227, 249.0555, 0.0000, 2199.3577, 283.3385, 0.0000, 112, 96, 78
L 2199.3577, 283.3385, 0.0000, 2214.0179, 317.6216, 0.0000, 112, 96, 78
L 2214.0179, 317.6216, 0.0000, 2199.3577, 351.9047, 0.0000, 112, 96, 78
L 2199.3577, 351.9047, 0.0000, 2207.3001, 386.1877, 0.0000, 112, 96, 78
L 2207.3001, 386.1877, 0.0000, 2199.3577, 420.4708, 0.0000, 112, 96, 78
L 2199.3577, 420.4708, 0.0000, 2213.7615, 454.7539, 0.0000, 112, 96, 78
L 2213.7615, 454.7539, 0.0000, 2199.3577, 489.0370, 0.0000, 112, 96, 78
L 2199.3577, 489.0370, 0.0000, 2199.3577, 523.3200, 0.0000, 112, 96, 78
L 115.8059, -1353.4655, 0.0000, 115.8059, 285.7429, 0.0000, 152, 142, 120
L 379.5166, -1353.4655, 0.0000, 379.5166, 285.7429, 0.0000, 152, 142, 120
L 643.2272, -1353.4655, 0.0000, 643.2272, 285.7429, 0.0000, 152, 142, 120
L 906.9379, -1353.4655, 0.0000, 906.9379, 285.7429, 0.0000, 152, 142, 120
L 1170.6486, -1353.4655, 0.0000, 1170.6486, 285.7429, 0.0000, 152, 142, 120
L 1434.3592, -1353.4655, 0.0000, 1434.3592, 285.7429, 0.0000, 152, 142, 120
L 1698.0699, -1353.4655, 0.0000, 1698.0699, 285.7429, 0.0000, 152, 142, 120
L -147.9048, -1148.5644, 0.0000, 1961.7806, -1148.5644, 0.0000, 152, 142, 120
L -147.9048, -943.6634, 0.0000, 1961.7806, -943.6634, 0.0000, 152, 142, 120
L -147.9048, -738.7623, 0.0000, 1961.7806, -738.7623, 0.0000, 152, 142, 120
L -147.9048, -533.8613, 0.0000, 1961.7806, -533.8613, 0.0000, 152, 142, 120
L -147.9048, -328.9603, 0.0000, 1961.7806, -328.9603, 0.0000, 152, 142, 120
L -147.9048, -124.0592, 0.0000, 1961.7806, -124.0592, 0.0000, 152, 142, 120
L -147.9048, 80.8418, 0.0000, 1961.7806, 80.8418, 0.0000, 152, 142, 120
L 2129.9852, 385.5253, 0.0000, 2124.7769, 411.7093, 0.0000, 88, 76, 62
L 2124.7769, 411.7093, 0.0000, 2109.9448, 433.9071, 0.0000, 88, 76, 62
L 2109.9448, 433.9071, 0.0000, 2087.7470, 448.7392, 0.0000, 88, 76, 62
L 2087.7470, 448.7392, 0.0000, 2061.5630, 453.9475, 0.0000, 88, 76, 62
L 2061.5630, 453.9475, 0.0000, 2035.3789, 448.7392, 0.0000, 88, 76, 62
L 2035.3789, 448.7392, 0.0000, 2013.1812, 433.9071, 0.0000, 88, 76, 62
L 2013.1812, 433.9071, 0.0000, 1998.3491, 411.7093, 0.0000, 88, 76, 62
L 1998.3491, 411.7093, 0.0000, 1993.1407, 385.5253, 0.0000, 88, 76, 62
L 1993.1407, 385.5253, 0.0000, 1998.3491, 359.3412, 0.0000, 88, 76, 62
L 1998.3491, 359.3412, 0.0000, 2013.1812, 337.1435, 0.0000, 88, 76, 62
L 2013.1812, 337.1435, 0.0000, 2035.3789, 322.3114, 0.0000, 88, 76, 62
L 2035.3789, 322.3114, 0.0000, 2061.5630, 317.1030, 0.0000, 88, 76, 62
L 2061.5630, 317.1030, 0.0000, 2087.7470, 322.3114, 0.0000, 88, 76, 62
L 2087.7470, 322.3114, 0.0000, 2109.9448, 337.1435, 0.0000, 88, 76, 62
L 2109.9448, 337.1435, 0.0000, 2124.7769, 359.3412, 0.0000, 88, 76, 62
L 2124.7769, 359.3412, 0.0000, 2129.9852, 385.5253, 0.0000, 88, 76, 62
L 2061.5630, 385.5253, 0.0000, 2129.9852, 385.5253, 0.0000, 88, 76, 62
L 2061.5630, 385.5253, 0.0000, 2088.1730, 412.1353, 0.0000, 88, 76, 62
L 2061.5630, 385.5253, 0.0000, 2061.5630, 453.9475, 0.0000, 88, 76, 62
L 2061.5630, 385.5253, 0.0000, 2034.9530, 412.1353, 0.0000, 88, 76, 62
L 2061.5630, 385.5253, 0.0000, 1993.1407, 385.5253, 0.0000, 88, 76, 62
L 2061.5630, 385.5253, 0.0000, 2034.9530, 358.9153, 0.0000, 88, 76, 62
L 2061.5630, 385.5253, 0.0000, 2061.5630, 317.1030, 0.0000, 88, 76, 62
L 2061.5630, 385.5253, 0.0000, 2088.1730, 358.9153, 0.0000, 88, 76, 62
L 2052.9828, 305.1030, 0.0000, 2052.9828, 279.1026, 0.0000, 88, 76, 62
L 2052.9828, 279.1026, 0.0000, 2070.1431, 305.1030, 0.0000, 88, 76, 62
L 2070.1431, 305.1030, 0.0000, 2070.1431, 279.1026, 0.0000, 88, 76, 62
L 2070.1431, 469.8476, 0.0000, 2066.7111, 465.9475, 0.0000, 88, 76, 62
L 2066.7111, 465.9475, 0.0000, 2056.4149, 465.9475, 0.0000, 88, 76, 62
L 2056.4149, 465.9475, 0.0000, 2052.9828, 470.6276, 0.0000, 88, 76, 62
L 2052.9828, 470.6276, 0.0000, 2052.9828, 476.3477, 0.0000, 88, 76, 62
L 2052.9828, 476.3477, 0.0000, 2056.4149, 478.9477, 0.0000, 88, 76, 62
L 2056.4149, 478.9477, 0.0000, 2066.7111, 478.9477, 0.0000, 88, 76, 62
L 2066.7111, 478.9477, 0.0000, 2070.1431, 482.0678, 0.0000, 88, 76, 62
L 2070.1431, 482.0678, 0.0000, 2070.1431, 487.7879, 0.0000, 88, 76, 62
L 2070.1431, 487.7879, 0.0000, 2066.7111, 491.9479, 0.0000, 88, 76, 62
L 2066.7111, 491.9479, 0.0000, 2056.4149, 491.9479, 0.0000, 88, 76, 62
L 2056.4149, 491.9479, 0.0000, 2052.9828, 487.7879, 0.0000, 88, 76, 62
L 2159.1455, 372.5250, 0.0000, 2141.9852, 372.5250, 0.0000, 88, 76, 62
L 2141.9852, 372.5250, 0.0000, 2141.9852, 398.5255, 0.0000, 88, 76, 62
L 2141.9852, 398.5255, 0.0000, 2159.1455, 398.5255, 0.0000, 88, 76, 62
L 2141.9852, 385.5253, 0.0000, 2153.9974, 385.5253, 0.0000, 88, 76, 62
L 1963.9804, 372.5250, 0.0000, 1968.2705, 398.5255, 0.0000, 88, 76, 62
L 1968.2705, 398.5255, 0.0000, 1972.5606, 382.9252, 0.0000, 88, 76, 62
L 1972.5606, 382.9252, 0.0000, 1976.8507, 398.5255, 0.0000, 88, 76, 62
L 1976.8507, 398.5255, 0.0000, 1981.1407, 372.5250, 0.0000, 88, 76, 62
