L -160.00, -739.72, 0.0000, -160.00, 259.91, 0.0000, 150, 144, 112
L 0.00, -739.72, 0.0000, 0.00, 259.91, 0.0000, 150, 144, 112
L 160.00, -739.72, 0.0000, 160.00, 259.91, 0.0000, 150, 144, 112
L 320.00, -739.72, 0.0000, 320.00, 259.91, 0.0000, 150, 144, 112
L 480.00, -739.72, 0.0000, 480.00, 259.91, 0.0000, 150, 144, 112
L 640.00, -739.72, 0.0000, 640.00, 259.91, 0.0000, 150, 144, 112
L 800.00, -739.72, 0.0000, 800.00, 259.91, 0.0000, 150, 144, 112
L 960.00, -739.72, 0.0000, 960.00, 259.91, 0.0000, 150, 144, 112
L -183.94, -480.00, 0.0000, 1039.59, -480.00, 0.0000, 150, 144, 112
L -183.94, -320.00, 0.0000, 1039.59, -320.00, 0.0000, 150, 144, 112
L -183.94, -160.00, 0.0000, 1039.59, -160.00, 0.0000, 150, 144, 112
L -183.94, 0.00, 0.0000, 1039.59, 0.00, 0.0000, 150, 144, 112
L -183.94, 160.00, 0.0000, 1039.59, 160.00, 0.0000, 150, 144, 112
L -183.94, 259.91, 0.0000, 1039.59, 259.91, 0.0000, 150, 144, 112
L -183.94, -739.72, 0.0000, -183.94, 259.91, 0.0000, 150, 144, 112
L 1039.59, -739.72, 0.0000, 1039.59, 259.91, 0.0000, 150, 144, 112
L -378.94, -934.72, 0.0000, -254.82, -921.42, 0.0000, 84, 72, 50
L -254.82, -921.42, 0.0000, -130.70, -934.72, 0.0000, 84, 72, 50
L -130.70, -934.72, 0.0000, -6.59, -914.20, 0.0000, 84, 72, 50
L -6.59, -914.20, 0.0000, 117.53, -934.72, 0.0000, 84, 72, 50
L 117.53, -934.72, 0.0000, 241.65, -908.84, 0.0000, 84, 72, 50
L 241.65, -908.84, 0.0000, 365.77, -934.72, 0.0000, 84, 72, 50
L 365.77, -934.72, 0.0000, 489.88, -912.09, 0.0000, 84, 72, 50
L 489.88, -912.09, 0.0000, 614.00, -934.72, 0.0000, 84, 72, 50
L 614.00, -934.72, 0.0000, 738.12, -919.34, 0.0000, 84, 72, 50
L 738.12, -919.34, 0.0000, 862.24, -934.72, 0.0000, 84, 72, 50
L 862.24, -934.72, 0.0000, 986.35, -912.97, 0.0000, 84, 72, 50
L 986.35, -912.97, 0.0000, 1110.47, -934.72, 0.0000, 84, 72, 50
L 1110.47, -934.72, 0.0000, 1234.59, -913.24, 0.0000, 84, 72, 50
L 1234.59, -934.72, 0.0000, 1218.01, -808.39, 0.0000, 84, 72, 50
L 1218.01, -808.39, 0.0000, 1234.59, -682.06, 0.0000, 84, 72, 50
L 1234.59, -682.06, 0.0000, 1205.04, -555.73, 0.0000, 84, 72, 50
L 1205.04, -555.73, 0.0000, 1234.59, -429.40, 0.0000, 84, 72, 50
L 1234.59, -429.40, 0.0000, 1222.98, -303.07, 0.0000, 84, 72, 50
L 1222.98, -303.07, 0.0000, 1234.59, -176.74, 0.0000, 84, 72, 50
L 1234.59, -176.74, 0.0000, 1212.19, -50.41, 0.0000, 84, 72, 50
L 1212.19, -50.41, 0.0000, 1234.59, 75.92, 0.0000, 84, 72, 50
L 1234.59, 75.92, 0.0000, 1223.07, 202.25, 0.0000, 84, 72, 50
L 1223.07, 202.25, 0.0000, 1234.59, 328.58, 0.0000, 84, 72, 50
L 1234.59, 328.58, 0.0000, 1220.28, 454.91, 0.0000, 84, 72, 50
L 1234.59, 454.91, 0.0000, 1110.47, 428.55, 0.0000, 84, 72, 50
L 1110.47, 428.55, 0.0000, 986.35, 454.91, 0.0000, 84, 72, 50
L 986.35, 454.91, 0.0000, 862.24, 426.45, 0.0000, 84, 72, 50
L 862.24, 426.45, 0.0000, 738.12, 454.91, 0.0000, 84, 72, 50
L 738.12, 454.91, 0.0000, 614.00, 433.22, 0.0000, 84, 72, 50
L 614.00, 433.22, 0.0000, 489.88, 454.91, 0.0000, 84, 72, 50
L 489.88, 454.91, 0.0000, 365.77, 439.74, 0.0000, 84, 72, 50
L 365.77, 439.74, 0.0000, 241.65, 454.91, 0.0000, 84, 72, 50
L 241.65, 454.91, 0.0000, 117.53, 442.62, 0.0000, 84, 72, 50
L 117.53, 442.62, 0.0000, -6.59, 454.91, 0.0000, 84, 72, 50
L -6.59, 454.91, 0.0000, -130.70, 429.15, 0.0000, 84, 72, 50
L -130.70, 429.15, 0.0000, -254.82, 454.91, 0.0000, 84, 72, 50
L -254.82, 454.91, 0.0000, -378.94, 427.53, 0.0000, 84, 72, 50
L -378.94, 454.91, 0.0000, -351.70, 328.58, 0.0000, 84, 72, 50
L -351.70, 328.58, 0.0000, -378.94, 202.25, 0.0000, 84, 72, 50
L -378.94, 202.25, 0.0000, -352.10, 75.92, 0.0000, 84, 72, 50
L -352.10, 75.92, 0.0000, -378.94, -50.41, 0.0000, 84, 72, 50
L -378.94, -50.41, 0.0000, -357.96, -176.74, 0.0000, 84, 72, 50
L -357.96, -176.74, 0.0000, -378.94, -303.07, 0.0000, 84, 72, 50
L -378.94, -303.07, 0.0000, -351.77, -429.40, 0.0000, 84, 72, 50
L -351.77, -429.40, 0.0000, -378.94, -555.73, 0.0000, 84, 72, 50
L -378.94, -555.73, 0.0000, -364.83, -682.06, 0.0000, 84, 72, 50
L -364.83, -682.06, 0.0000, -378.94, -808.39, 0.0000, 84, 72, 50
L -378.94, -808.39, 0.0000, -365.87, -934.72, 0.0000, 84, 72, 50
L -317.94, -873.72, 0.0000, -152.21, -863.26, 0.0000, 120, 140, 80
L -152.21, -863.26, 0.0000, 13.51, -873.72, 0.0000, 120, 140, 80
L 842.14, -859.75, 0.0000, 1007.86, -873.72, 0.0000, 120, 140, 80
L 1007.86, -873.72, 0.0000, 1173.59, -862.80, 0.0000, 120, 140, 80
L 1173.59, -873.72, 0.0000, 1163.23, -715.27, 0.0000, 120, 140, 80
L 1163.23, -715.27, 0.0000, 1173.59, -556.81, 0.0000, 120, 140, 80
L 1173.59, -556.81, 0.0000, 1160.16, -398.36, 0.0000, 120, 140, 80
L 1160.16, -398.36, 0.0000, 1173.59, -239.90, 0.0000, 120, 140, 80
L 1173.59, -239.90, 0.0000, 1165.97, -81.45, 0.0000, 120, 140, 80
L 1165.97, -81.45, 0.0000, 1173.59, 77.00, 0.0000, 120, 140, 80
L 1173.59, 77.00, 0.0000, 1157.33, 235.46, 0.0000, 120, 140, 80
L 1157.33, 235.46, 0.0000, 1173.59, 393.91, 0.0000, 120, 140, 80
L 1173.59, 393.91, 0.0000, 1007.86, 382.39, 0.0000, 120, 140, 80
L 1007.86, 382.39, 0.0000, 842.14, 393.91, 0.0000, 120, 140, 80
L 842.14, 393.91, 0.0000, 676.41, 377.62, 0.0000, 120, 140, 80
L 676.41, 377.62, 0.0000, 510.69, 393.91, 0.0000, 120, 140, 80
L 510.69, 393.91, 0.0000, 344.96, 387.66, 0.0000, 120, 140, 80
L 344.96, 387.66, 0.0000, 179.24, 393.91, 0.0000, 120, 140, 80
L 179.24, 393.91, 0.0000, 13.51, 388.12, 0.0000, 120, 140, 80
L 13.51, 388.12, 0.0000, -152.21, 393.91, 0.0000, 120, 140, 80
L -152.21, 393.91, 0.0000, -317.94, 385.01, 0.0000, 120, 140, 80
L -317.94, 393.91, 0.0000, -310.61, 235.46, 0.0000, 120, 140, 80
L -310.61, 235.46, 0.0000, -317.94, 77.00, 0.0000, 120, 140, 80
L -317.94, 77.00, 0.0000, -303.42, -81.45, 0.0000, 120, 140, 80
L -303.42, -81.45, 0.0000, -317.94, -239.91, 0.0000, 120, 140, 80
L -317.94, -239.91, 0.0000, -306.27, -398.36, 0.0000, 120, 140, 80
L -306.27, -398.36, 0.0000, -317.94, -556.81, 0.0000, 120, 140, 80
L -317.94, -556.81, 0.0000, -306.47, -715.27, 0.0000, 120, 140, 80
L -306.47, -715.27, 0.0000, -317.94, -873.72, 0.0000, 120, 140, 80
L 217.06, -790.72, 0.0000, 197.26, -814.72, 0.0000, 90, 80, 54
L 225.06, -780.72, 0.0000, 205.26, -804.72, 0.0000, 120, 140, 80
L 197.26, -814.72, 0.0000, 161.62, -814.72, 0.0000, 90, 80, 54
L 205.26, -804.72, 0.0000, 169.62, -804.72, 0.0000, 120, 140, 80
L 161.62, -814.72, 0.0000, 141.82, -778.72, 0.0000, 90, 80, 54
L 169.62, -804.72, 0.0000, 149.82, -768.72, 0.0000, 120, 140, 80
L 141.82, -778.72, 0.0000, 141.82, -730.72, 0.0000, 90, 80, 54
L 149.82, -768.72, 0.0000, 149.82, -720.72, 0.0000, 120, 140, 80
L 141.82, -730.72, 0.0000, 161.62, -694.72, 0.0000, 90, 80, 54
L 149.82, -720.72, 0.0000, 169.62, -684.72, 0.0000, 120, 140, 80
L 161.62, -694.72, 0.0000, 197.26, -694.72, 0.0000, 90, 80, 54
L 169.62, -684.72, 0.0000, 205.26, -684.72, 0.0000, 120, 140, 80
L 197.26, -694.72, 0.0000, 217.06, -724.72, 0.0000, 90, 80, 54
L 205.26, -684.72, 0.0000, 225.06, -714.72, 0.0000, 120, 140, 80
L 217.06, -724.72, 0.0000, 217.06, -748.72, 0.0000, 90, 80, 54
L 225.06, -714.72, 0.0000, 225.06, -738.72, 0.0000, 120, 140, 80
L 217.06, -748.72, 0.0000, 189.34, -748.72, 0.0000, 90, 80, 54
L 225.06, -738.72, 0.0000, 197.34, -738.72, 0.0000, 120, 140, 80
L 265.02, -694.72, 0.0000, 265.02, -814.72, 0.0000, 90, 80, 54
L 273.02, -684.72, 0.0000, 273.02, -804.72, 0.0000, 120, 140, 80
L 265.02, -814.72, 0.0000, 320.46, -814.72, 0.0000, 90, 80, 54
L 273.02, -804.72, 0.0000, 328.46, -804.72, 0.0000, 120, 140, 80
L 320.46, -814.72, 0.0000, 340.26, -790.72, 0.0000, 90, 80, 54
L 328.46, -804.72, 0.0000, 348.26, -780.72, 0.0000, 120, 140, 80
L 340.26, -790.72, 0.0000, 320.46, -760.72, 0.0000, 90, 80, 54
L 348.26, -780.72, 0.0000, 328.46, -750.72, 0.0000, 120, 140, 80
L 320.46, -760.72, 0.0000, 265.02, -760.72, 0.0000, 90, 80, 54
L 328.46, -750.72, 0.0000, 273.02, -750.72, 0.0000, 120, 140, 80
L 292.74, -760.72, 0.0000, 344.22, -694.72, 0.0000, 90, 80, 54
L 300.74, -750.72, 0.0000, 352.22, -684.72, 0.0000, 120, 140, 80
L 408.02, -694.72, 0.0000, 447.62, -694.72, 0.0000, 90, 80, 54
L 416.02, -684.72, 0.0000, 455.62, -684.72, 0.0000, 120, 140, 80
L 447.62, -694.72, 0.0000, 467.42, -730.72, 0.0000, 90, 80, 54
L 455.62, -684.72, 0.0000, 475.42, -720.72, 0.0000, 120, 140, 80
L 467.42, -730.72, 0.0000, 467.42, -778.72, 0.0000, 90, 80, 54
L 475.42, -720.72, 0.0000, 475.42, -768.72, 0.0000, 120, 140, 80
L 467.42, -778.72, 0.0000, 447.62, -814.72, 0.0000, 90, 80, 54
L 475.42, -768.72, 0.0000, 455.62, -804.72, 0.0000, 120, 140, 80
L 447.62, -814.72, 0.0000, 408.02, -814.72, 0.0000, 90, 80, 54
L 455.62, -804.72, 0.0000, 416.02, -804.72, 0.0000, 120, 140, 80
L 408.02, -814.72, 0.0000, 388.22, -778.72, 0.0000, 90, 80, 54
L 416.02, -804.72, 0.0000, 396.22, -768.72, 0.0000, 120, 140, 80
L 388.22, -778.72, 0.0000, 388.22, -730.72, 0.0000, 90, 80, 54
L 396.22, -768.72, 0.0000, 396.22, -720.72, 0.0000, 120, 140, 80
L 388.22, -730.72, 0.0000, 408.02, -694.72, 0.0000, 90, 80, 54
L 396.22, -720.72, 0.0000, 416.02, -684.72, 0.0000, 120, 140, 80
L 511.42, -694.72, 0.0000, 511.42, -814.72, 0.0000, 90, 80, 54
L 519.42, -684.72, 0.0000, 519.42, -804.72, 0.0000, 120, 140, 80
L 511.42, -814.72, 0.0000, 566.86, -814.72, 0.0000, 90, 80, 54
L 519.42, -804.72, 0.0000, 574.86, -804.72, 0.0000, 120, 140, 80
L 566.86, -814.72, 0.0000, 582.70, -790.72, 0.0000, 90, 80, 54
L 574.86, -804.72, 0.0000, 590.70, -780.72, 0.0000, 120, 140, 80
L 582.70, -790.72, 0.0000, 566.86, -760.72, 0.0000, 90, 80, 54
L 590.70, -780.72, 0.0000, 574.86, -750.72, 0.0000, 120, 140, 80
L 566.86, -760.72, 0.0000, 511.42, -760.72, 0.0000, 90, 80, 54
L 574.86, -750.72, 0.0000, 519.42, -750.72, 0.0000, 120, 140, 80
L 511.42, -760.72, 0.0000, 570.82, -760.72, 0.0000, 90, 80, 54
L 519.42, -750.72, 0.0000, 578.82, -750.72, 0.0000, 120, 140, 80
L 570.82, -760.72, 0.0000, 586.66, -730.72, 0.0000, 90, 80, 54
L 578.82, -750.72, 0.0000, 594.66, -720.72, 0.0000, 120, 140, 80
L 586.66, -730.72, 0.0000, 566.86, -694.72, 0.0000, 90, 80, 54
L 594.66, -720.72, 0.0000, 574.86, -684.72, 0.0000, 120, 140, 80
L 566.86, -694.72, 0.0000, 511.42, -694.72, 0.0000, 90, 80, 54
L 574.86, -684.72, 0.0000, 519.42, -684.72, 0.0000, 120, 140, 80
L 634.62, -694.72, 0.0000, 634.62, -814.72, 0.0000, 90, 80, 54
L 642.62, -684.72, 0.0000, 642.62, -804.72, 0.0000, 120, 140, 80
L 634.62, -814.72, 0.0000, 690.06, -814.72, 0.0000, 90, 80, 54
L 642.62, -804.72, 0.0000, 698.06, -804.72, 0.0000, 120, 140, 80
L 690.06, -814.72, 0.0000, 705.90, -790.72, 0.0000, 90, 80, 54
L 698.06, -804.72, 0.0000, 713.90, -780.72, 0.0000, 120, 140, 80
L 705.90, -790.72, 0.0000, 690.06, -760.72, 0.0000, 90, 80, 54
L 713.90, -780.72, 0.0000, 698.06, -750.72, 0.0000, 120, 140, 80
L 690.06, -760.72, 0.0000, 634.62, -760.72, 0.0000, 90, 80, 54
L 698.06, -750.72, 0.0000, 642.62, -750.72, 0.0000, 120, 140, 80
L 634.62, -760.72, 0.0000, 694.02, -760.72, 0.0000, 90, 80, 54
L 642.62, -750.72, 0.0000, 702.02, -750.72, 0.0000, 120, 140, 80
L 694.02, -760.72, 0.0000, 709.86, -730.72, 0.0000, 90, 80, 54
L 702.02, -750.72, 0.0000, 717.86, -720.72, 0.0000, 120, 140, 80
L 709.86, -730.72, 0.0000, 690.06, -694.72, 0.0000, 90, 80, 54
L 717.86, -720.72, 0.0000, 698.06, -684.72, 0.0000, 120, 140, 80
L 690.06, -694.72, 0.0000, 634.62, -694.72, 0.0000, 90, 80, 54
L 698.06, -684.72, 0.0000, 642.62, -684.72, 0.0000, 120, 140, 80
L 111.82, -648.72, 0.0000, 743.82, -648.72, 0.0000, 120, 140, 80
L 111.82, -856.72, 0.0000, 743.82, -856.72, 0.0000, 120, 140, 80
L -180.94, 326.91, 0.0000, -182.00, 339.07, 0.0000, 84, 72, 50
L -182.00, 339.07, 0.0000, -185.16, 350.85, 0.0000, 84, 72, 50
L -185.16, 350.85, 0.0000, -190.32, 361.91, 0.0000, 84, 72, 50
L -190.32, 361.91, 0.0000, -197.32, 371.91, 0.0000, 84, 72, 50
L -197.32, 371.91, 0.0000, -205.94, 380.53, 0.0000, 84, 72, 50
L -205.94, 380.53, 0.0000, -215.94, 387.53, 0.0000, 84, 72, 50
L -215.94, 387.53, 0.0000, -227.00, 392.69, 0.0000, 84, 72, 50
L -227.00, 392.69, 0.0000, -238.78, 395.85, 0.0000, 84, 72, 50
L -238.78, 395.85, 0.0000, -250.94, 396.91, 0.0000, 84, 72, 50
L -250.94, 396.91, 0.0000, -263.10, 395.85, 0.0000, 84, 72, 50
L -263.10, 395.85, 0.0000, -274.88, 392.69, 0.0000, 84, 72, 50
L -274.88, 392.69, 0.0000, -285.94, 387.53, 0.0000, 84, 72, 50
L -285.94, 387.53, 0.0000, -295.94, 380.53, 0.0000, 84, 72, 50
L -295.94, 380.53, 0.0000, -304.56, 371.91, 0.0000, 84, 72, 50
L -304.56, 371.91, 0.0000, -311.56, 361.91, 0.0000, 84, 72, 50
L -311.56, 361.91, 0.0000, -316.72, 350.85, 0.0000, 84, 72, 50
L -316.72, 350.85, 0.0000, -319.88, 339.07, 0.0000, 84, 72, 50
L -319.88, 339.07, 0.0000, -320.94, 326.91, 0.0000, 84, 72, 50
L -320.94, 326.91, 0.0000, -319.88, 314.75, 0.0000, 84, 72, 50
L -319.88, 314.75, 0.0000, -316.72, 302.97, 0.0000, 84, 72, 50
L -316.72, 302.97, 0.0000, -311.56, 291.91, 0.0000, 84, 72, 50
L -311.56, 291.91, 0.0000, -304.56, 281.91, 0.0000, 84, 72, 50
L -304.56, 281.91, 0.0000, -295.94, 273.29, 0.0000, 84, 72, 50
L -295.94, 273.29, 0.0000, -285.94, 266.29, 0.0000, 84, 72, 50
L -285.94, 266.29, 0.0000, -274.88, 261.13, 0.0000, 84, 72, 50
L -274.88, 261.13, 0.0000, -263.10, 257.97, 0.0000, 84, 72, 50
L -263.10, 257.97, 0.0000, -250.94, 256.91, 0.0000, 84, 72, 50
L -250.94, 256.91, 0.0000, -238.78, 257.97, 0.0000, 84, 72, 50
L -238.78, 257.97, 0.0000, -227.00, 261.13, 0.0000, 84, 72, 50
L -227.00, 261.13, 0.0000, -215.94, 266.29, 0.0000, 84, 72, 50
L -215.94, 266.29, 0.0000, -205.94, 273.29, 0.0000, 84, 72, 50
L -205.94, 273.29, 0.0000, -197.32, 281.91, 0.0000, 84, 72, 50
L -197.32, 281.91, 0.0000, -190.32, 291.91, 0.0000, 84, 72, 50
L -190.32, 291.91, 0.0000, -185.16, 302.97, 0.0000, 84, 72, 50
L -185.16, 302.97, 0.0000, -182.00, 314.75, 0.0000, 84, 72, 50
L -182.00, 314.75, 0.0000, -180.94, 326.91, 0.0000, 84, 72, 50
L -171.84, 326.91, 0.0000, -173.04, 340.65, 0.0000, 120, 140, 80
L -173.04, 340.65, 0.0000, -176.61, 353.96, 0.0000, 120, 140, 80
L -176.61, 353.96, 0.0000, -182.44, 366.46, 0.0000, 120, 140, 80
L -182.44, 366.46, 0.0000, -190.35, 377.75, 0.0000, 120, 140, 80
L -190.35, 377.75, 0.0000, -200.10, 387.50, 0.0000, 120, 140, 80
L -200.10, 387.50, 0.0000, -211.39, 395.41, 0.0000, 120, 140, 80
L -211.39, 395.41, 0.0000, -223.89, 401.24, 0.0000, 120, 140, 80
L -223.89, 401.24, 0.0000, -237.20, 404.81, 0.0000, 120, 140, 80
L -237.20, 404.81, 0.0000, -250.94, 406.01, 0.0000, 120, 140, 80
L -250.94, 406.01, 0.0000, -264.68, 404.81, 0.0000, 120, 140, 80
L -264.68, 404.81, 0.0000, -277.99, 401.24, 0.0000, 120, 140, 80
L -277.99, 401.24, 0.0000, -290.49, 395.41, 0.0000, 120, 140, 80
L -290.49, 395.41, 0.0000, -301.78, 387.50, 0.0000, 120, 140, 80
L -301.78, 387.50, 0.0000, -311.53, 377.75, 0.0000, 120, 140, 80
L -311.53, 377.75, 0.0000, -319.44, 366.46, 0.0000, 120, 140, 80
L -319.44, 366.46, 0.0000, -325.27, 353.96, 0.0000, 120, 140, 80
L -325.27, 353.96, 0.0000, -328.84, 340.65, 0.0000, 120, 140, 80
L -328.84, 340.65, 0.0000, -330.04, 326.91, 0.0000, 120, 140, 80
L -330.04, 326.91, 0.0000, -328.84, 313.17, 0.0000, 120, 140, 80
L -328.84, 313.17, 0.0000, -325.27, 299.86, 0.0000, 120, 140, 80
L -325.27, 299.86, 0.0000, -319.44, 287.36, 0.0000, 120, 140, 80
L -319.44, 287.36, 0.0000, -311.53, 276.07, 0.0000, 120, 140, 80
L -311.53, 276.07, 0.0000, -301.78, 266.32, 0.0000, 120, 140, 80
L -301.78, 266.32, 0.0000, -290.49, 258.41, 0.0000, 120, 140, 80
L -290.49, 258.41, 0.0000, -277.99, 252.58, 0.0000, 120, 140, 80
L -277.99, 252.58, 0.0000, -264.68, 249.01, 0.0000, 120, 140, 80
L -264.68, 249.01, 0.0000, -250.94, 247.81, 0.0000, 120, 140, 80
L -250.94, 247.81, 0.0000, -237.20, 249.01, 0.0000, 120, 140, 80
L -237.20, 249.01, 0.0000, -223.89, 252.58, 0.0000, 120, 140, 80
L -223.89, 252.58, 0.0000, -211.39, 258.41, 0.0000, 120, 140, 80
L -211.39, 258.41, 0.0000, -200.10, 266.32, 0.0000, 120, 140, 80
L -200.10, 266.32, 0.0000, -190.35, 276.07, 0.0000, 120, 140, 80
L -190.35, 276.07, 0.0000, -182.44, 287.36, 0.0000, 120, 140, 80
L -182.44, 287.36, 0.0000, -176.61, 299.86, 0.0000, 120, 140, 80
L -176.61, 299.86, 0.0000, -173.04, 313.17, 0.0000, 120, 140, 80
L -173.04, 313.17, 0.0000, -171.84, 326.91, 0.0000, 120, 140, 80
L -250.94, 326.91, 0.0000, -250.94, 256.91, 0.0000, 120, 140, 80
L -250.94, 326.91, 0.0000, -221.24, 297.21, 0.0000, 150, 144, 112
L -250.94, 326.91, 0.0000, -180.94, 326.91, 0.0000, 120, 140, 80
L -250.94, 326.91, 0.0000, -221.24, 356.61, 0.0000, 150, 144, 112
L -250.94, 326.91, 0.0000, -250.94, 396.91, 0.0000, 120, 140, 80
L -250.94, 326.91, 0.0000, -280.64, 356.61, 0.0000, 150, 144, 112
L -250.94, 326.91, 0.0000, -320.94, 326.91, 0.0000, 120, 140, 80
L -250.94, 326.91, 0.0000, -280.64, 297.21, 0.0000, 150, 144, 112
L -250.94, 291.91, 0.0000, -250.94, 263.91, 0.0000, 90, 80, 54
L -258.94, 270.91, 0.0000, -250.94, 261.11, 0.0000, 90, 80, 54
L -242.94, 270.91, 0.0000, -250.94, 261.11, 0.0000, 90, 80, 54
P -250.94, 237.31, 0.0000, 90, 80, 54, 3, N
P -250.94, 416.51, 0.0000, 84, 72, 50, 1, S
P -161.34, 326.91, 0.0000, 84, 72, 50, 1, E
P -340.54, 326.91, 0.0000, 84, 72, 50, 1, W
