P 32.9258, -1510.4930, -99.7718,  150, 0, 200,  3,  to_The_City_of_Guk
P 52.2167, -1659.5573, -91.0890,  150, 0, 200,  3,  to_The_City_of_Guk
P -635.0000, -1110.0000, -90.0000,  150, 0, 200,  3,  to_The_City_of_Guk
P -77.3012, 124.6633, -238.7075,  150, 0, 200,  3,  portal_to_Innothule_Swamp
P 216.0508, -1194.1431, -84.7701,  150, 0, 200,  3,  to_The_City_of_Guk
P 236.9049, -584.9599, -195.0000, 30, 80, 95, 3, Ancient_Froglok_Ruins
P 143.4424, -954.4098, -196.0000, 150, 90, 40, 2, The_Ancient_Croaker
P 236.9049, -769.6848, -210.0000, 110, 0, 60, 2, Undead_Froglok_camps
P -22.0000, 105.0000, -233.0000, 110, 0, 60, 2, The_Froglok_King_(47_Pal)
P 749.0000, -1558.0000, -172.0000, 110, 0, 60, 2, The_Ghoul_Lord_(47_SK)
P 832.0000, -1184.0000, -182.0000, 110, 0, 60, 2, Ghoul_Arch_Magi_(45_Wiz)
P 22.0000, 76.0000, -210.0000, 110, 0, 60, 2, Froglok_Tactician_(45_Wiz)
P 260.0000, -18.0000, -224.0000, 110, 0, 60, 2, Froglok_Herbalist_(43_Shm)
P 1085.0000, -845.0000, -210.0000, 110, 0, 60, 2, Ghoul_Sentinel_(42_War)
P 1060.0000, -1070.0000, -193.0000, 110, 0, 60, 2, A_Frenzied_Ghoul_(42_War)
P 595.0000, -231.0000, -266.0000, 110, 0, 60, 2, Froglok_Crusader_(42_Pal)
P -80.0000, -592.0000, -213.0000, 110, 0, 60, 2, Minotaur_Patriarch_(34_Rng)
P 295.0000, -930.0000, -238.0000, 110, 0, 60, 2, Minotaur_Elder_(33_Clr)
P 224.0000, -755.0000, -210.0000, 110, 0, 60, 2, Slaythe_the_Slayer_(32_War)
P 387.0000, -944.0000, -141.0000, 110, 0, 60, 2, Raster_of_Guk_(35_Monk)
P 150.0000, -375.0000, -230.0000, 110, 0, 60, 2, Froglok_Noble_(40_Enc)
P 431.0000, -207.0000, -253.0000, 110, 0, 60, 2, Froglok_Yun_Priest_(38_Clr)
P 445.0000, -625.0000, -197.0000, 110, 0, 60, 2, An_Evil_Eye_(36_Wiz)
P 85.0000, -103.0000, -237.0000, 110, 0, 60, 2, Huge_Water_Elemental_(39)
P 609.0000, -578.0000, -168.0000, 110, 0, 60, 2, A_Ghoul_Cavalier_(36_SK)
