P 190.7419, -1195.6863, -84.7701, 150, 0, 200, 3, to_The_Ruins_of_Old_Guk
P 78.4417, -1538.6179, -98.7676, 150, 0, 200, 3, to_The_Ruins_of_Old_Guk
P -357.3129, -1641.4945, -92.1408, 150, 0, 200, 3, to_The_Ruins_of_Old_Guk
P -621.1703, -1111.3447, -89.5899, 150, 0, 200, 3, to_The_Ruins_of_Old_Guk
P -35.7055, 61.0677, -0.8014, 150, 0, 200, 3, to_Innothule_Swamp
P -86.9550, -1429.1178, -1.0000, 110, 0, 60, 3, Froglok_King_(deep)
P -86.9550, -978.7979, -1.0000, 30, 80, 95, 3, Froglok_City_Halls
P -203.9080, -1158.9259, -1.0000, 150, 90, 40, 2, Lord_Grimlok_(named)
P 29.9980, -708.6059, -1.0000, 110, 0, 60, 2, Ghoul_camps
P -462.0000, -1653.0000, -1.0000, 110, 0, 60, 2, Ancient_Crocodile_(30)
P -288.0000, 5.0000, -1.0000, 110, 0, 60, 2, Froglok_Shin_Lord_(30_Ghoulbane)
P -627.0000, -1269.0000, -1.0000, 110, 0, 60, 2, Froglok_Nokta_Shaman_(27)
P -266.0000, -1104.0000, -1.0000, 110, 0, 60, 2, Froglok_Summoner_(28)
P -331.0000, -1104.0000, -1.0000, 110, 0, 60, 2, Froglok_Priest_(24)
P 465.0000, -244.0000, -1.0000, 110, 0, 60, 2, Froglok_Scryer_(21)
P 77.0000, -286.0000, -1.0000, 110, 0, 60, 2, The_Froglok_Warden_(25)
P 139.0000, 27.0000, -1.0000, 110, 0, 60, 2, Giant_Heart_Spider_(21)
P 42.0000, -740.0000, -1.0000, 110, 0, 60, 2, Tempus_(26_DE_Necro_secret_rm)
P 62.0000, -740.0000, -1.0000, 110, 0, 60, 2, Skeleton_Monk_(25_secret_rm)
