P -627.7700, -910.2800, 0.0000, 90, 70, 50, 3, N
P -627.7700, -731.0800, 0.0000, 90, 70, 50, 1, S
P -538.1700, -820.6800, 0.0000, 90, 70, 50, 1, E
P -717.3700, -820.6800, 0.0000, 90, 70, 50, 1, W
L -360.00, -685.72, 0.0000, -360.00, 805.69, 0.0000, 150, 158, 168
L -180.00, -685.72, 0.0000, -180.00, 805.69, 0.0000, 150, 158, 168
L 0.00, -685.72, 0.0000, 0.00, 805.69, 0.0000, 150, 158, 168
L 180.00, -685.72, 0.0000, 180.00, 805.69, 0.0000, 150, 158, 168
L 360.00, -685.72, 0.0000, 360.00, 805.69, 0.0000, 150, 158, 168
L 540.00, -685.72, 0.0000, 540.00, 805.69, 0.0000, 150, 158, 168
L -492.81, -360.00, 0.0000, 554.78, -360.00, 0.0000, 150, 158, 168
L -492.81, -180.00, 0.0000, 554.78, -180.00, 0.0000, 150, 158, 168
L -492.81, 0.00, 0.0000, 554.78, 0.00, 0.0000, 150, 158, 168
L -492.81, 180.00, 0.0000, 554.78, 180.00, 0.0000, 150, 158, 168
L -492.81, 360.00, 0.0000, 554.78, 360.00, 0.0000, 150, 158, 168
L -492.81, 540.00, 0.0000, 554.78, 540.00, 0.0000, 150, 158, 168
L -492.81, 720.00, 0.0000, 554.78, 720.00, 0.0000, 150, 158, 168
L -492.81, 805.69, 0.0000, 554.78, 805.69, 0.0000, 150, 158, 168
L -492.81, -685.72, 0.0000, -492.81, 805.69, 0.0000, 150, 158, 168
L 554.78, -685.72, 0.0000, 554.78, 805.69, 0.0000, 150, 158, 168
L -730.81, -923.72, 0.0000, -603.84, -912.83, 0.0000, 90, 70, 50
L -603.84, -912.83, 0.0000, -476.88, -923.72, 0.0000, 90, 70, 50
L -476.88, -923.72, 0.0000, -349.91, -894.13, 0.0000, 90, 70, 50
L 411.88, -899.43, 0.0000, 538.85, -923.72, 0.0000, 90, 70, 50
L 538.85, -923.72, 0.0000, 665.81, -903.26, 0.0000, 90, 70, 50
L 665.81, -903.26, 0.0000, 792.78, -923.72, 0.0000, 90, 70, 50
L 792.78, -923.72, 0.0000, 778.27, -800.76, 0.0000, 90, 70, 50
L -603.84, 1032.75, 0.0000, -730.81, 1043.69, 0.0000, 90, 70, 50
L -730.81, 1043.69, 0.0000, -702.81, 920.73, 0.0000, 90, 70, 50
L -702.81, 920.73, 0.0000, -730.81, 797.76, 0.0000, 90, 70, 50
L -730.81, 797.76, 0.0000, -711.00, 674.80, 0.0000, 90, 70, 50
L -711.00, 674.80, 0.0000, -730.81, 551.84, 0.0000, 90, 70, 50
L -730.81, 551.84, 0.0000, -702.44, 428.87, 0.0000, 90, 70, 50
L -702.44, 428.87, 0.0000, -730.81, 305.91, 0.0000, 90, 70, 50
L -730.81, 305.91, 0.0000, -703.43, 182.95, 0.0000, 90, 70, 50
L -719.86, -800.76, 0.0000, -730.81, -923.72, 0.0000, 90, 70, 50
L -656.81, -849.72, 0.0000, -484.86, -842.42, 0.0000, 140, 120, 90
L 546.83, -841.18, 0.0000, 718.78, -849.72, 0.0000, 140, 120, 90
L 708.84, -684.32, 0.0000, 718.78, -518.92, 0.0000, 140, 120, 90
L 718.78, -518.92, 0.0000, 709.01, -353.52, 0.0000, 140, 120, 90
L 709.01, -353.52, 0.0000, 718.78, -188.12, 0.0000, 140, 120, 90
L 718.78, -188.12, 0.0000, 704.97, -22.72, 0.0000, 140, 120, 90
L 704.97, -22.72, 0.0000, 718.78, 142.69, 0.0000, 140, 120, 90
L 718.78, 142.69, 0.0000, 710.10, 308.09, 0.0000, 140, 120, 90
L 710.10, 308.09, 0.0000, 718.78, 473.49, 0.0000, 140, 120, 90
L 718.78, 473.49, 0.0000, 706.12, 638.89, 0.0000, 140, 120, 90
L 706.12, 638.89, 0.0000, 718.78, 804.29, 0.0000, 140, 120, 90
L 718.78, 804.29, 0.0000, 703.28, 969.69, 0.0000, 140, 120, 90
L 718.78, 969.69, 0.0000, 546.83, 955.14, 0.0000, 140, 120, 90
L 546.83, 955.14, 0.0000, 374.88, 969.69, 0.0000, 140, 120, 90
L 374.88, 969.69, 0.0000, 202.93, 958.40, 0.0000, 140, 120, 90
L 202.93, 958.40, 0.0000, 30.99, 969.69, 0.0000, 140, 120, 90
L 30.99, 969.69, 0.0000, -140.96, 963.79, 0.0000, 140, 120, 90
L -140.96, 963.79, 0.0000, -312.91, 969.69, 0.0000, 140, 120, 90
L -312.91, 969.69, 0.0000, -484.86, 961.29, 0.0000, 140, 120, 90
L -484.86, 961.29, 0.0000, -656.81, 969.69, 0.0000, 140, 120, 90
L -656.81, 969.69, 0.0000, -643.80, 804.29, 0.0000, 140, 120, 90
L -643.80, 804.29, 0.0000, -656.81, 638.89, 0.0000, 140, 120, 90
L -656.81, 638.89, 0.0000, -644.47, 473.49, 0.0000, 140, 120, 90
L -644.47, 473.49, 0.0000, -656.81, 308.09, 0.0000, 140, 120, 90
L -656.81, 308.09, 0.0000, -646.60, 142.69, 0.0000, 140, 120, 90
L -646.60, 142.69, 0.0000, -656.81, -22.72, 0.0000, 140, 120, 90
L -656.81, -22.72, 0.0000, -649.04, -188.12, 0.0000, 140, 120, 90
L -649.04, -188.12, 0.0000, -656.81, -353.52, 0.0000, 140, 120, 90
L -656.81, -353.52, 0.0000, -649.70, -518.92, 0.0000, 140, 120, 90
L -649.70, -518.92, 0.0000, -656.81, -684.32, 0.0000, 140, 120, 90
L  -693.5500, -796.7400, 0.0000, -696.7100, -808.5200, 0.0000, 90, 70, 50
L  -696.7100, -808.5200, 0.0000, -697.7700, -820.6800, 0.0000, 90, 70, 50
L  -697.7700, -820.6800, 0.0000, -696.7100, -832.8400, 0.0000, 90, 70, 50
L  -696.7100, -832.8400, 0.0000, -693.5500, -844.6200, 0.0000, 90, 70, 50
L  -693.5500, -844.6200, 0.0000, -688.3900, -855.6800, 0.0000, 90, 70, 50
L  -688.3900, -855.6800, 0.0000, -681.3900, -865.6800, 0.0000, 90, 70, 50
L  -681.3900, -865.6800, 0.0000, -672.7700, -874.3000, 0.0000, 90, 70, 50
L  -672.7700, -874.3000, 0.0000, -662.7700, -881.3000, 0.0000, 90, 70, 50
L  -662.7700, -881.3000, 0.0000, -651.7100, -886.4600, 0.0000, 90, 70, 50
L  -651.7100, -886.4600, 0.0000, -639.9300, -889.6200, 0.0000, 90, 70, 50
L  -639.9300, -889.6200, 0.0000, -627.7700, -890.6800, 0.0000, 90, 70, 50
L  -627.7700, -890.6800, 0.0000, -615.6100, -889.6200, 0.0000, 90, 70, 50
L  -615.6100, -889.6200, 0.0000, -603.8300, -886.4600, 0.0000, 90, 70, 50
L  -603.8300, -886.4600, 0.0000, -592.7700, -881.3000, 0.0000, 90, 70, 50
L  -592.7700, -881.3000, 0.0000, -582.7700, -874.3000, 0.0000, 90, 70, 50
L  -582.7700, -874.3000, 0.0000, -574.1500, -865.6800, 0.0000, 90, 70, 50
L  -574.1500, -865.6800, 0.0000, -567.1500, -855.6800, 0.0000, 90, 70, 50
L  -567.1500, -855.6800, 0.0000, -561.9900, -844.6200, 0.0000, 90, 70, 50
L  -696.2700, -781.1300, 0.0000, -702.1000, -793.6300, 0.0000, 140, 120, 90
L  -702.1000, -793.6300, 0.0000, -705.6700, -806.9400, 0.0000, 140, 120, 90
L  -705.6700, -806.9400, 0.0000, -706.8700, -820.6800, 0.0000, 140, 120, 90
L  -706.8700, -820.6800, 0.0000, -705.6700, -834.4200, 0.0000, 140, 120, 90
L  -705.6700, -834.4200, 0.0000, -702.1000, -847.7300, 0.0000, 140, 120, 90
L  -702.1000, -847.7300, 0.0000, -696.2700, -860.2300, 0.0000, 140, 120, 90
L  -696.2700, -860.2300, 0.0000, -688.3600, -871.5200, 0.0000, 140, 120, 90
L  -688.3600, -871.5200, 0.0000, -678.6100, -881.2700, 0.0000, 140, 120, 90
L  -678.6100, -881.2700, 0.0000, -667.3200, -889.1800, 0.0000, 140, 120, 90
L  -667.3200, -889.1800, 0.0000, -654.8200, -895.0100, 0.0000, 140, 120, 90
L  -654.8200, -895.0100, 0.0000, -641.5100, -898.5800, 0.0000, 140, 120, 90
L  -641.5100, -898.5800, 0.0000, -627.7700, -899.7800, 0.0000, 140, 120, 90
L  -627.7700, -899.7800, 0.0000, -614.0300, -898.5800, 0.0000, 140, 120, 90
L  -614.0300, -898.5800, 0.0000, -600.7200, -895.0100, 0.0000, 140, 120, 90
L  -600.7200, -895.0100, 0.0000, -588.2200, -889.1800, 0.0000, 140, 120, 90
L  -588.2200, -889.1800, 0.0000, -576.9300, -881.2700, 0.0000, 140, 120, 90
L  -576.9300, -881.2700, 0.0000, -567.1800, -871.5200, 0.0000, 140, 120, 90
L  -567.1800, -871.5200, 0.0000, -559.2700, -860.2300, 0.0000, 140, 120, 90
L  -559.2700, -860.2300, 0.0000, -553.4400, -847.7300, 0.0000, 140, 120, 90
L  -627.7700, -820.6800, 0.0000, -627.7700, -890.6800, 0.0000, 140, 120, 90
L  -635.7700, -876.6800, 0.0000, -627.7700, -886.4800, 0.0000, 90, 70, 50
L  -619.7700, -876.6800, 0.0000, -627.7700, -886.4800, 0.0000, 90, 70, 50
L 393.5575, -400.4994, 0.0000, 393.2133, -418.9794, 0.0000, 110, 92, 70
L 393.2133, -418.9794, 0.0000, 407.6718, -418.9794, 0.0000, 110, 92, 70
L 407.6718, -418.9794, 0.0000, 407.3275, -400.4994, 0.0000, 110, 92, 70
L 407.3275, -400.4994, 0.0000, 393.5575, -400.4994, 0.0000, 110, 92, 70
L 397.0000, -400.4994, 0.0000, 396.3115, -389.9394, 0.0000, 110, 92, 70
L 403.8850, -400.4994, 0.0000, 404.9178, -389.9394, 0.0000, 110, 92, 70
L 404.9425, -424.9794, 0.0000, 404.0831, -422.1580, 0.0000, 110, 92, 70
L 404.0831, -422.1580, 0.0000, 401.8331, -420.4143, 0.0000, 110, 92, 70
L 401.8331, -420.4143, 0.0000, 399.0519, -420.4143, 0.0000, 110, 92, 70
L 399.0519, -420.4143, 0.0000, 396.8019, -422.1580, 0.0000, 110, 92, 70
L 396.8019, -422.1580, 0.0000, 395.9425, -424.9794, 0.0000, 110, 92, 70
L 395.9425, -424.9794, 0.0000, 396.8019, -427.8007, 0.0000, 110, 92, 70
L 396.8019, -427.8007, 0.0000, 399.0519, -429.5444, 0.0000, 110, 92, 70
L 399.0519, -429.5444, 0.0000, 401.8331, -429.5444, 0.0000, 110, 92, 70
L 401.8331, -429.5444, 0.0000, 404.0831, -427.8007, 0.0000, 110, 92, 70
L 404.0831, -427.8007, 0.0000, 404.9425, -424.9794, 0.0000, 110, 92, 70
L 391.4920, -417.7794, 0.0000, 400.4425, -420.7794, 0.0000, 110, 92, 70
L 400.4425, -420.7794, 0.0000, 409.3930, -417.7794, 0.0000, 110, 92, 70
L 410.6425, -419.9994, 0.0000, 410.6425, -394.7994, 0.0000, 110, 92, 70
L 410.6425, -418.7994, 0.0000, 416.6425, -415.1994, 0.0000, 110, 92, 70
L 416.6425, -415.1994, 0.0000, 410.6425, -411.5994, 0.0000, 110, 92, 70
L 387.1765, 448.3543, 0.0000, 386.8322, 429.8743, 0.0000, 110, 92, 70
L 386.8322, 429.8743, 0.0000, 401.2907, 429.8743, 0.0000, 110, 92, 70
L 401.2907, 429.8743, 0.0000, 400.9465, 448.3543, 0.0000, 110, 92, 70
L 400.9465, 448.3543, 0.0000, 387.1765, 448.3543, 0.0000, 110, 92, 70
L 390.6190, 448.3543, 0.0000, 389.9305, 458.9143, 0.0000, 110, 92, 70
L 397.5040, 448.3543, 0.0000, 398.5367, 458.9143, 0.0000, 110, 92, 70
L 398.5615, 423.8743, 0.0000, 397.7021, 426.6957, 0.0000, 110, 92, 70
L 397.7021, 426.6957, 0.0000, 395.4521, 428.4394, 0.0000, 110, 92, 70
L 395.4521, 428.4394, 0.0000, 392.6709, 428.4394, 0.0000, 110, 92, 70
L 392.6709, 428.4394, 0.0000, 390.4209, 426.6957, 0.0000, 110, 92, 70
L 390.4209, 426.6957, 0.0000, 389.5615, 423.8743, 0.0000, 110, 92, 70
L 389.5615, 423.8743, 0.0000, 390.4209, 421.0530, 0.0000, 110, 92, 70
L 390.4209, 421.0530, 0.0000, 392.6709, 419.3093, 0.0000, 110, 92, 70
L 392.6709, 419.3093, 0.0000, 395.4521, 419.3093, 0.0000, 110, 92, 70
L 395.4521, 419.3093, 0.0000, 397.7021, 421.0530, 0.0000, 110, 92, 70
L 397.7021, 421.0530, 0.0000, 398.5615, 423.8743, 0.0000, 110, 92, 70
L 385.1110, 431.0743, 0.0000, 394.0615, 428.0743, 0.0000, 110, 92, 70
L 394.0615, 428.0743, 0.0000, 403.0120, 431.0743, 0.0000, 110, 92, 70
L 404.2615, 428.8543, 0.0000, 404.2615, 454.0543, 0.0000, 110, 92, 70
L 404.2615, 430.0543, 0.0000, 410.2615, 433.6543, 0.0000, 110, 92, 70
L 410.2615, 433.6543, 0.0000, 404.2615, 437.2543, 0.0000, 110, 92, 70
L -243.9200, 393.3658, 0.0000, -244.2642, 374.8858, 0.0000, 110, 92, 70
L -244.2642, 374.8858, 0.0000, -229.8057, 374.8858, 0.0000, 110, 92, 70
L -229.8057, 374.8858, 0.0000, -230.1500, 393.3658, 0.0000, 110, 92, 70
L -230.1500, 393.3658, 0.0000, -243.9200, 393.3658, 0.0000, 110, 92, 70
L -240.4775, 393.3658, 0.0000, -241.1660, 403.9258, 0.0000, 110, 92, 70
L -233.5925, 393.3658, 0.0000, -232.5597, 403.9258, 0.0000, 110, 92, 70
L -232.5350, 368.8858, 0.0000, -233.3944, 371.7072, 0.0000, 110, 92, 70
L -233.3944, 371.7072, 0.0000, -235.6444, 373.4509, 0.0000, 110, 92, 70
L -235.6444, 373.4509, 0.0000, -238.4256, 373.4509, 0.0000, 110, 92, 70
L -238.4256, 373.4509, 0.0000, -240.6756, 371.7072, 0.0000, 110, 92, 70
L -240.6756, 371.7072, 0.0000, -241.5350, 368.8858, 0.0000, 110, 92, 70
L -241.5350, 368.8858, 0.0000, -240.6756, 366.0644, 0.0000, 110, 92, 70
L -240.6756, 366.0644, 0.0000, -238.4256, 364.3207, 0.0000, 110, 92, 70
L -238.4256, 364.3207, 0.0000, -235.6444, 364.3207, 0.0000, 110, 92, 70
L -235.6444, 364.3207, 0.0000, -233.3944, 366.0644, 0.0000, 110, 92, 70
L -233.3944, 366.0644, 0.0000, -232.5350, 368.8858, 0.0000, 110, 92, 70
L -245.9855, 376.0858, 0.0000, -237.0350, 373.0858, 0.0000, 110, 92, 70
L -237.0350, 373.0858, 0.0000, -228.0845, 376.0858, 0.0000, 110, 92, 70
L -226.8350, 373.8658, 0.0000, -226.8350, 399.0658, 0.0000, 110, 92, 70
L -226.8350, 375.0658, 0.0000, -220.8350, 378.6658, 0.0000, 110, 92, 70
L -220.8350, 378.6658, 0.0000, -226.8350, 382.2658, 0.0000, 110, 92, 70
L -327.3083, 518.5394, 0.0000, -327.6526, 500.0594, 0.0000, 110, 92, 70
L -327.6526, 500.0594, 0.0000, -313.1941, 500.0594, 0.0000, 110, 92, 70
L -313.1941, 500.0594, 0.0000, -313.5383, 518.5394, 0.0000, 110, 92, 70
L -313.5383, 518.5394, 0.0000, -327.3083, 518.5394, 0.0000, 110, 92, 70
L -323.8658, 518.5394, 0.0000, -324.5543, 529.0994, 0.0000, 110, 92, 70
L -316.9808, 518.5394, 0.0000, -315.9481, 529.0994, 0.0000, 110, 92, 70
L -315.9233, 494.0594, 0.0000, -316.7828, 496.8808, 0.0000, 110, 92, 70
L -316.7828, 496.8808, 0.0000, -319.0328, 498.6245, 0.0000, 110, 92, 70
L -319.0328, 498.6245, 0.0000, -321.8139, 498.6245, 0.0000, 110, 92, 70
L -321.8139, 498.6245, 0.0000, -324.0639, 496.8808, 0.0000, 110, 92, 70
L -324.0639, 496.8808, 0.0000, -324.9233, 494.0594, 0.0000, 110, 92, 70
L -324.9233, 494.0594, 0.0000, -324.0639, 491.2381, 0.0000, 110, 92, 70
L -324.0639, 491.2381, 0.0000, -321.8139, 489.4944, 0.0000, 110, 92, 70
L -321.8139, 489.4944, 0.0000, -319.0328, 489.4944, 0.0000, 110, 92, 70
L -319.0328, 489.4944, 0.0000, -316.7828, 491.2381, 0.0000, 110, 92, 70
L -316.7828, 491.2381, 0.0000, -315.9233, 494.0594, 0.0000, 110, 92, 70
L -329.3738, 501.2594, 0.0000, -320.4233, 498.2594, 0.0000, 110, 92, 70
L -320.4233, 498.2594, 0.0000, -311.4728, 501.2594, 0.0000, 110, 92, 70
L -310.2233, 499.0394, 0.0000, -310.2233, 524.2394, 0.0000, 110, 92, 70
L -310.2233, 500.2394, 0.0000, -304.2233, 503.8394, 0.0000, 110, 92, 70
L -304.2233, 503.8394, 0.0000, -310.2233, 507.4394, 0.0000, 110, 92, 70
L 278.5770, 22.2371, 0.0000, 278.2328, 3.7571, 0.0000, 110, 92, 70
L 278.2328, 3.7571, 0.0000, 292.6913, 3.7571, 0.0000, 110, 92, 70
L 292.6913, 3.7571, 0.0000, 292.3470, 22.2371, 0.0000, 110, 92, 70
L 292.3470, 22.2371, 0.0000, 278.5770, 22.2371, 0.0000, 110, 92, 70
L 282.0195, 22.2371, 0.0000, 281.3310, 32.7971, 0.0000, 110, 92, 70
L 288.9045, 22.2371, 0.0000, 289.9373, 32.7971, 0.0000, 110, 92, 70
L 289.9620, -2.2429, 0.0000, 289.1026, 0.5784, 0.0000, 110, 92, 70
L 289.1026, 0.5784, 0.0000, 286.8526, 2.3221, 0.0000, 110, 92, 70
L 286.8526, 2.3221, 0.0000, 284.0714, 2.3221, 0.0000, 110, 92, 70
L 284.0714, 2.3221, 0.0000, 281.8214, 0.5784, 0.0000, 110, 92, 70
L 281.8214, 0.5784, 0.0000, 280.9620, -2.2429, 0.0000, 110, 92, 70
L 280.9620, -2.2429, 0.0000, 281.8214, -5.0643, 0.0000, 110, 92, 70
L 281.8214, -5.0643, 0.0000, 284.0714, -6.8080, 0.0000, 110, 92, 70
L 284.0714, -6.8080, 0.0000, 286.8526, -6.8080, 0.0000, 110, 92, 70
L 286.8526, -6.8080, 0.0000, 289.1026, -5.0643, 0.0000, 110, 92, 70
L 289.1026, -5.0643, 0.0000, 289.9620, -2.2429, 0.0000, 110, 92, 70
L 276.5115, 4.9571, 0.0000, 285.4620, 1.9571, 0.0000, 110, 92, 70
L 285.4620, 1.9571, 0.0000, 294.4125, 4.9571, 0.0000, 110, 92, 70
L 295.6620, 2.7371, 0.0000, 295.6620, 27.9371, 0.0000, 110, 92, 70
L 295.6620, 3.9371, 0.0000, 301.6620, 7.5371, 0.0000, 110, 92, 70
L 301.6620, 7.5371, 0.0000, 295.6620, 11.1371, 0.0000, 110, 92, 70
L -264.3715, 285.1600, 0.0000, -264.7157, 266.6800, 0.0000, 110, 92, 70
L -264.7157, 266.6800, 0.0000, -250.2572, 266.6800, 0.0000, 110, 92, 70
L -250.2572, 266.6800, 0.0000, -250.6015, 285.1600, 0.0000, 110, 92, 70
L -250.6015, 285.1600, 0.0000, -264.3715, 285.1600, 0.0000, 110, 92, 70
L -260.9290, 285.1600, 0.0000, -261.6175, 295.7200, 0.0000, 110, 92, 70
L -254.0440, 285.1600, 0.0000, -253.0112, 295.7200, 0.0000, 110, 92, 70
L -252.9865, 260.6800, 0.0000, -253.8459, 263.5013, 0.0000, 110, 92, 70
L -253.8459, 263.5013, 0.0000, -256.0959, 265.2450, 0.0000, 110, 92, 70
L -256.0959, 265.2450, 0.0000, -258.8770, 265.2450, 0.0000, 110, 92, 70
L -258.8770, 265.2450, 0.0000, -261.1270, 263.5013, 0.0000, 110, 92, 70
L -261.1270, 263.5013, 0.0000, -261.9865, 260.6800, 0.0000, 110, 92, 70
L -261.9865, 260.6800, 0.0000, -261.1270, 257.8586, 0.0000, 110, 92, 70
L -261.1270, 257.8586, 0.0000, -258.8770, 256.1149, 0.0000, 110, 92, 70
L -258.8770, 256.1149, 0.0000, -256.0959, 256.1149, 0.0000, 110, 92, 70
L -256.0959, 256.1149, 0.0000, -253.8459, 257.8586, 0.0000, 110, 92, 70
L -253.8459, 257.8586, 0.0000, -252.9865, 260.6800, 0.0000, 110, 92, 70
L -266.4370, 267.8800, 0.0000, -257.4865, 264.8800, 0.0000, 110, 92, 70
L -257.4865, 264.8800, 0.0000, -248.5360, 267.8800, 0.0000, 110, 92, 70
L -247.2865, 265.6600, 0.0000, -247.2865, 290.8600, 0.0000, 110, 92, 70
L -247.2865, 266.8600, 0.0000, -241.2865, 270.4600, 0.0000, 110, 92, 70
L -241.2865, 270.4600, 0.0000, -247.2865, 274.0600, 0.0000, 110, 92, 70
L 208.8954, 261.1636, 0.0000, 208.5512, 242.6836, 0.0000, 110, 92, 70
L 208.5512, 242.6836, 0.0000, 223.0097, 242.6836, 0.0000, 110, 92, 70
L 223.0097, 242.6836, 0.0000, 222.6654, 261.1636, 0.0000, 110, 92, 70
L 222.6654, 261.1636, 0.0000, 208.8954, 261.1636, 0.0000, 110, 92, 70
L 212.3379, 261.1636, 0.0000, 211.6494, 271.7236, 0.0000, 110, 92, 70
L 219.2229, 261.1636, 0.0000, 220.2557, 271.7236, 0.0000, 110, 92, 70
L 220.2804, 236.6836, 0.0000, 219.4210, 239.5049, 0.0000, 110, 92, 70
L 219.4210, 239.5049, 0.0000, 217.1710, 241.2486, 0.0000, 110, 92, 70
L 217.1710, 241.2486, 0.0000, 214.3898, 241.2486, 0.0000, 110, 92, 70
L 214.3898, 241.2486, 0.0000, 212.1398, 239.5049, 0.0000, 110, 92, 70
L 212.1398, 239.5049, 0.0000, 211.2804, 236.6836, 0.0000, 110, 92, 70
L 211.2804, 236.6836, 0.0000, 212.1398, 233.8622, 0.0000, 110, 92, 70
L 212.1398, 233.8622, 0.0000, 214.3898, 232.1185, 0.0000, 110, 92, 70
L 214.3898, 232.1185, 0.0000, 217.1710, 232.1185, 0.0000, 110, 92, 70
L 217.1710, 232.1185, 0.0000, 219.4210, 233.8622, 0.0000, 110, 92, 70
L 219.4210, 233.8622, 0.0000, 220.2804, 236.6836, 0.0000, 110, 92, 70
L 206.8299, 243.8836, 0.0000, 215.7804, 240.8836, 0.0000, 110, 92, 70
L 215.7804, 240.8836, 0.0000, 224.7309, 243.8836, 0.0000, 110, 92, 70
L 225.9804, 241.6636, 0.0000, 225.9804, 266.8636, 0.0000, 110, 92, 70
L 225.9804, 242.8636, 0.0000, 231.9804, 246.4636, 0.0000, 110, 92, 70
L 231.9804, 246.4636, 0.0000, 225.9804, 250.0636, 0.0000, 110, 92, 70
L 272.4890, 143.3101, 0.0000, 272.1448, 124.8301, 0.0000, 110, 92, 70
L 272.1448, 124.8301, 0.0000, 286.6033, 124.8301, 0.0000, 110, 92, 70
L 286.6033, 124.8301, 0.0000, 286.2590, 143.3101, 0.0000, 110, 92, 70
L 286.2590, 143.3101, 0.0000, 272.4890, 143.3101, 0.0000, 110, 92, 70
L 275.9315, 143.3101, 0.0000, 275.2430, 153.8701, 0.0000, 110, 92, 70
L 282.8165, 143.3101, 0.0000, 283.8493, 153.8701, 0.0000, 110, 92, 70
L 283.8740, 118.8301, 0.0000, 283.0146, 121.6515, 0.0000, 110, 92, 70
L 283.0146, 121.6515, 0.0000, 280.7646, 123.3952, 0.0000, 110, 92, 70
L 280.7646, 123.3952, 0.0000, 277.9835, 123.3952, 0.0000, 110, 92, 70
L 277.9835, 123.3952, 0.0000, 275.7335, 121.6515, 0.0000, 110, 92, 70
L 275.7335, 121.6515, 0.0000, 274.8740, 118.8301, 0.0000, 110, 92, 70
L 274.8740, 118.8301, 0.0000, 275.7335, 116.0087, 0.0000, 110, 92, 70
L 275.7335, 116.0087, 0.0000, 277.9835, 114.2650, 0.0000, 110, 92, 70
L 277.9835, 114.2650, 0.0000, 280.7646, 114.2650, 0.0000, 110, 92, 70
L 280.7646, 114.2650, 0.0000, 283.0146, 116.0087, 0.0000, 110, 92, 70
L 283.0146, 116.0087, 0.0000, 283.8740, 118.8301, 0.0000, 110, 92, 70
L 270.4235, 126.0301, 0.0000, 279.3740, 123.0301, 0.0000, 110, 92, 70
L 279.3740, 123.0301, 0.0000, 288.3245, 126.0301, 0.0000, 110, 92, 70
L 289.5740, 123.8101, 0.0000, 289.5740, 149.0101, 0.0000, 110, 92, 70
L 289.5740, 125.0101, 0.0000, 295.5740, 128.6101, 0.0000, 110, 92, 70
L 295.5740, 128.6101, 0.0000, 289.5740, 132.2101, 0.0000, 110, 92, 70
L -572.4100, -461.6182, 0.0000, -559.7380, -465.4198, 0.0000, 104, 96, 96
L -559.7380, -465.4198, 0.0000, -538.6180, -426.1366, 0.0000, 104, 96, 96
L -538.6180, -426.1366, 0.0000, -521.7220, -429.9382, 0.0000, 104, 96, 96
L -521.7220, -429.9382, 0.0000, -500.6020, -388.1206, 0.0000, 104, 96, 96
L -500.6020, -388.1206, 0.0000, -475.2580, -360.2422, 0.0000, 104, 96, 96
L -577.9483, -448.8656, 0.0000, -570.1713, -433.5688, 0.0000, 132, 124, 120
L -570.1713, -433.5688, 0.0000, -561.6281, -416.7917, 0.0000, 132, 124, 120
L -561.6281, -416.7917, 0.0000, -550.7826, -401.0449, 0.0000, 132, 124, 120
L -563.9620, -433.7398, 0.0000, -555.7117, -415.1537, 0.0000, 132, 124, 120
L -555.7117, -415.1537, 0.0000, -543.8160, -397.3654, 0.0000, 132, 124, 120
L -543.8160, -397.3654, 0.0000, -537.2110, -377.0314, 0.0000, 132, 124, 120
L -574.1700, -476.9302, 0.0000, -562.5540, -467.4262, 0.0000, 132, 124, 120
L -565.3700, -466.8982, 0.0000, -553.7540, -457.3942, 0.0000, 132, 124, 120
L -556.5700, -456.8662, 0.0000, -544.9540, -447.3622, 0.0000, 132, 124, 120
L -547.7700, -446.8342, 0.0000, -536.1540, -437.3302, 0.0000, 132, 124, 120
L -538.9700, -436.8022, 0.0000, -527.3540, -427.2982, 0.0000, 132, 124, 120
L -530.1700, -426.7702, 0.0000, -518.5540, -417.2662, 0.0000, 132, 124, 120
L -521.3700, -416.7382, 0.0000, -509.7540, -407.2342, 0.0000, 132, 124, 120
L -512.5700, -406.7062, 0.0000, -500.9540, -397.2022, 0.0000, 132, 124, 120
L -503.7700, -396.6742, 0.0000, -492.1540, -387.1702, 0.0000, 132, 124, 120
L -494.9700, -386.6422, 0.0000, -483.3540, -377.1382, 0.0000, 132, 124, 120
L -486.1700, -376.6102, 0.0000, -474.5540, -367.1062, 0.0000, 132, 124, 120
L -572.6140, -360.6730, 0.0000, -566.1415, -354.8467, 0.0000, 132, 124, 120
L -558.8047, -355.9120, 0.0000, -550.1227, -364.7312, 0.0000, 132, 124, 120
L -550.1227, -361.3248, 0.0000, -540.2004, -355.9120, 0.0000, 132, 124, 120
L -535.5702, -359.2373, 0.0000, -526.4962, -365.1618, 0.0000, 132, 124, 120
L -526.4962, -364.5399, 0.0000, -516.1259, -359.2373, 0.0000, 132, 124, 120
L -512.4047, -361.5377, 0.0000, -506.1976, -368.6016, 0.0000, 132, 124, 120
L -506.1976, -367.1643, 0.0000, -499.1037, -361.5377, 0.0000, 132, 124, 120
L -492.2746, -362.4338, 0.0000, -482.0714, -370.8177, 0.0000, 132, 124, 120
L -482.0714, -369.1273, 0.0000, -470.4105, -362.4338, 0.0000, 132, 124, 120
L 545.6760, -181.2730, 0.0000, 571.0200, -206.6170, 0.0000, 104, 96, 96
L 571.0200, -206.6170, 0.0000, 585.8040, -201.5482, 0.0000, 104, 96, 96
L 585.8040, -201.5482, 0.0000, 604.8120, -237.0298, 0.0000, 104, 96, 96
L 604.8120, -237.0298, 0.0000, 623.8200, -231.9610, 0.0000, 104, 96, 96
L 623.8200, -231.9610, 0.0000, 642.8280, -280.1146, 0.0000, 104, 96, 96
L 528.7800, -181.2730, 0.0000, 549.9000, -219.2890, 0.0000, 132, 124, 120
L 549.9000, -219.2890, 0.0000, 562.5720, -214.2202, 0.0000, 132, 124, 120
L 562.5720, -214.2202, 0.0000, 579.4680, -247.1674, 0.0000, 132, 124, 120
L 579.4680, -247.1674, 0.0000, 598.4760, -219.2890, 0.0000, 132, 124, 120
L 630.1560, -259.8394, 0.0000, 618.9293, -238.9899, 0.0000, 132, 124, 120
L 618.9293, -238.9899, 0.0000, 607.9431, -224.3569, 0.0000, 132, 124, 120
L 607.9431, -224.3569, 0.0000, 601.1015, -205.3289, 0.0000, 132, 124, 120
L 640.4813, -289.6890, 0.0000, 629.9213, -280.8186, 0.0000, 132, 124, 120
L 629.6867, -277.7210, 0.0000, 619.1267, -268.8506, 0.0000, 132, 124, 120
L 618.8920, -265.7530, 0.0000, 608.3320, -256.8826, 0.0000, 132, 124, 120
L 608.0973, -253.7850, 0.0000, 597.5373, -244.9146, 0.0000, 132, 124, 120
L 597.3027, -241.8170, 0.0000, 586.7427, -232.9466, 0.0000, 132, 124, 120
L 586.5080, -229.8490, 0.0000, 575.9480, -220.9786, 0.0000, 132, 124, 120
L 575.7133, -217.8810, 0.0000, 565.1533, -209.0106, 0.0000, 132, 124, 120
L 564.9187, -205.9130, 0.0000, 554.3587, -197.0426, 0.0000, 132, 124, 120
L 531.6022, -183.4926, 0.0000, 540.7432, -190.8511, 0.0000, 132, 124, 120
L 540.7432, -188.5164, 0.0000, 551.1900, -183.4926, 0.0000, 132, 124, 120
L 550.1676, -180.0107, 0.0000, 555.6930, -188.6837, 0.0000, 132, 124, 120
L 555.6930, -186.4727, 0.0000, 562.0078, -180.0107, 0.0000, 132, 124, 120
L 570.3822, -181.5708, 0.0000, 581.6443, -188.4327, 0.0000, 132, 124, 120
L 581.6443, -188.1001, 0.0000, 594.5153, -181.5708, 0.0000, 132, 124, 120
L 602.7692, -179.6977, 0.0000, 610.5668, -186.6922, 0.0000, 132, 124, 120
L 610.5668, -184.4219, 0.0000, 619.4783, -179.6977, 0.0000, 132, 124, 120
L 612.4006, -181.5270, 0.0000, 622.9887, -185.7432, 0.0000, 132, 124, 120
L 622.9887, -184.7123, 0.0000, 635.0895, -181.5270, 0.0000, 132, 124, 120
L -703.3540, 534.6037, 0.0000, -678.0100, 509.2597, 0.0000, 104, 96, 96
L -678.0100, 509.2597, 0.0000, -663.2260, 514.3285, 0.0000, 104, 96, 96
L -663.2260, 514.3285, 0.0000, -644.2180, 478.8469, 0.0000, 104, 96, 96
L -644.2180, 478.8469, 0.0000, -625.2100, 483.9157, 0.0000, 104, 96, 96
L -625.2100, 483.9157, 0.0000, -606.2020, 435.7621, 0.0000, 104, 96, 96
L -606.2020, 435.7621, 0.0000, -595.6420, 416.7541, 0.0000, 104, 96, 96
L -595.6420, 416.7541, 0.0000, -587.1940, 407.8837, 0.0000, 104, 96, 96
L -587.1940, 407.8837, 0.0000, -572.4100, 433.2277, 0.0000, 104, 96, 96
L -572.4100, 433.2277, 0.0000, -559.7380, 429.4261, 0.0000, 104, 96, 96
L -559.7380, 429.4261, 0.0000, -538.6180, 468.7093, 0.0000, 104, 96, 96
L -538.6180, 468.7093, 0.0000, -521.7220, 464.9077, 0.0000, 104, 96, 96
L -521.7220, 464.9077, 0.0000, -500.6020, 506.7253, 0.0000, 104, 96, 96
L -500.6020, 506.7253, 0.0000, -475.2580, 534.6037, 0.0000, 104, 96, 96
L -720.2500, 534.6037, 0.0000, -699.1300, 496.5877, 0.0000, 132, 124, 120
L -699.1300, 496.5877, 0.0000, -686.4580, 501.6565, 0.0000, 132, 124, 120
L -686.4580, 501.6565, 0.0000, -669.5620, 468.7093, 0.0000, 132, 124, 120
L -669.5620, 468.7093, 0.0000, -650.5540, 496.5877, 0.0000, 132, 124, 120
L -589.3060, 425.6245, 0.0000, -583.1668, 448.0519, 0.0000, 132, 124, 120
L -583.1668, 448.0519, 0.0000, -577.8755, 467.8690, 0.0000, 132, 124, 120
L -577.8755, 467.8690, 0.0000, -572.9319, 483.0495, 0.0000, 132, 124, 120
L -572.9319, 483.0495, 0.0000, -560.2673, 497.8443, 0.0000, 132, 124, 120
L -563.9620, 461.1061, 0.0000, -554.3155, 478.4326, 0.0000, 132, 124, 120
L -554.3155, 478.4326, 0.0000, -546.2634, 496.1226, 0.0000, 132, 124, 120
L -546.2634, 496.1226, 0.0000, -540.4155, 517.2141, 0.0000, 132, 124, 120
L -618.8740, 456.0373, 0.0000, -623.2669, 471.4137, 0.0000, 132, 124, 120
L -623.2669, 471.4137, 0.0000, -630.9348, 493.2305, 0.0000, 132, 124, 120
L -630.9348, 493.2305, 0.0000, -638.3613, 507.0554, 0.0000, 132, 124, 120
L -574.1700, 417.9157, 0.0000, -562.5540, 427.4197, 0.0000, 132, 124, 120
L -565.3700, 427.9477, 0.0000, -553.7540, 437.4517, 0.0000, 132, 124, 120
L -556.5700, 437.9797, 0.0000, -544.9540, 447.4837, 0.0000, 132, 124, 120
L -547.7700, 448.0117, 0.0000, -536.1540, 457.5157, 0.0000, 132, 124, 120
L -538.9700, 458.0437, 0.0000, -527.3540, 467.5477, 0.0000, 132, 124, 120
L -530.1700, 468.0757, 0.0000, -518.5540, 477.5797, 0.0000, 132, 124, 120
L -521.3700, 478.1077, 0.0000, -509.7540, 487.6117, 0.0000, 132, 124, 120
L -512.5700, 488.1397, 0.0000, -500.9540, 497.6437, 0.0000, 132, 124, 120
L -503.7700, 498.1717, 0.0000, -492.1540, 507.6757, 0.0000, 132, 124, 120
L -494.9700, 508.2037, 0.0000, -483.3540, 517.7077, 0.0000, 132, 124, 120
L -486.1700, 518.2357, 0.0000, -474.5540, 527.7397, 0.0000, 132, 124, 120
L -578.2171, 529.6695, 0.0000, -568.3873, 532.9552, 0.0000, 132, 124, 120
L -555.4339, 536.1705, 0.0000, -545.6248, 531.0707, 0.0000, 132, 124, 120
L -545.6248, 532.1949, 0.0000, -534.4144, 536.1705, 0.0000, 132, 124, 120
L -540.3356, 534.6928, 0.0000, -533.5677, 528.5758, 0.0000, 132, 124, 120
L -533.5677, 530.1851, 0.0000, -525.8330, 534.6928, 0.0000, 132, 124, 120
L -504.6741, 539.6269, 0.0000, -498.5473, 533.6456, 0.0000, 132, 124, 120
L -498.5473, 535.9622, 0.0000, -491.5453, 539.6269, 0.0000, 132, 124, 120
L -484.1037, 540.3773, 0.0000, -477.7910, 532.5450, 0.0000, 132, 124, 120
L -477.7910, 536.1772, 0.0000, -470.5766, 540.3773, 0.0000, 132, 124, 120
L -498.7245, 971.3050, 0.0000, -499.2762, 941.6894, 0.0000, 110, 92, 70
L -499.2762, 941.6894, 0.0000, -476.1053, 941.6894, 0.0000, 110, 92, 70
L -476.1053, 941.6894, 0.0000, -476.6570, 971.3050, 0.0000, 110, 92, 70
L -476.6570, 971.3050, 0.0000, -498.7245, 971.3050, 0.0000, 110, 92, 70
L -493.2076, 971.3050, 0.0000, -494.3110, 988.2281, 0.0000, 110, 92, 70
L -482.1739, 971.3050, 0.0000, -480.5188, 988.2281, 0.0000, 110, 92, 70
L -480.4792, 932.0739, 0.0000, -481.8565, 936.5954, 0.0000, 110, 92, 70
L -481.8565, 936.5954, 0.0000, -485.4623, 939.3898, 0.0000, 110, 92, 70
L -485.4623, 939.3898, 0.0000, -489.9193, 939.3898, 0.0000, 110, 92, 70
L -489.9193, 939.3898, 0.0000, -493.5250, 936.5954, 0.0000, 110, 92, 70
L -493.5250, 936.5954, 0.0000, -494.9023, 932.0739, 0.0000, 110, 92, 70
L -494.9023, 932.0739, 0.0000, -493.5250, 927.5525, 0.0000, 110, 92, 70
L -493.5250, 927.5525, 0.0000, -489.9193, 924.7581, 0.0000, 110, 92, 70
L -489.9193, 924.7581, 0.0000, -485.4623, 924.7581, 0.0000, 110, 92, 70
L -485.4623, 924.7581, 0.0000, -481.8565, 927.5525, 0.0000, 110, 92, 70
L -481.8565, 927.5525, 0.0000, -480.4792, 932.0739, 0.0000, 110, 92, 70
L -502.0346, 943.6125, 0.0000, -487.6908, 938.8048, 0.0000, 110, 92, 70
L -487.6908, 938.8048, 0.0000, -473.3469, 943.6125, 0.0000, 110, 92, 70
L -471.3445, 940.0548, 0.0000, -471.3445, 980.4396, 0.0000, 110, 92, 70
L -471.3445, 941.9779, 0.0000, -461.7291, 947.7471, 0.0000, 110, 92, 70
L -461.7291, 947.7471, 0.0000, -471.3445, 953.5164, 0.0000, 110, 92, 70
L -352.2571, 966.0165, 0.0000, -313.3972, 917.4415, 0.0000, 120, 104, 84
L -313.3972, 917.4415, 0.0000, -274.5372, 966.0165, 0.0000, 120, 104, 84
L -352.2571, 966.0165, 0.0000, -274.5372, 966.0165, 0.0000, 90, 70, 50
L -325.0552, 966.0165, 0.0000, -317.2832, 938.0373, 0.0000, 90, 70, 50
L -301.7392, 966.0165, 0.0000, -309.5112, 938.0373, 0.0000, 90, 70, 50
L -313.3972, 917.4415, 0.0000, -313.3972, 905.7835, 0.0000, 90, 70, 50
L -151.3194, 966.0165, 0.0000, -151.3194, 896.2119, 0.0000, 120, 104, 84
L -126.8878, 966.0165, 0.0000, -126.8878, 896.2119, 0.0000, 120, 104, 84
L -151.3194, 896.2119, 0.0000, -126.8878, 896.2119, 0.0000, 120, 104, 84
L -151.3194, 950.7467, 0.0000, -126.8878, 950.7467, 0.0000, 90, 70, 50
L -158.7361, 946.3839, 0.0000, -151.3194, 950.7467, 0.0000, 90, 70, 50
L -119.4710, 946.3839, 0.0000, -126.8878, 950.7467, 0.0000, 90, 70, 50
L -151.3194, 931.1142, 0.0000, -126.8878, 931.1142, 0.0000, 90, 70, 50
L -158.7361, 926.7514, 0.0000, -151.3194, 931.1142, 0.0000, 90, 70, 50
L -119.4710, 926.7514, 0.0000, -126.8878, 931.1142, 0.0000, 90, 70, 50
L -151.3194, 911.4816, 0.0000, -126.8878, 911.4816, 0.0000, 90, 70, 50
L -158.7361, 907.1188, 0.0000, -151.3194, 911.4816, 0.0000, 90, 70, 50
L -119.4710, 907.1188, 0.0000, -126.8878, 911.4816, 0.0000, 90, 70, 50
L 66.4033, 966.0165, 0.0000, 62.2215, 973.0395, 0.0000, 120, 104, 84
L 62.2215, 973.0395, 0.0000, 50.7966, 978.1806, 0.0000, 120, 104, 84
L 50.7966, 978.1806, 0.0000, 35.1900, 980.0624, 0.0000, 120, 104, 84
L 35.1900, 980.0624, 0.0000, 19.5834, 978.1806, 0.0000, 120, 104, 84
L 19.5834, 978.1806, 0.0000, 8.1585, 973.0395, 0.0000, 120, 104, 84
L 8.1585, 973.0395, 0.0000, 3.9767, 966.0165, 0.0000, 120, 104, 84
L 3.9767, 966.0165, 0.0000, 8.1585, 958.9935, 0.0000, 120, 104, 84
L 8.1585, 958.9935, 0.0000, 19.5834, 953.8523, 0.0000, 120, 104, 84
L 19.5834, 953.8523, 0.0000, 35.1900, 951.9705, 0.0000, 120, 104, 84
L 35.1900, 951.9705, 0.0000, 50.7966, 953.8523, 0.0000, 120, 104, 84
L 50.7966, 953.8523, 0.0000, 62.2215, 958.9935, 0.0000, 120, 104, 84
L 62.2215, 958.9935, 0.0000, 66.4033, 966.0165, 0.0000, 120, 104, 84
L 45.1136, 963.6154, 0.0000, 48.0865, 939.6052, 0.0000, 190, 110, 60
L 32.9015, 963.6154, 0.0000, 30.1230, 939.6052, 0.0000, 190, 110, 60
L 35.5149, 963.6154, 0.0000, 34.4192, 939.6052, 0.0000, 190, 110, 60
L 43.3669, 963.6154, 0.0000, 41.1001, 939.6052, 0.0000, 190, 110, 60
L 209.4836, 966.0165, 0.0000, 209.4836, 958.2093, 0.0000, 56, 48, 40
L 194.8452, 959.6732, 0.0000, 209.4836, 948.0845, 0.0000, 46, 72, 48
L 209.4836, 948.0845, 0.0000, 224.1219, 959.6732, 0.0000, 46, 72, 48
L 194.8452, 959.6732, 0.0000, 224.1219, 959.6732, 0.0000, 46, 72, 48
L 197.1142, 949.9143, 0.0000, 209.4836, 938.3256, 0.0000, 46, 72, 48
L 209.4836, 938.3256, 0.0000, 221.8530, 949.9143, 0.0000, 46, 72, 48
L 197.1142, 949.9143, 0.0000, 221.8530, 949.9143, 0.0000, 46, 72, 48
L 199.3831, 940.1554, 0.0000, 209.4836, 928.5667, 0.0000, 46, 72, 48
L 209.4836, 928.5667, 0.0000, 219.5841, 940.1554, 0.0000, 46, 72, 48
L 199.3831, 940.1554, 0.0000, 219.5841, 940.1554, 0.0000, 46, 72, 48
L 201.6521, 930.3965, 0.0000, 209.4836, 918.8078, 0.0000, 46, 72, 48
L 209.4836, 918.8078, 0.0000, 217.3151, 930.3965, 0.0000, 46, 72, 48
L 201.6521, 930.3965, 0.0000, 217.3151, 930.3965, 0.0000, 46, 72, 48
L 344.8944, 990.6921, 0.0000, 353.8673, 979.7251, 0.0000, 104, 96, 96
L 353.8673, 979.7251, 0.0000, 359.1016, 981.9185, 0.0000, 104, 96, 96
L 359.1016, 981.9185, 0.0000, 365.8313, 966.5648, 0.0000, 104, 96, 96
L 365.8313, 966.5648, 0.0000, 372.5610, 968.7582, 0.0000, 104, 96, 96
L 372.5610, 968.7582, 0.0000, 379.2907, 947.9210, 0.0000, 104, 96, 96
L 379.2907, 947.9210, 0.0000, 383.0294, 939.6958, 0.0000, 104, 96, 96
L 383.0294, 939.6958, 0.0000, 386.0204, 935.8574, 0.0000, 104, 96, 96
L 386.0204, 935.8574, 0.0000, 391.2546, 946.8243, 0.0000, 104, 96, 96
L 391.2546, 946.8243, 0.0000, 395.7411, 945.1793, 0.0000, 104, 96, 96
L 395.7411, 945.1793, 0.0000, 403.2186, 962.1780, 0.0000, 104, 96, 96
L 403.2186, 962.1780, 0.0000, 409.2005, 960.5330, 0.0000, 104, 96, 96
L 409.2005, 960.5330, 0.0000, 416.6780, 978.6284, 0.0000, 104, 96, 96
L 416.6780, 978.6284, 0.0000, 425.6509, 990.6921, 0.0000, 104, 96, 96
L 338.9124, 990.6921, 0.0000, 346.3899, 974.2417, 0.0000, 132, 124, 120
L 346.3899, 974.2417, 0.0000, 350.8764, 976.4351, 0.0000, 132, 124, 120
L 350.8764, 976.4351, 0.0000, 356.8583, 962.1780, 0.0000, 132, 124, 120
L 356.8583, 962.1780, 0.0000, 363.5880, 974.2417, 0.0000, 132, 124, 120
L 385.2727, 943.5342, 0.0000, 387.0384, 953.1879, 0.0000, 132, 124, 120
L 387.0384, 953.1879, 0.0000, 388.9824, 961.9148, 0.0000, 132, 124, 120
L 388.9824, 961.9148, 0.0000, 392.9940, 970.6758, 0.0000, 132, 124, 120
L 392.9940, 970.6758, 0.0000, 395.3926, 977.7018, 0.0000, 132, 124, 120
L 394.2456, 958.8880, 0.0000, 397.9002, 968.6075, 0.0000, 132, 124, 120
L 397.9002, 968.6075, 0.0000, 401.3776, 976.4624, 0.0000, 132, 124, 120
L 401.3776, 976.4624, 0.0000, 404.0333, 983.7257, 0.0000, 132, 124, 120
L 374.8042, 956.6946, 0.0000, 371.7110, 964.9459, 0.0000, 132, 124, 120
L 371.7110, 964.9459, 0.0000, 368.3236, 970.6093, 0.0000, 132, 124, 120
L 368.3236, 970.6093, 0.0000, 366.1384, 979.1888, 0.0000, 132, 124, 120
L 390.6315, 940.1985, 0.0000, 394.7441, 944.3111, 0.0000, 132, 124, 120
L 393.7471, 944.5395, 0.0000, 397.8597, 948.6522, 0.0000, 132, 124, 120
L 396.8627, 948.8806, 0.0000, 400.9753, 952.9932, 0.0000, 132, 124, 120
L 399.9783, 953.2217, 0.0000, 404.0909, 957.3343, 0.0000, 132, 124, 120
L 403.0939, 957.5628, 0.0000, 407.2065, 961.6754, 0.0000, 132, 124, 120
L 406.2095, 961.9039, 0.0000, 410.3221, 966.0165, 0.0000, 132, 124, 120
L 409.3251, 966.2449, 0.0000, 413.4377, 970.3575, 0.0000, 132, 124, 120
L 412.4407, 970.5860, 0.0000, 416.5533, 974.6986, 0.0000, 132, 124, 120
L 415.5564, 974.9271, 0.0000, 419.6690, 979.0397, 0.0000, 132, 124, 120
L 418.6720, 979.2682, 0.0000, 422.7846, 983.3808, 0.0000, 132, 124, 120
L 421.7876, 983.6093, 0.0000, 425.9002, 987.7219, 0.0000, 132, 124, 120
L 378.4599, 943.7780, 0.0000, 374.7211, 947.6164, 0.0000, 132, 124, 120
L 374.6381, 948.9568, 0.0000, 370.8993, 952.7952, 0.0000, 132, 124, 120
L 370.8162, 954.1356, 0.0000, 367.0775, 957.9740, 0.0000, 132, 124, 120
L 366.9944, 959.3144, 0.0000, 363.2557, 963.1529, 0.0000, 132, 124, 120
L 363.1726, 964.4933, 0.0000, 359.4339, 968.3317, 0.0000, 132, 124, 120
L 359.3508, 969.6721, 0.0000, 355.6121, 973.5105, 0.0000, 132, 124, 120
L 355.5290, 974.8509, 0.0000, 351.7903, 978.6894, 0.0000, 132, 124, 120
L 351.7072, 980.0298, 0.0000, 347.9685, 983.8682, 0.0000, 132, 124, 120
L 324.3663, 989.7776, 0.0000, 332.7801, 982.0427, 0.0000, 132, 124, 120
L 332.7801, 985.9973, 0.0000, 342.3958, 989.7776, 0.0000, 132, 124, 120
L 344.5244, 991.3857, 0.0000, 351.5641, 983.2384, 0.0000, 132, 124, 120
L 351.5641, 987.9572, 0.0000, 359.6094, 991.3857, 0.0000, 132, 124, 120
L 354.5516, 990.4868, 0.0000, 361.9877, 985.4714, 0.0000, 132, 124, 120
L 361.9877, 985.6148, 0.0000, 370.4860, 990.4868, 0.0000, 132, 124, 120
L 359.5784, 989.6817, 0.0000, 368.3565, 983.4805, 0.0000, 132, 124, 120
L 368.3565, 985.4747, 0.0000, 378.3887, 989.6817, 0.0000, 132, 124, 120
L 359.2235, 993.9730, 0.0000, 367.0292, 987.6246, 0.0000, 132, 124, 120
L 367.0292, 988.5623, 0.0000, 375.9502, 993.9730, 0.0000, 132, 124, 120
L 362.3664, 995.0516, 0.0000, 373.5022, 989.7800, 0.0000, 132, 124, 120
L 373.5022, 988.7874, 0.0000, 386.2288, 995.0516, 0.0000, 132, 124, 120
L 385.0877, 990.3763, 0.0000, 391.8766, 985.9568, 0.0000, 132, 124, 120
L 391.8766, 985.7197, 0.0000, 399.6354, 990.3763, 0.0000, 132, 124, 120
L 387.7290, 992.0736, 0.0000, 395.9997, 985.3303, 0.0000, 132, 124, 120
L 395.9997, 988.5744, 0.0000, 405.4519, 992.0736, 0.0000, 132, 124, 120
L 392.8729, 992.7244, 0.0000, 401.0797, 987.8525, 0.0000, 132, 124, 120
L 401.0797, 988.6172, 0.0000, 410.4588, 992.7244, 0.0000, 132, 124, 120
L 409.1162, 994.8832, 0.0000, 419.1047, 989.1068, 0.0000, 132, 124, 120
L 419.1047, 990.2088, 0.0000, 430.5201, 994.8832, 0.0000, 132, 124, 120
L 414.3671, 992.7482, 0.0000, 423.7505, 988.5705, 0.0000, 132, 124, 120
L 423.7505, 986.8979, 0.0000, 434.4742, 992.7482, 0.0000, 132, 124, 120
L 520.0837, 966.0165, 0.0000, 520.7369, 963.2308, 0.0000, 176, 196, 212
L 520.7369, 963.2308, 0.0000, 522.5214, 961.1915, 0.0000, 176, 196, 212
L 522.5214, 961.1915, 0.0000, 524.9591, 960.4450, 0.0000, 176, 196, 212
L 524.9591, 960.4450, 0.0000, 527.3967, 961.1915, 0.0000, 176, 196, 212
L 527.3967, 961.1915, 0.0000, 529.1812, 963.2308, 0.0000, 176, 196, 212
L 529.1812, 963.2308, 0.0000, 529.8344, 966.0165, 0.0000, 176, 196, 212
L 529.4605, 966.0165, 0.0000, 530.0863, 963.2308, 0.0000, 176, 196, 212
L 530.0863, 963.2308, 0.0000, 531.7961, 961.1915, 0.0000, 176, 196, 212
L 531.7961, 961.1915, 0.0000, 534.1316, 960.4450, 0.0000, 176, 196, 212
L 534.1316, 960.4450, 0.0000, 536.4671, 961.1915, 0.0000, 176, 196, 212
L 536.4671, 961.1915, 0.0000, 538.1769, 963.2308, 0.0000, 176, 196, 212
L 538.1769, 963.2308, 0.0000, 538.8027, 966.0165, 0.0000, 176, 196, 212
L 539.6753, 966.0165, 0.0000, 540.6347, 963.2308, 0.0000, 176, 196, 212
L 540.6347, 963.2308, 0.0000, 543.2560, 961.1915, 0.0000, 176, 196, 212
L 543.2560, 961.1915, 0.0000, 546.8368, 960.4450, 0.0000, 176, 196, 212
L 546.8368, 960.4450, 0.0000, 550.4176, 961.1915, 0.0000, 176, 196, 212
L 550.4176, 961.1915, 0.0000, 553.0389, 963.2308, 0.0000, 176, 196, 212
L 553.0389, 963.2308, 0.0000, 553.9984, 966.0165, 0.0000, 176, 196, 212
L 558.1537, 966.0165, 0.0000, 558.6836, 963.2308, 0.0000, 176, 196, 212
L 558.6836, 963.2308, 0.0000, 560.1313, 961.1915, 0.0000, 176, 196, 212
L 560.1313, 961.1915, 0.0000, 562.1088, 960.4450, 0.0000, 176, 196, 212
L 562.1088, 960.4450, 0.0000, 564.0864, 961.1915, 0.0000, 176, 196, 212
L 564.0864, 961.1915, 0.0000, 565.5341, 963.2308, 0.0000, 176, 196, 212
L 565.5341, 963.2308, 0.0000, 566.0640, 966.0165, 0.0000, 176, 196, 212
L 568.1847, 966.0165, 0.0000, 568.7405, 963.2308, 0.0000, 176, 196, 212
L 568.7405, 963.2308, 0.0000, 570.2591, 961.1915, 0.0000, 176, 196, 212
L 570.2591, 961.1915, 0.0000, 572.3336, 960.4450, 0.0000, 176, 196, 212
L 572.3336, 960.4450, 0.0000, 574.4080, 961.1915, 0.0000, 176, 196, 212
L 574.4080, 961.1915, 0.0000, 575.9266, 963.2308, 0.0000, 176, 196, 212
L 575.9266, 963.2308, 0.0000, 576.4825, 966.0165, 0.0000, 176, 196, 212
L 578.4993, 966.0165, 0.0000, 579.0866, 963.2308, 0.0000, 176, 196, 212
L 579.0866, 963.2308, 0.0000, 580.6913, 961.1915, 0.0000, 176, 196, 212
L 580.6913, 961.1915, 0.0000, 582.8832, 960.4450, 0.0000, 176, 196, 212
L 582.8832, 960.4450, 0.0000, 585.0751, 961.1915, 0.0000, 176, 196, 212
L 585.0751, 961.1915, 0.0000, 586.6797, 963.2308, 0.0000, 176, 196, 212
L 586.6797, 963.2308, 0.0000, 587.2670, 966.0165, 0.0000, 176, 196, 212
L 586.5531, 966.0165, 0.0000, 587.3872, 963.2308, 0.0000, 176, 196, 212
L 587.3872, 963.2308, 0.0000, 589.6659, 961.1915, 0.0000, 176, 196, 212
L 589.6659, 961.1915, 0.0000, 592.7787, 960.4450, 0.0000, 176, 196, 212
L 592.7787, 960.4450, 0.0000, 595.8915, 961.1915, 0.0000, 176, 196, 212
L 595.8915, 961.1915, 0.0000, 598.1702, 963.2308, 0.0000, 176, 196, 212
L 598.1702, 963.2308, 0.0000, 599.0043, 966.0165, 0.0000, 176, 196, 212
L 520.0837, 978.2736, 0.0000, 520.8026, 975.4879, 0.0000, 176, 196, 212
L 520.8026, 975.4879, 0.0000, 522.7665, 973.4486, 0.0000, 176, 196, 212
L 522.7665, 973.4486, 0.0000, 525.4493, 972.7022, 0.0000, 176, 196, 212
L 525.4493, 972.7022, 0.0000, 528.1321, 973.4486, 0.0000, 176, 196, 212
L 528.1321, 973.4486, 0.0000, 530.0960, 975.4879, 0.0000, 176, 196, 212
L 530.0960, 975.4879, 0.0000, 530.8148, 978.2736, 0.0000, 176, 196, 212
L 532.8590, 978.2736, 0.0000, 533.4344, 975.4879, 0.0000, 176, 196, 212
L 533.4344, 975.4879, 0.0000, 535.0064, 973.4486, 0.0000, 176, 196, 212
L 535.0064, 973.4486, 0.0000, 537.1539, 972.7022, 0.0000, 176, 196, 212
L 537.1539, 972.7022, 0.0000, 539.3013, 973.4486, 0.0000, 176, 196, 212
L 539.3013, 973.4486, 0.0000, 540.8734, 975.4879, 0.0000, 176, 196, 212
L 540.8734, 975.4879, 0.0000, 541.4488, 978.2736, 0.0000, 176, 196, 212
L 542.7355, 978.2736, 0.0000, 543.6491, 975.4879, 0.0000, 176, 196, 212
L 543.6491, 975.4879, 0.0000, 546.1451, 973.4486, 0.0000, 176, 196, 212
L 546.1451, 973.4486, 0.0000, 549.5547, 972.7022, 0.0000, 176, 196, 212
L 549.5547, 972.7022, 0.0000, 552.9643, 973.4486, 0.0000, 176, 196, 212
L 552.9643, 973.4486, 0.0000, 555.4603, 975.4879, 0.0000, 176, 196, 212
L 555.4603, 975.4879, 0.0000, 556.3739, 978.2736, 0.0000, 176, 196, 212
L 555.8228, 978.2736, 0.0000, 556.6353, 975.4879, 0.0000, 176, 196, 212
L 556.6353, 975.4879, 0.0000, 558.8550, 973.4486, 0.0000, 176, 196, 212
L 558.8550, 973.4486, 0.0000, 561.8872, 972.7022, 0.0000, 176, 196, 212
L 561.8872, 972.7022, 0.0000, 564.9194, 973.4486, 0.0000, 176, 196, 212
L 564.9194, 973.4486, 0.0000, 567.1392, 975.4879, 0.0000, 176, 196, 212
L 567.1392, 975.4879, 0.0000, 567.9517, 978.2736, 0.0000, 176, 196, 212
L 570.6790, 978.2736, 0.0000, 571.2125, 975.4879, 0.0000, 176, 196, 212
L 571.2125, 975.4879, 0.0000, 572.6701, 973.4486, 0.0000, 176, 196, 212
L 572.6701, 973.4486, 0.0000, 574.6612, 972.7022, 0.0000, 176, 196, 212
L 574.6612, 972.7022, 0.0000, 576.6524, 973.4486, 0.0000, 176, 196, 212
L 576.6524, 973.4486, 0.0000, 578.1100, 975.4879, 0.0000, 176, 196, 212
L 578.1100, 975.4879, 0.0000, 578.6435, 978.2736, 0.0000, 176, 196, 212
L 579.6413, 978.2736, 0.0000, 580.6513, 975.4879, 0.0000, 176, 196, 212
L 580.6513, 975.4879, 0.0000, 583.4107, 973.4486, 0.0000, 176, 196, 212
L 583.4107, 973.4486, 0.0000, 587.1801, 972.7022, 0.0000, 176, 196, 212
L 587.1801, 972.7022, 0.0000, 590.9496, 973.4486, 0.0000, 176, 196, 212
L 590.9496, 973.4486, 0.0000, 593.7090, 975.4879, 0.0000, 176, 196, 212
L 593.7090, 975.4879, 0.0000, 594.7190, 978.2736, 0.0000, 176, 196, 212
L 594.1133, 978.2736, 0.0000, 595.1078, 975.4879, 0.0000, 176, 196, 212
L 595.1078, 975.4879, 0.0000, 597.8249, 973.4486, 0.0000, 176, 196, 212
L 597.8249, 973.4486, 0.0000, 601.5364, 972.7022, 0.0000, 176, 196, 212
L 601.5364, 972.7022, 0.0000, 605.2480, 973.4486, 0.0000, 176, 196, 212
L 605.2480, 973.4486, 0.0000, 607.9651, 975.4879, 0.0000, 176, 196, 212
L 607.9651, 975.4879, 0.0000, 608.9596, 978.2736, 0.0000, 176, 196, 212
L 520.0837, 990.5307, 0.0000, 520.9913, 987.7450, 0.0000, 176, 196, 212
L 520.9913, 987.7450, 0.0000, 523.4707, 985.7057, 0.0000, 176, 196, 212
L 523.4707, 985.7057, 0.0000, 526.8577, 984.9593, 0.0000, 176, 196, 212
L 526.8577, 984.9593, 0.0000, 530.2447, 985.7057, 0.0000, 176, 196, 212
L 530.2447, 985.7057, 0.0000, 532.7241, 987.7450, 0.0000, 176, 196, 212
L 532.7241, 987.7450, 0.0000, 533.6316, 990.5307, 0.0000, 176, 196, 212
L 535.2404, 990.5307, 0.0000, 535.7829, 987.7450, 0.0000, 176, 196, 212
L 535.7829, 987.7450, 0.0000, 537.2651, 985.7057, 0.0000, 176, 196, 212
L 537.2651, 985.7057, 0.0000, 539.2897, 984.9593, 0.0000, 176, 196, 212
L 539.2897, 984.9593, 0.0000, 541.3144, 985.7057, 0.0000, 176, 196, 212
L 541.3144, 985.7057, 0.0000, 542.7965, 987.7450, 0.0000, 176, 196, 212
L 542.7965, 987.7450, 0.0000, 543.3390, 990.5307, 0.0000, 176, 196, 212
L 543.2499, 990.5307, 0.0000, 544.1187, 987.7450, 0.0000, 176, 196, 212
L 544.1187, 987.7450, 0.0000, 546.4922, 985.7057, 0.0000, 176, 196, 212
L 546.4922, 985.7057, 0.0000, 549.7346, 984.9593, 0.0000, 176, 196, 212
L 549.7346, 984.9593, 0.0000, 552.9769, 985.7057, 0.0000, 176, 196, 212
L 552.9769, 985.7057, 0.0000, 555.3505, 987.7450, 0.0000, 176, 196, 212
L 555.3505, 987.7450, 0.0000, 556.2193, 990.5307, 0.0000, 176, 196, 212
L 556.2517, 990.5307, 0.0000, 557.1842, 987.7450, 0.0000, 176, 196, 212
L 557.1842, 987.7450, 0.0000, 559.7315, 985.7057, 0.0000, 176, 196, 212
L 559.7315, 985.7057, 0.0000, 563.2113, 984.9593, 0.0000, 176, 196, 212
L 563.2113, 984.9593, 0.0000, 566.6911, 985.7057, 0.0000, 176, 196, 212
L 566.6911, 985.7057, 0.0000, 569.2385, 987.7450, 0.0000, 176, 196, 212
L 569.2385, 987.7450, 0.0000, 570.1709, 990.5307, 0.0000, 176, 196, 212
L 572.8531, 990.5307, 0.0000, 573.8038, 987.7450, 0.0000, 176, 196, 212
L 573.8038, 987.7450, 0.0000, 576.4013, 985.7057, 0.0000, 176, 196, 212
L 576.4013, 985.7057, 0.0000, 579.9496, 984.9593, 0.0000, 176, 196, 212
L 579.9496, 984.9593, 0.0000, 583.4978, 985.7057, 0.0000, 176, 196, 212
L 583.4978, 985.7057, 0.0000, 586.0953, 987.7450, 0.0000, 176, 196, 212
L 586.0953, 987.7450, 0.0000, 587.0460, 990.5307, 0.0000, 176, 196, 212
L 588.9144, 990.5307, 0.0000, 589.9163, 987.7450, 0.0000, 176, 196, 212
L 589.9163, 987.7450, 0.0000, 592.6535, 985.7057, 0.0000, 176, 196, 212
L 592.6535, 985.7057, 0.0000, 596.3927, 984.9593, 0.0000, 176, 196, 212
L 596.3927, 984.9593, 0.0000, 600.1318, 985.7057, 0.0000, 176, 196, 212
L 600.1318, 985.7057, 0.0000, 602.8691, 987.7450, 0.0000, 176, 196, 212
L 602.8691, 987.7450, 0.0000, 603.8710, 990.5307, 0.0000, 176, 196, 212
L -662.4893, -597.7183, 0.0000, -662.9569, -622.8219, 0.0000, 110, 92, 70
L -662.9569, -622.8219, 0.0000, -643.3162, -622.8219, 0.0000, 110, 92, 70
L -643.3162, -622.8219, 0.0000, -643.7838, -597.7183, 0.0000, 110, 92, 70
L -643.7838, -597.7183, 0.0000, -662.4893, -597.7183, 0.0000, 110, 92, 70
L -657.8129, -597.7183, 0.0000, -658.7482, -583.3734, 0.0000, 110, 92, 70
L -648.4602, -597.7183, 0.0000, -647.0573, -583.3734, 0.0000, 110, 92, 70
L -647.0237, -630.9724, 0.0000, -648.1911, -627.1398, 0.0000, 110, 92, 70
L -648.1911, -627.1398, 0.0000, -651.2476, -624.7711, 0.0000, 110, 92, 70
L -651.2476, -624.7711, 0.0000, -655.0256, -624.7711, 0.0000, 110, 92, 70
L -655.0256, -624.7711, 0.0000, -658.0820, -627.1398, 0.0000, 110, 92, 70
L -658.0820, -627.1398, 0.0000, -659.2495, -630.9724, 0.0000, 110, 92, 70
L -659.2495, -630.9724, 0.0000, -658.0820, -634.8050, 0.0000, 110, 92, 70
L -658.0820, -634.8050, 0.0000, -655.0256, -637.1737, 0.0000, 110, 92, 70
L -655.0256, -637.1737, 0.0000, -651.2476, -637.1737, 0.0000, 110, 92, 70
L -651.2476, -637.1737, 0.0000, -648.1911, -634.8050, 0.0000, 110, 92, 70
L -648.1911, -634.8050, 0.0000, -647.0237, -630.9724, 0.0000, 110, 92, 70
L -665.2951, -621.1918, 0.0000, -653.1366, -625.2670, 0.0000, 110, 92, 70
L -653.1366, -625.2670, 0.0000, -640.9780, -621.1918, 0.0000, 110, 92, 70
L -639.2807, -624.2074, 0.0000, -639.2807, -589.9753, 0.0000, 110, 92, 70
L -639.2807, -622.5773, 0.0000, -631.1302, -617.6870, 0.0000, 110, 92, 70
L -631.1302, -617.6870, 0.0000, -639.2807, -612.7967, 0.0000, 110, 92, 70
L 677.7860, -602.2010, 0.0000, 723.5166, -659.3642, 0.0000, 120, 104, 84
L 723.5166, -659.3642, 0.0000, 769.2471, -602.2010, 0.0000, 120, 104, 84
L 677.7860, -602.2010, 0.0000, 769.2471, -602.2010, 0.0000, 90, 70, 50
L 709.7974, -602.2010, 0.0000, 718.9435, -635.1270, 0.0000, 90, 70, 50
L 737.2357, -602.2010, 0.0000, 728.0896, -635.1270, 0.0000, 90, 70, 50
L 723.5166, -659.3642, 0.0000, 723.5166, -673.0834, 0.0000, 90, 70, 50
L -664.7597, -271.1080, 0.0000, -664.7597, -337.5258, 0.0000, 120, 104, 84
L -641.5135, -271.1080, 0.0000, -641.5135, -337.5258, 0.0000, 120, 104, 84
L -664.7597, -337.5258, 0.0000, -641.5135, -337.5258, 0.0000, 120, 104, 84
L -664.7597, -285.6369, 0.0000, -641.5135, -285.6369, 0.0000, 90, 70, 50
L -671.8166, -289.7880, 0.0000, -664.7597, -285.6369, 0.0000, 90, 70, 50
L -634.4566, -289.7880, 0.0000, -641.5135, -285.6369, 0.0000, 90, 70, 50
L -664.7597, -304.3169, 0.0000, -641.5135, -304.3169, 0.0000, 90, 70, 50
L -671.8166, -308.4680, 0.0000, -664.7597, -304.3169, 0.0000, 90, 70, 50
L -634.4566, -308.4680, 0.0000, -641.5135, -304.3169, 0.0000, 90, 70, 50
L -664.7597, -322.9969, 0.0000, -641.5135, -322.9969, 0.0000, 90, 70, 50
L -671.8166, -327.1480, 0.0000, -664.7597, -322.9969, 0.0000, 90, 70, 50
L -634.4566, -327.1480, 0.0000, -641.5135, -322.9969, 0.0000, 90, 70, 50
L 756.1187, -271.1080, 0.0000, 751.7509, -263.7726, 0.0000, 120, 104, 84
L 751.7509, -263.7726, 0.0000, 739.8176, -258.4026, 0.0000, 120, 104, 84
L 739.8176, -258.4026, 0.0000, 723.5166, -256.4371, 0.0000, 120, 104, 84
L 723.5166, -256.4371, 0.0000, 707.2155, -258.4026, 0.0000, 120, 104, 84
L 707.2155, -258.4026, 0.0000, 695.2823, -263.7726, 0.0000, 120, 104, 84
L 695.2823, -263.7726, 0.0000, 690.9144, -271.1080, 0.0000, 120, 104, 84
L 690.9144, -271.1080, 0.0000, 695.2823, -278.4435, 0.0000, 120, 104, 84
L 695.2823, -278.4435, 0.0000, 707.2155, -283.8135, 0.0000, 120, 104, 84
L 707.2155, -283.8135, 0.0000, 723.5166, -285.7790, 0.0000, 120, 104, 84
L 723.5166, -285.7790, 0.0000, 739.8176, -283.8135, 0.0000, 120, 104, 84
L 739.8176, -283.8135, 0.0000, 751.7509, -278.4435, 0.0000, 120, 104, 84
L 751.7509, -278.4435, 0.0000, 756.1187, -271.1080, 0.0000, 120, 104, 84
L 733.8817, -273.6159, 0.0000, 736.9869, -298.6945, 0.0000, 190, 110, 60
L 721.1262, -273.6159, 0.0000, 718.2241, -298.6945, 0.0000, 190, 110, 60
L 723.8559, -273.6159, 0.0000, 722.7115, -298.6945, 0.0000, 190, 110, 60
L 732.0573, -273.6159, 0.0000, 729.6896, -298.6945, 0.0000, 190, 110, 60
L -653.1366, 59.9850, 0.0000, -653.1366, 52.1866, 0.0000, 56, 48, 40
L -667.7585, 53.6488, 0.0000, -653.1366, 42.0731, 0.0000, 46, 72, 48
L -653.1366, 42.0731, 0.0000, -638.5147, 53.6488, 0.0000, 46, 72, 48
L -667.7585, 53.6488, 0.0000, -638.5147, 53.6488, 0.0000, 46, 72, 48
L -665.4921, 43.9009, 0.0000, -653.1366, 32.3252, 0.0000, 46, 72, 48
L -653.1366, 32.3252, 0.0000, -640.7811, 43.9009, 0.0000, 46, 72, 48
L -665.4921, 43.9009, 0.0000, -640.7811, 43.9009, 0.0000, 46, 72, 48
L -663.2257, 34.1529, 0.0000, -653.1366, 22.5772, 0.0000, 46, 72, 48
L -653.1366, 22.5772, 0.0000, -643.0474, 34.1529, 0.0000, 46, 72, 48
L -663.2257, 34.1529, 0.0000, -643.0474, 34.1529, 0.0000, 46, 72, 48
L -660.9593, 24.4050, 0.0000, -653.1366, 12.8293, 0.0000, 46, 72, 48
L -653.1366, 12.8293, 0.0000, -645.3138, 24.4050, 0.0000, 46, 72, 48
L -660.9593, 24.4050, 0.0000, -645.3138, 24.4050, 0.0000, 46, 72, 48
L 684.2428, 84.9087, 0.0000, 693.3060, 73.8315, 0.0000, 104, 96, 96
L 693.3060, 73.8315, 0.0000, 698.5928, 76.0469, 0.0000, 104, 96, 96
L 698.5928, 76.0469, 0.0000, 705.3902, 60.5388, 0.0000, 104, 96, 96
L 705.3902, 60.5388, 0.0000, 712.1876, 62.7543, 0.0000, 104, 96, 96
L 712.1876, 62.7543, 0.0000, 718.9850, 41.7076, 0.0000, 104, 96, 96
L 718.9850, 41.7076, 0.0000, 722.7613, 33.3996, 0.0000, 104, 96, 96
L 722.7613, 33.3996, 0.0000, 725.7824, 29.5226, 0.0000, 104, 96, 96
L 725.7824, 29.5226, 0.0000, 731.0692, 40.5998, 0.0000, 104, 96, 96
L 731.0692, 40.5998, 0.0000, 735.6008, 38.9383, 0.0000, 104, 96, 96
L 735.6008, 38.9383, 0.0000, 743.1534, 56.1079, 0.0000, 104, 96, 96
L 743.1534, 56.1079, 0.0000, 749.1955, 54.4463, 0.0000, 104, 96, 96
L 749.1955, 54.4463, 0.0000, 756.7482, 72.7237, 0.0000, 104, 96, 96
L 756.7482, 72.7237, 0.0000, 765.8114, 84.9087, 0.0000, 104, 96, 96
L 678.2007, 84.9087, 0.0000, 685.7534, 68.2929, 0.0000, 132, 124, 120
L 685.7534, 68.2929, 0.0000, 690.2849, 70.5083, 0.0000, 132, 124, 120
L 690.2849, 70.5083, 0.0000, 696.3271, 56.1079, 0.0000, 132, 124, 120
L 696.3271, 56.1079, 0.0000, 703.1244, 68.2929, 0.0000, 132, 124, 120
L 725.0271, 37.2767, 0.0000, 727.1529, 43.2260, 0.0000, 132, 124, 120
L 727.1529, 43.2260, 0.0000, 730.6558, 51.3617, 0.0000, 132, 124, 120
L 730.6558, 51.3617, 0.0000, 734.0829, 58.4726, 0.0000, 132, 124, 120
L 734.0829, 58.4726, 0.0000, 736.9567, 67.9474, 0.0000, 132, 124, 120
L 734.0903, 52.7848, 0.0000, 738.0718, 59.4963, 0.0000, 132, 124, 120
L 738.0718, 59.4963, 0.0000, 740.4065, 65.3641, 0.0000, 132, 124, 120
L 740.4065, 65.3641, 0.0000, 744.1271, 71.0845, 0.0000, 132, 124, 120
L 744.1271, 71.0845, 0.0000, 747.6891, 80.8411, 0.0000, 132, 124, 120
L 714.4534, 50.5693, 0.0000, 710.3847, 57.7591, 0.0000, 132, 124, 120
L 710.3847, 57.7591, 0.0000, 706.4299, 63.8802, 0.0000, 132, 124, 120
L 706.4299, 63.8802, 0.0000, 702.5940, 70.2192, 0.0000, 132, 124, 120
L 702.5940, 70.2192, 0.0000, 699.0311, 75.8673, 0.0000, 132, 124, 120
L 730.4398, 33.9074, 0.0000, 734.5938, 38.0613, 0.0000, 132, 124, 120
L 733.5868, 38.2921, 0.0000, 737.7407, 42.4460, 0.0000, 132, 124, 120
L 736.7337, 42.6768, 0.0000, 740.8876, 46.8308, 0.0000, 132, 124, 120
L 739.8806, 47.0615, 0.0000, 744.0346, 51.2155, 0.0000, 132, 124, 120
L 743.0276, 51.4463, 0.0000, 747.1815, 55.6002, 0.0000, 132, 124, 120
L 746.1745, 55.8310, 0.0000, 750.3284, 59.9850, 0.0000, 132, 124, 120
L 749.3214, 60.2157, 0.0000, 753.4754, 64.3697, 0.0000, 132, 124, 120
L 752.4684, 64.6005, 0.0000, 756.6223, 68.7544, 0.0000, 132, 124, 120
L 755.6153, 68.9852, 0.0000, 759.7692, 73.1391, 0.0000, 132, 124, 120
L 758.7622, 73.3699, 0.0000, 762.9162, 77.5239, 0.0000, 132, 124, 120
L 761.9092, 77.7546, 0.0000, 766.0631, 81.9086, 0.0000, 132, 124, 120
L 718.1458, 37.5228, 0.0000, 714.3695, 41.3999, 0.0000, 132, 124, 120
L 714.2856, 42.7537, 0.0000, 710.5092, 46.6308, 0.0000, 132, 124, 120
L 710.4253, 47.9846, 0.0000, 706.6490, 51.8617, 0.0000, 132, 124, 120
L 706.5651, 53.2155, 0.0000, 702.7888, 57.0926, 0.0000, 132, 124, 120
L 702.7048, 58.4464, 0.0000, 698.9285, 62.3235, 0.0000, 132, 124, 120
L 698.8446, 63.6774, 0.0000, 695.0683, 67.5544, 0.0000, 132, 124, 120
L 694.9844, 68.9083, 0.0000, 691.2080, 72.7853, 0.0000, 132, 124, 120
L 691.1241, 74.1392, 0.0000, 687.3478, 78.0162, 0.0000, 132, 124, 120
L 672.9162, 90.2548, 0.0000, 679.3059, 85.7407, 0.0000, 132, 124, 120
L 679.3059, 85.5583, 0.0000, 686.6084, 90.2548, 0.0000, 132, 124, 120
L 669.8851, 82.6563, 0.0000, 679.3435, 73.7327, 0.0000, 132, 124, 120
L 679.3435, 75.7664, 0.0000, 690.1530, 82.6563, 0.0000, 132, 124, 120
L 688.0983, 85.8250, 0.0000, 698.4820, 78.1314, 0.0000, 132, 124, 120
L 698.4820, 79.7558, 0.0000, 710.3490, 85.8250, 0.0000, 132, 124, 120
L 696.2113, 88.6485, 0.0000, 703.4741, 83.2732, 0.0000, 132, 124, 120
L 703.4741, 84.9446, 0.0000, 711.7745, 88.6485, 0.0000, 132, 124, 120
L 703.2251, 85.8609, 0.0000, 710.3611, 77.4859, 0.0000, 132, 124, 120
L 710.3611, 80.7323, 0.0000, 718.5166, 85.8609, 0.0000, 132, 124, 120
L 706.5963, 90.5581, 0.0000, 717.6938, 86.2750, 0.0000, 132, 124, 120
L 717.6938, 86.1883, 0.0000, 730.3767, 90.5581, 0.0000, 132, 124, 120
L 717.9000, 85.7685, 0.0000, 729.5202, 78.1365, 0.0000, 132, 124, 120
L 729.5202, 79.0451, 0.0000, 742.8004, 85.7685, 0.0000, 132, 124, 120
L 735.0613, 83.6646, 0.0000, 740.3552, 77.6507, 0.0000, 132, 124, 120
L 740.3552, 80.0199, 0.0000, 746.4054, 83.6646, 0.0000, 132, 124, 120
L 736.6556, 88.8215, 0.0000, 745.4683, 81.2864, 0.0000, 132, 124, 120
L 745.4683, 85.3077, 0.0000, 755.5400, 88.8215, 0.0000, 132, 124, 120
L 753.6343, 90.8514, 0.0000, 760.6423, 83.4623, 0.0000, 132, 124, 120
L 760.6423, 85.1162, 0.0000, 768.6515, 90.8514, 0.0000, 132, 124, 120
L 756.1226, 84.5054, 0.0000, 763.6839, 78.7269, 0.0000, 132, 124, 120
L 763.6839, 80.2987, 0.0000, 772.3253, 84.5054, 0.0000, 132, 124, 120
L 713.7506, 395.7588, 0.0000, 713.2623, 369.5461, 0.0000, 110, 92, 70
L 713.2623, 369.5461, 0.0000, 733.7708, 369.5461, 0.0000, 110, 92, 70
L 733.7708, 369.5461, 0.0000, 733.2825, 395.7588, 0.0000, 110, 92, 70
L 733.2825, 395.7588, 0.0000, 713.7506, 395.7588, 0.0000, 110, 92, 70
L 718.6336, 395.7588, 0.0000, 717.6570, 410.7375, 0.0000, 110, 92, 70
L 728.3995, 395.7588, 0.0000, 729.8644, 410.7375, 0.0000, 110, 92, 70
L 729.8995, 361.0355, 0.0000, 728.6805, 365.0374, 0.0000, 110, 92, 70
L 728.6805, 365.0374, 0.0000, 725.4890, 367.5107, 0.0000, 110, 92, 70
L 725.4890, 367.5107, 0.0000, 721.5441, 367.5107, 0.0000, 110, 92, 70
L 721.5441, 367.5107, 0.0000, 718.3526, 365.0374, 0.0000, 110, 92, 70
L 718.3526, 365.0374, 0.0000, 717.1336, 361.0355, 0.0000, 110, 92, 70
L 717.1336, 361.0355, 0.0000, 718.3526, 357.0336, 0.0000, 110, 92, 70
L 718.3526, 357.0336, 0.0000, 721.5441, 354.5602, 0.0000, 110, 92, 70
L 721.5441, 354.5602, 0.0000, 725.4890, 354.5602, 0.0000, 110, 92, 70
L 725.4890, 354.5602, 0.0000, 728.6805, 357.0336, 0.0000, 110, 92, 70
L 728.6805, 357.0336, 0.0000, 729.8995, 361.0355, 0.0000, 110, 92, 70
L 710.8209, 371.2482, 0.0000, 723.5166, 366.9929, 0.0000, 110, 92, 70
L 723.5166, 366.9929, 0.0000, 736.2123, 371.2482, 0.0000, 110, 92, 70
L 737.9846, 368.0993, 0.0000, 737.9846, 403.8439, 0.0000, 110, 92, 70
L 737.9846, 369.8014, 0.0000, 746.4952, 374.9078, 0.0000, 110, 92, 70
L 746.4952, 374.9078, 0.0000, 737.9846, 380.0142, 0.0000, 110, 92, 70
L -694.3803, 722.1709, 0.0000, -653.1366, 670.6163, 0.0000, 120, 104, 84
L -653.1366, 670.6163, 0.0000, -611.8928, 722.1709, 0.0000, 120, 104, 84
L -694.3803, 722.1709, 0.0000, -611.8928, 722.1709, 0.0000, 90, 70, 50
L -665.5097, 722.1709, 0.0000, -657.2609, 692.4755, 0.0000, 90, 70, 50
L -640.7634, 722.1709, 0.0000, -649.0122, 692.4755, 0.0000, 90, 70, 50
L -653.1366, 670.6163, 0.0000, -653.1366, 658.2432, 0.0000, 90, 70, 50
L 709.5629, 722.1709, 0.0000, 709.5629, 642.4358, 0.0000, 120, 104, 84
L 737.4702, 722.1709, 0.0000, 737.4702, 642.4358, 0.0000, 120, 104, 84
L 709.5629, 642.4358, 0.0000, 737.4702, 642.4358, 0.0000, 120, 104, 84
L 709.5629, 704.7289, 0.0000, 737.4702, 704.7289, 0.0000, 90, 70, 50
L 701.0911, 699.7454, 0.0000, 709.5629, 704.7289, 0.0000, 90, 70, 50
L 745.9421, 699.7454, 0.0000, 737.4702, 704.7289, 0.0000, 90, 70, 50
L 709.5629, 682.3034, 0.0000, 737.4702, 682.3034, 0.0000, 90, 70, 50
L 701.0911, 677.3199, 0.0000, 709.5629, 682.3034, 0.0000, 90, 70, 50
L 745.9421, 677.3199, 0.0000, 737.4702, 682.3034, 0.0000, 90, 70, 50
L 709.5629, 659.8779, 0.0000, 737.4702, 659.8779, 0.0000, 90, 70, 50
L 701.0911, 654.8944, 0.0000, 709.5629, 659.8779, 0.0000, 90, 70, 50
L 745.9421, 654.8944, 0.0000, 737.4702, 659.8779, 0.0000, 90, 70, 50
L -208.6172, -737.9193, 0.0000, -208.6172, -861.6793, 0.0000, 92, 74, 52
L -126.9356, -737.9193, 0.0000, -126.9356, -861.6793, 0.0000, 92, 74, 52
L -208.6172, -799.7993, 0.0000, -126.9356, -799.7993, 0.0000, 92, 74, 52
L -107.1340, -737.9193, 0.0000, -66.2932, -861.6793, 0.0000, 92, 74, 52
L -66.2932, -861.6793, 0.0000, -25.4524, -737.9193, 0.0000, 92, 74, 52
L -86.7136, -787.4233, 0.0000, -45.8728, -787.4233, 0.0000, 92, 74, 52
L -5.6508, -861.6793, 0.0000, -5.6508, -737.9193, 0.0000, 92, 74, 52
L -5.6508, -737.9193, 0.0000, 59.6945, -737.9193, 0.0000, 92, 74, 52
L 95.8324, -737.9193, 0.0000, 136.6732, -861.6793, 0.0000, 92, 74, 52
L 136.6732, -861.6793, 0.0000, 177.5140, -737.9193, 0.0000, 92, 74, 52
L 116.2528, -787.4233, 0.0000, 157.0936, -787.4233, 0.0000, 92, 74, 52
L 278.9972, -843.1153, 0.0000, 262.6609, -861.6793, 0.0000, 92, 74, 52
L 262.6609, -861.6793, 0.0000, 213.6519, -861.6793, 0.0000, 92, 74, 52
L 213.6519, -861.6793, 0.0000, 197.3156, -839.4025, 0.0000, 92, 74, 52
L 197.3156, -839.4025, 0.0000, 197.3156, -812.1753, 0.0000, 92, 74, 52
L 197.3156, -812.1753, 0.0000, 213.6519, -799.7993, 0.0000, 92, 74, 52
L 213.6519, -799.7993, 0.0000, 262.6609, -799.7993, 0.0000, 92, 74, 52
L 262.6609, -799.7993, 0.0000, 278.9972, -784.9481, 0.0000, 92, 74, 52
L 278.9972, -784.9481, 0.0000, 278.9972, -757.7209, 0.0000, 92, 74, 52
L 278.9972, -757.7209, 0.0000, 262.6609, -737.9193, 0.0000, 92, 74, 52
L 262.6609, -737.9193, 0.0000, 213.6519, -737.9193, 0.0000, 92, 74, 52
L 213.6519, -737.9193, 0.0000, 197.3156, -757.7209, 0.0000, 92, 74, 52
