L 150.0000, 345.0000, 0.0000, 205.0000, 400.0000, 0.0000, 150, 90, 150
L 205.0000, 400.0000, 0.0000, 150.0000, 455.0000, 0.0000, 150, 90, 150
L 150.0000, 455.0000, 0.0000, 95.0000, 400.0000, 0.0000, 150, 90, 150
L 95.0000, 400.0000, 0.0000, 150.0000, 345.0000, 0.0000, 150, 90, 150
L 122.5000, 477.0000, 0.0000, 177.5000, 477.0000, 0.0000, 150, 90, 150
P 238.0000, 400.0000, 0.0000, 150, 90, 150, 3, Ferrans_Hope
L -300.0000, -355.0000, 0.0000, -245.0000, -300.0000, 0.0000, 150, 90, 150
L -245.0000, -300.0000, 0.0000, -300.0000, -245.0000, 0.0000, 150, 90, 150
L -300.0000, -245.0000, 0.0000, -355.0000, -300.0000, 0.0000, 150, 90, 150
L -355.0000, -300.0000, 0.0000, -300.0000, -355.0000, 0.0000, 150, 90, 150
L -327.5000, -223.0000, 0.0000, -272.5000, -223.0000, 0.0000, 150, 90, 150
P -212.0000, -300.0000, 0.0000, 150, 90, 150, 3, Trails_End
