L -1078.2389, -1042.6481, 0.0000, -978.2389, -942.6481, 0.0000, 150, 90, 150
L -978.2389, -942.6481, 0.0000, -1078.2389, -842.6481, 0.0000, 150, 90, 150
L -1078.2389, -842.6481, 0.0000, -1178.2389, -942.6481, 0.0000, 150, 90, 150
L -1178.2389, -942.6481, 0.0000, -1078.2389, -1042.6481, 0.0000, 150, 90, 150
L -1128.2389, -802.6481, 0.0000, -1028.2389, -802.6481, 0.0000, 150, 90, 150
P -918.2389, -942.6481, 0.0000, 150, 90, 150, 3, Kerplunk_Outpost
L -184.3286, 72.9198, 0.0000, -84.3286, 172.9198, 0.0000, 150, 90, 150
L -84.3286, 172.9198, 0.0000, -184.3286, 272.9198, 0.0000, 150, 90, 150
L -184.3286, 272.9198, 0.0000, -284.3286, 172.9198, 0.0000, 150, 90, 150
L -284.3286, 172.9198, 0.0000, -184.3286, 72.9198, 0.0000, 150, 90, 150
L -234.3286, 312.9198, 0.0000, -134.3286, 312.9198, 0.0000, 150, 90, 150
P -24.3286, 172.9198, 0.0000, 150, 90, 150, 3, Lake_Noregard
L -798.8919, 1411.6013, 0.0000, -698.8919, 1511.6013, 0.0000, 150, 90, 150
L -698.8919, 1511.6013, 0.0000, -798.8919, 1611.6013, 0.0000, 150, 90, 150
L -798.8919, 1611.6013, 0.0000, -898.8919, 1511.6013, 0.0000, 150, 90, 150
L -898.8919, 1511.6013, 0.0000, -798.8919, 1411.6013, 0.0000, 150, 90, 150
L -848.8919, 1651.6013, 0.0000, -748.8919, 1651.6013, 0.0000, 150, 90, 150
P -638.8919, 1511.6013, 0.0000, 150, 90, 150, 3, Burial_Mounds
