P -1859.8000, 1113.4000, -80.0000, 150, 0, 200, 3, to_The_Feerrott
P -1165.4600, -2536.3300, -80.0000, 150, 0, 200, 3, to_S_Desert_of_Ro
P 816.3900, -146.4500, -11.5000, 150, 0, 200, 3, to_City_of_Guk
P 617.3900, 2783.0600, -1.0000, 150, 0, 200, 3, to_Grobb
P 588.0000, 2192.0000, -1.0000, 160, 105, 0, 3, Succor_(Grobb_gates)
P -539.0000, -1168.0000, 4.8000, 30, 80, 95, 4, North_Stone_Hand_(Troll_Merchants)
P -980.0000, 430.0000, 2.4400, 30, 80, 95, 3, South_Stone_Hand_(Shadowmen_24-26)
P -12.0000, -1832.0000, -1.0000, 30, 80, 95, 3, Undead_Tower_(Jojongua)
P 299.0000, -74.0000, -1.0000, 30, 80, 95, 2, Froglok_Hunting_Grounds
P -550.0000, -1165.0000, 5.9300, 35, 95, 55, 2, Merchant_(Alchemy)_Clork
P -523.0000, -1177.0000, 5.5000, 35, 95, 55, 2, Merchant_(Alchemy)_Murak
P -530.0000, -1170.0000, 5.2100, 35, 95, 55, 2, Merchant_(Alchemy)_Sithgok
P -539.0000, -1168.0000, 4.8000, 35, 95, 55, 2, Merchant_(Shaman_Spells)_Stragak
P 340.0000, 181.0000, -1.0000, 165, 60, 20, 3, Lynuga_(32_Shaman,_Gem_quest)
P -12.0000, -1832.0000, -1.0000, 150, 90, 40, 2, Jojongua_(17_Kobold)
P 385.0000, -85.0000, -1.0000, 150, 90, 40, 2, Spore_Guardian_(10)
P -100.0000, -110.0000, -1.0000, 150, 90, 40, 2, Slayer_Captain_+_Troll_Slayer_(14-16)
P 319.0000, -216.0000, -1.0000, 150, 90, 40, 2, Bunk_Odon_(13_Noble)
P 299.0000, -74.0000, -1.0000, 150, 90, 40, 2, Forager_Grikk_(3)
P -47.0000, 1470.0000, -1.0000, 150, 90, 40, 2, Noble_Hunters_(Rell/Tal/Zepin_9-14)
P 610.0000, 991.0000, -1.0000, 150, 90, 40, 2, Jyle_Windstorm_(8_Noble)
P 98.0000, -550.0000, -31.6000, 150, 90, 40, 2, Fandl_Arathin_(10-12)
P 519.0000, 306.0000, -1.0000, 150, 90, 40, 2, Hogus_Durmas_(12_Noble)
P 494.0000, 37.0000, -1.0000, 150, 90, 40, 2, Gwynn_Marthank_(11_Noble)
P 501.0000, 2614.0000, -15.2000, 110, 0, 60, 3, Grobb_Bashers_(50,_guards)
P -175.0000, 2597.0000, -31.6000, 110, 0, 60, 2, Dark_Deathsinger_(25,_KOS)
P 1183.9711, -41.8270, 0.0000, 0, 150, 140, 2, To_Deepest_Guk_(LDoN?)
P -1096.0000, -1497.0000, -1.0000, 165, 60, 20, 2, Basher_Nkekta_(Notable)
P -528.0000, -1798.0000, -1.0000, 165, 60, 20, 2, Giant_water_moccasin_(Notable)
