L -480.00, -471.81, 0.0000, -480.00, 209.91, 0.0000, 160, 150, 128
L -360.00, -471.81, 0.0000, -360.00, 209.91, 0.0000, 160, 150, 128
L -240.00, -471.81, 0.0000, -240.00, 209.91, 0.0000, 160, 150, 128
L -120.00, -471.81, 0.0000, -120.00, 209.91, 0.0000, 160, 150, 128
L 0.00, -471.81, 0.0000, 0.00, 209.91, 0.0000, 160, 150, 128
L 120.00, -471.81, 0.0000, 120.00, 209.91, 0.0000, 160, 150, 128
L 240.00, -471.81, 0.0000, 240.00, 209.91, 0.0000, 160, 150, 128
L 360.00, -471.81, 0.0000, 360.00, 209.91, 0.0000, 160, 150, 128
L -545.78, -360.00, 0.0000, 427.84, -360.00, 0.0000, 160, 150, 128
L -545.78, -240.00, 0.0000, 427.84, -240.00, 0.0000, 160, 150, 128
L -545.78, -120.00, 0.0000, 427.84, -120.00, 0.0000, 160, 150, 128
L -545.78, 0.00, 0.0000, 427.84, 0.00, 0.0000, 160, 150, 128
L -545.78, 120.00, 0.0000, 427.84, 120.00, 0.0000, 160, 150, 128
L -545.78, -471.81, 0.0000, 427.84, -471.81, 0.0000, 160, 150, 128
L -545.78, 209.91, 0.0000, 427.84, 209.91, 0.0000, 160, 150, 128
L -545.78, -471.81, 0.0000, -545.78, 209.91, 0.0000, 160, 150, 128
L 427.84, -471.81, 0.0000, 427.84, 209.91, 0.0000, 160, 150, 128
L -700.78, -626.81, 0.0000, -572.42, -605.43, 0.0000, 96, 70, 44
L -572.42, -605.43, 0.0000, -444.06, -626.81, 0.0000, 96, 70, 44
L -444.06, -626.81, 0.0000, -315.69, -601.37, 0.0000, 96, 70, 44
L -315.69, -601.37, 0.0000, -187.33, -626.81, 0.0000, 96, 70, 44
L -187.33, -626.81, 0.0000, -58.97, -615.65, 0.0000, 96, 70, 44
L -58.97, -615.65, 0.0000, 69.39, -626.81, 0.0000, 96, 70, 44
L 69.39, -626.81, 0.0000, 197.75, -605.98, 0.0000, 96, 70, 44
L 197.75, -605.98, 0.0000, 326.12, -626.81, 0.0000, 96, 70, 44
L 326.12, -626.81, 0.0000, 454.48, -606.57, 0.0000, 96, 70, 44
L 454.48, -606.57, 0.0000, 582.84, -626.81, 0.0000, 96, 70, 44
L 582.84, -626.81, 0.0000, 557.98, -502.84, 0.0000, 96, 70, 44
L 557.98, -502.84, 0.0000, 582.84, -378.88, 0.0000, 96, 70, 44
L 582.84, -378.88, 0.0000, 557.39, -254.91, 0.0000, 96, 70, 44
L 557.39, -254.91, 0.0000, 582.84, -130.95, 0.0000, 96, 70, 44
L 582.84, -130.95, 0.0000, 554.56, -6.99, 0.0000, 96, 70, 44
L 554.56, -6.99, 0.0000, 582.84, 116.98, 0.0000, 96, 70, 44
L 582.84, 116.98, 0.0000, 564.49, 240.94, 0.0000, 96, 70, 44
L 564.49, 240.94, 0.0000, 582.84, 364.91, 0.0000, 96, 70, 44
L 582.84, 364.91, 0.0000, 454.48, 350.05, 0.0000, 96, 70, 44
L 454.48, 350.05, 0.0000, 326.12, 364.91, 0.0000, 96, 70, 44
L 326.12, 364.91, 0.0000, 197.75, 348.27, 0.0000, 96, 70, 44
L 197.75, 348.27, 0.0000, 69.39, 364.91, 0.0000, 96, 70, 44
L 69.39, 364.91, 0.0000, -58.97, 336.72, 0.0000, 96, 70, 44
L -58.97, 336.72, 0.0000, -187.33, 364.91, 0.0000, 96, 70, 44
L -187.33, 364.91, 0.0000, -315.69, 351.15, 0.0000, 96, 70, 44
L -315.69, 351.15, 0.0000, -444.06, 364.91, 0.0000, 96, 70, 44
L -444.06, 364.91, 0.0000, -572.42, 348.28, 0.0000, 96, 70, 44
L -572.42, 348.28, 0.0000, -700.78, 364.91, 0.0000, 96, 70, 44
L -700.78, 364.91, 0.0000, -682.46, 240.94, 0.0000, 96, 70, 44
L -682.46, 240.94, 0.0000, -700.78, 116.98, 0.0000, 96, 70, 44
L -700.78, 116.98, 0.0000, -673.21, -6.99, 0.0000, 96, 70, 44
L -673.21, -6.99, 0.0000, -700.78, -130.95, 0.0000, 96, 70, 44
L -700.78, -130.95, 0.0000, -685.08, -254.91, 0.0000, 96, 70, 44
L -685.08, -254.91, 0.0000, -700.78, -378.88, 0.0000, 96, 70, 44
L -700.78, -378.88, 0.0000, -680.69, -502.84, 0.0000, 96, 70, 44
L -680.69, -502.84, 0.0000, -700.78, -626.81, 0.0000, 96, 70, 44
L -652.78, -578.81, 0.0000, -483.12, -571.38, 0.0000, 180, 150, 60
L -483.12, -571.38, 0.0000, -313.46, -578.81, 0.0000, 180, 150, 60
L -313.46, -578.81, 0.0000, -143.80, -562.42, 0.0000, 180, 150, 60
L -143.80, -562.42, 0.0000, 25.86, -578.81, 0.0000, 180, 150, 60
L 25.86, -578.81, 0.0000, 195.52, -570.98, 0.0000, 180, 150, 60
L 195.52, -570.98, 0.0000, 365.18, -578.81, 0.0000, 180, 150, 60
L 365.18, -578.81, 0.0000, 534.84, -564.15, 0.0000, 180, 150, 60
L 534.84, -578.81, 0.0000, 525.58, -399.67, 0.0000, 180, 150, 60
L 525.58, -399.67, 0.0000, 534.84, -220.52, 0.0000, 180, 150, 60
L 534.84, -220.52, 0.0000, 526.21, -41.38, 0.0000, 180, 150, 60
L 526.21, -41.38, 0.0000, 534.84, 137.77, 0.0000, 180, 150, 60
L 534.84, 137.77, 0.0000, 519.45, 316.91, 0.0000, 180, 150, 60
L 534.84, 316.91, 0.0000, 365.18, 304.17, 0.0000, 180, 150, 60
L 365.18, 304.17, 0.0000, 195.52, 316.91, 0.0000, 180, 150, 60
L 195.52, 316.91, 0.0000, 25.86, 305.77, 0.0000, 180, 150, 60
L 25.86, 305.77, 0.0000, -143.80, 316.91, 0.0000, 180, 150, 60
L -143.80, 316.91, 0.0000, -313.46, 309.10, 0.0000, 180, 150, 60
L -313.46, 309.10, 0.0000, -483.12, 316.91, 0.0000, 180, 150, 60
L -483.12, 316.91, 0.0000, -652.78, 310.99, 0.0000, 180, 150, 60
L -652.78, 316.91, 0.0000, -643.89, 137.77, 0.0000, 180, 150, 60
L -643.89, 137.77, 0.0000, -652.78, -41.38, 0.0000, 180, 150, 60
L -652.78, -41.38, 0.0000, -641.76, -220.52, 0.0000, 180, 150, 60
L -641.76, -220.52, 0.0000, -652.78, -399.67, 0.0000, 180, 150, 60
L -652.78, -399.67, 0.0000, -636.63, -578.81, 0.0000, 180, 150, 60
L -468.17, -386.81, 0.0000, -468.17, -506.81, 0.0000, 120, 80, 40
L -460.17, -376.81, 0.0000, -460.17, -496.81, 0.0000, 180, 150, 60
L -468.17, -440.81, 0.0000, -400.85, -506.81, 0.0000, 120, 80, 40
L -460.17, -430.81, 0.0000, -392.85, -496.81, 0.0000, 180, 150, 60
L -448.37, -452.81, 0.0000, -396.89, -386.81, 0.0000, 120, 80, 40
L -440.37, -442.81, 0.0000, -388.89, -376.81, 0.0000, 180, 150, 60
L -344.97, -386.81, 0.0000, -305.37, -506.81, 0.0000, 120, 80, 40
L -336.97, -376.81, 0.0000, -297.37, -496.81, 0.0000, 180, 150, 60
L -305.37, -506.81, 0.0000, -265.77, -386.81, 0.0000, 120, 80, 40
L -297.37, -496.81, 0.0000, -257.77, -376.81, 0.0000, 180, 150, 60
L -325.17, -434.81, 0.0000, -285.57, -434.81, 0.0000, 120, 80, 40
L -317.17, -424.81, 0.0000, -277.57, -424.81, 0.0000, 180, 150, 60
L -221.77, -506.81, 0.0000, -221.77, -386.81, 0.0000, 120, 80, 40
L -213.77, -496.81, 0.0000, -213.77, -376.81, 0.0000, 180, 150, 60
L -221.77, -386.81, 0.0000, -158.41, -386.81, 0.0000, 120, 80, 40
L -213.77, -376.81, 0.0000, -150.41, -376.81, 0.0000, 180, 150, 60
L -98.57, -386.81, 0.0000, -58.97, -506.81, 0.0000, 120, 80, 40
L -90.57, -376.81, 0.0000, -50.97, -496.81, 0.0000, 180, 150, 60
L -58.97, -506.81, 0.0000, -19.37, -386.81, 0.0000, 120, 80, 40
L -50.97, -496.81, 0.0000, -11.37, -376.81, 0.0000, 180, 150, 60
L -78.77, -434.81, 0.0000, -39.17, -434.81, 0.0000, 120, 80, 40
L -70.77, -424.81, 0.0000, -31.17, -424.81, 0.0000, 180, 150, 60
L 24.63, -386.81, 0.0000, 24.63, -506.81, 0.0000, 120, 80, 40
L 32.63, -376.81, 0.0000, 32.63, -496.81, 0.0000, 180, 150, 60
L 24.63, -506.81, 0.0000, 72.15, -506.81, 0.0000, 120, 80, 40
L 32.63, -496.81, 0.0000, 80.15, -496.81, 0.0000, 180, 150, 60
L 72.15, -506.81, 0.0000, 99.87, -470.81, 0.0000, 120, 80, 40
L 80.15, -496.81, 0.0000, 107.87, -460.81, 0.0000, 180, 150, 60
L 99.87, -470.81, 0.0000, 99.87, -422.81, 0.0000, 120, 80, 40
L 107.87, -460.81, 0.0000, 107.87, -412.81, 0.0000, 180, 150, 60
L 99.87, -422.81, 0.0000, 72.15, -386.81, 0.0000, 120, 80, 40
L 107.87, -412.81, 0.0000, 80.15, -376.81, 0.0000, 180, 150, 60
L 72.15, -386.81, 0.0000, 24.63, -386.81, 0.0000, 120, 80, 40
L 80.15, -376.81, 0.0000, 32.63, -376.81, 0.0000, 180, 150, 60
L 187.43, -386.81, 0.0000, 187.43, -506.81, 0.0000, 120, 80, 40
L 195.43, -376.81, 0.0000, 195.43, -496.81, 0.0000, 180, 150, 60
L 163.67, -506.81, 0.0000, 211.19, -506.81, 0.0000, 120, 80, 40
L 171.67, -496.81, 0.0000, 219.19, -496.81, 0.0000, 180, 150, 60
L 163.67, -386.81, 0.0000, 211.19, -386.81, 0.0000, 120, 80, 40
L 171.67, -376.81, 0.0000, 219.19, -376.81, 0.0000, 180, 150, 60
L 271.03, -386.81, 0.0000, 271.03, -506.81, 0.0000, 120, 80, 40
L 279.03, -376.81, 0.0000, 279.03, -496.81, 0.0000, 180, 150, 60
L 271.03, -506.81, 0.0000, 310.63, -440.81, 0.0000, 120, 80, 40
L 279.03, -496.81, 0.0000, 318.63, -430.81, 0.0000, 180, 150, 60
L 310.63, -440.81, 0.0000, 350.23, -506.81, 0.0000, 120, 80, 40
L 318.63, -430.81, 0.0000, 358.23, -496.81, 0.0000, 180, 150, 60
L 350.23, -506.81, 0.0000, 350.23, -386.81, 0.0000, 120, 80, 40
L 358.23, -496.81, 0.0000, 358.23, -376.81, 0.0000, 180, 150, 60
L -498.17, -340.81, 0.0000, 380.23, -340.81, 0.0000, 180, 150, 60
L -498.17, -548.81, 0.0000, 380.23, -548.81, 0.0000, 180, 150, 60
L -392.28, 146.41, 0.0000, -393.65, 162.04, 0.0000, 96, 70, 44
L -393.65, 162.04, 0.0000, -397.71, 177.19, 0.0000, 96, 70, 44
L -397.71, 177.19, 0.0000, -404.34, 191.41, 0.0000, 96, 70, 44
L -404.34, 191.41, 0.0000, -413.34, 204.26, 0.0000, 96, 70, 44
L -413.34, 204.26, 0.0000, -424.43, 215.35, 0.0000, 96, 70, 44
L -424.43, 215.35, 0.0000, -437.28, 224.35, 0.0000, 96, 70, 44
L -437.28, 224.35, 0.0000, -451.50, 230.98, 0.0000, 96, 70, 44
L -451.50, 230.98, 0.0000, -466.65, 235.04, 0.0000, 96, 70, 44
L -466.65, 235.04, 0.0000, -482.28, 236.41, 0.0000, 96, 70, 44
L -482.28, 236.41, 0.0000, -497.91, 235.04, 0.0000, 96, 70, 44
L -497.91, 235.04, 0.0000, -513.06, 230.98, 0.0000, 96, 70, 44
L -513.06, 230.98, 0.0000, -527.28, 224.35, 0.0000, 96, 70, 44
L -527.28, 224.35, 0.0000, -540.13, 215.35, 0.0000, 96, 70, 44
L -540.13, 215.35, 0.0000, -551.22, 204.26, 0.0000, 96, 70, 44
L -551.22, 204.26, 0.0000, -560.22, 191.41, 0.0000, 96, 70, 44
L -560.22, 191.41, 0.0000, -566.85, 177.19, 0.0000, 96, 70, 44
L -566.85, 177.19, 0.0000, -570.91, 162.04, 0.0000, 96, 70, 44
L -570.91, 162.04, 0.0000, -572.28, 146.41, 0.0000, 96, 70, 44
L -572.28, 146.41, 0.0000, -570.91, 130.78, 0.0000, 96, 70, 44
L -570.91, 130.78, 0.0000, -566.85, 115.63, 0.0000, 96, 70, 44
L -566.85, 115.63, 0.0000, -560.22, 101.41, 0.0000, 96, 70, 44
L -560.22, 101.41, 0.0000, -551.22, 88.56, 0.0000, 96, 70, 44
L -551.22, 88.56, 0.0000, -540.13, 77.47, 0.0000, 96, 70, 44
L -540.13, 77.47, 0.0000, -527.28, 68.47, 0.0000, 96, 70, 44
L -527.28, 68.47, 0.0000, -513.06, 61.84, 0.0000, 96, 70, 44
L -513.06, 61.84, 0.0000, -497.91, 57.78, 0.0000, 96, 70, 44
L -497.91, 57.78, 0.0000, -482.28, 56.41, 0.0000, 96, 70, 44
L -482.28, 56.41, 0.0000, -466.65, 57.78, 0.0000, 96, 70, 44
L -466.65, 57.78, 0.0000, -451.50, 61.84, 0.0000, 96, 70, 44
L -451.50, 61.84, 0.0000, -437.28, 68.47, 0.0000, 96, 70, 44
L -437.28, 68.47, 0.0000, -424.43, 77.47, 0.0000, 96, 70, 44
L -424.43, 77.47, 0.0000, -413.34, 88.56, 0.0000, 96, 70, 44
L -413.34, 88.56, 0.0000, -404.34, 101.41, 0.0000, 96, 70, 44
L -404.34, 101.41, 0.0000, -397.71, 115.63, 0.0000, 96, 70, 44
L -397.71, 115.63, 0.0000, -393.65, 130.78, 0.0000, 96, 70, 44
L -393.65, 130.78, 0.0000, -392.28, 146.41, 0.0000, 96, 70, 44
L -380.58, 146.41, 0.0000, -382.13, 164.07, 0.0000, 180, 150, 60
L -382.13, 164.07, 0.0000, -386.71, 181.19, 0.0000, 180, 150, 60
L -386.71, 181.19, 0.0000, -394.21, 197.26, 0.0000, 180, 150, 60
L -394.21, 197.26, 0.0000, -404.37, 211.78, 0.0000, 180, 150, 60
L -404.37, 211.78, 0.0000, -416.91, 224.32, 0.0000, 180, 150, 60
L -416.91, 224.32, 0.0000, -431.43, 234.48, 0.0000, 180, 150, 60
L -431.43, 234.48, 0.0000, -447.50, 241.98, 0.0000, 180, 150, 60
L -447.50, 241.98, 0.0000, -464.62, 246.56, 0.0000, 180, 150, 60
L -464.62, 246.56, 0.0000, -482.28, 248.11, 0.0000, 180, 150, 60
L -482.28, 248.11, 0.0000, -499.94, 246.56, 0.0000, 180, 150, 60
L -499.94, 246.56, 0.0000, -517.06, 241.98, 0.0000, 180, 150, 60
L -517.06, 241.98, 0.0000, -533.13, 234.48, 0.0000, 180, 150, 60
L -533.13, 234.48, 0.0000, -547.65, 224.32, 0.0000, 180, 150, 60
L -547.65, 224.32, 0.0000, -560.19, 211.78, 0.0000, 180, 150, 60
L -560.19, 211.78, 0.0000, -570.35, 197.26, 0.0000, 180, 150, 60
L -570.35, 197.26, 0.0000, -577.85, 181.19, 0.0000, 180, 150, 60
L -577.85, 181.19, 0.0000, -582.43, 164.07, 0.0000, 180, 150, 60
L -582.43, 164.07, 0.0000, -583.98, 146.41, 0.0000, 180, 150, 60
L -583.98, 146.41, 0.0000, -582.43, 128.75, 0.0000, 180, 150, 60
L -582.43, 128.75, 0.0000, -577.85, 111.63, 0.0000, 180, 150, 60
L -577.85, 111.63, 0.0000, -570.35, 95.56, 0.0000, 180, 150, 60
L -570.35, 95.56, 0.0000, -560.19, 81.04, 0.0000, 180, 150, 60
L -560.19, 81.04, 0.0000, -547.65, 68.50, 0.0000, 180, 150, 60
L -547.65, 68.50, 0.0000, -533.13, 58.34, 0.0000, 180, 150, 60
L -533.13, 58.34, 0.0000, -517.06, 50.84, 0.0000, 180, 150, 60
L -517.06, 50.84, 0.0000, -499.94, 46.26, 0.0000, 180, 150, 60
L -499.94, 46.26, 0.0000, -482.28, 44.71, 0.0000, 180, 150, 60
L -482.28, 44.71, 0.0000, -464.62, 46.26, 0.0000, 180, 150, 60
L -464.62, 46.26, 0.0000, -447.50, 50.84, 0.0000, 180, 150, 60
L -447.50, 50.84, 0.0000, -431.43, 58.34, 0.0000, 180, 150, 60
L -431.43, 58.34, 0.0000, -416.91, 68.50, 0.0000, 180, 150, 60
L -416.91, 68.50, 0.0000, -404.37, 81.04, 0.0000, 180, 150, 60
L -404.37, 81.04, 0.0000, -394.21, 95.56, 0.0000, 180, 150, 60
L -394.21, 95.56, 0.0000, -386.71, 111.63, 0.0000, 180, 150, 60
L -386.71, 111.63, 0.0000, -382.13, 128.75, 0.0000, 180, 150, 60
L -382.13, 128.75, 0.0000, -380.58, 146.41, 0.0000, 180, 150, 60
L -482.28, 146.41, 0.0000, -482.28, 56.41, 0.0000, 180, 150, 60
L -482.28, 146.41, 0.0000, -444.10, 108.23, 0.0000, 160, 150, 128
L -482.28, 146.41, 0.0000, -392.28, 146.41, 0.0000, 180, 150, 60
L -482.28, 146.41, 0.0000, -444.10, 184.59, 0.0000, 160, 150, 128
L -482.28, 146.41, 0.0000, -482.28, 236.41, 0.0000, 180, 150, 60
L -482.28, 146.41, 0.0000, -520.46, 184.59, 0.0000, 160, 150, 128
L -482.28, 146.41, 0.0000, -572.28, 146.41, 0.0000, 180, 150, 60
L -482.28, 146.41, 0.0000, -520.46, 108.23, 0.0000, 160, 150, 128
L -482.28, 101.41, 0.0000, -482.28, 65.41, 0.0000, 120, 80, 40
L -490.28, 74.41, 0.0000, -482.28, 61.81, 0.0000, 120, 80, 40
L -474.28, 74.41, 0.0000, -482.28, 61.81, 0.0000, 120, 80, 40
P -482.28, 31.21, 0.0000, 120, 80, 40, 3, N
P -482.28, 261.61, 0.0000, 96, 70, 44, 1, S
P -367.08, 146.41, 0.0000, 96, 70, 44, 1, E
P -597.48, 146.41, 0.0000, 96, 70, 44, 1, W
