L 555.9100, -280.0300, 19.8200, 555.5751, -278.7800, 19.8200, 110, 65, 25
L 555.5751, -278.7800, 19.8200, 554.6600, -277.8649, 19.8200, 110, 65, 25
L 554.6600, -277.8649, 19.8200, 553.4100, -277.5300, 19.8200, 110, 65, 25
L 553.4100, -277.5300, 19.8200, 552.1600, -277.8649, 19.8200, 110, 65, 25
L 552.1600, -277.8649, 19.8200, 551.2449, -278.7800, 19.8200, 110, 65, 25
L 551.2449, -278.7800, 19.8200, 550.9100, -280.0300, 19.8200, 110, 65, 25
L 550.9100, -280.0300, 19.8200, 551.2449, -281.2800, 19.8200, 110, 65, 25
L 551.2449, -281.2800, 19.8200, 552.1600, -282.1951, 19.8200, 110, 65, 25
L 552.1600, -282.1951, 19.8200, 553.4100, -282.5300, 19.8200, 110, 65, 25
L 553.4100, -282.5300, 19.8200, 554.6600, -282.1951, 19.8200, 110, 65, 25
L 554.6600, -282.1951, 19.8200, 555.5751, -281.2800, 19.8200, 110, 65, 25
L 555.5751, -281.2800, 19.8200, 555.9100, -280.0300, 19.8200, 110, 65, 25
L 556.4100, -280.0300, 19.8200, 563.4100, -280.0300, 19.8200, 25, 145, 35
L 555.5313, -277.9087, 19.8200, 560.4811, -272.9589, 19.8200, 25, 145, 35
L 553.4100, -277.0300, 19.8200, 553.4100, -270.0300, 19.8200, 25, 145, 35
L 551.2887, -277.9087, 19.8200, 546.3389, -272.9589, 19.8200, 25, 145, 35
L 550.4100, -280.0300, 19.8200, 543.4100, -280.0300, 19.8200, 25, 145, 35
L 551.2887, -282.1513, 19.8200, 546.3389, -287.1011, 19.8200, 25, 145, 35
L 553.4100, -283.0300, 19.8200, 553.4100, -290.0300, 19.8200, 25, 145, 35
L 555.5313, -282.1513, 19.8200, 560.4811, -287.1011, 19.8200, 25, 145, 35
L 687.8700, -601.9800, 16.5500, 687.5351, -600.7300, 16.5500, 110, 65, 25
L 687.5351, -600.7300, 16.5500, 686.6200, -599.8149, 16.5500, 110, 65, 25
L 686.6200, -599.8149, 16.5500, 685.3700, -599.4800, 16.5500, 110, 65, 25
L 685.3700, -599.4800, 16.5500, 684.1200, -599.8149, 16.5500, 110, 65, 25
L 684.1200, -599.8149, 16.5500, 683.2049, -600.7300, 16.5500, 110, 65, 25
L 683.2049, -600.7300, 16.5500, 682.8700, -601.9800, 16.5500, 110, 65, 25
L 682.8700, -601.9800, 16.5500, 683.2049, -603.2300, 16.5500, 110, 65, 25
L 683.2049, -603.2300, 16.5500, 684.1200, -604.1451, 16.5500, 110, 65, 25
L 684.1200, -604.1451, 16.5500, 685.3700, -604.4800, 16.5500, 110, 65, 25
L 685.3700, -604.4800, 16.5500, 686.6200, -604.1451, 16.5500, 110, 65, 25
L 686.6200, -604.1451, 16.5500, 687.5351, -603.2300, 16.5500, 110, 65, 25
L 687.5351, -603.2300, 16.5500, 687.8700, -601.9800, 16.5500, 110, 65, 25
L 688.3700, -601.9800, 16.5500, 695.3700, -601.9800, 16.5500, 25, 145, 35
L 687.4913, -599.8587, 16.5500, 692.4411, -594.9089, 16.5500, 25, 145, 35
L 685.3700, -598.9800, 16.5500, 685.3700, -591.9800, 16.5500, 25, 145, 35
L 683.2487, -599.8587, 16.5500, 678.2989, -594.9089, 16.5500, 25, 145, 35
L 682.3700, -601.9800, 16.5500, 675.3700, -601.9800, 16.5500, 25, 145, 35
L 683.2487, -604.1013, 16.5500, 678.2989, -609.0511, 16.5500, 25, 145, 35
L 685.3700, -604.9800, 16.5500, 685.3700, -611.9800, 16.5500, 25, 145, 35
L 687.4913, -604.1013, 16.5500, 692.4411, -609.0511, 16.5500, 25, 145, 35
L 366.8500, -523.4200, 19.8100, 366.5151, -522.1700, 19.8100, 110, 65, 25
L 366.5151, -522.1700, 19.8100, 365.6000, -521.2549, 19.8100, 110, 65, 25
L 365.6000, -521.2549, 19.8100, 364.3500, -520.9200, 19.8100, 110, 65, 25
L 364.3500, -520.9200, 19.8100, 363.1000, -521.2549, 19.8100, 110, 65, 25
L 363.1000, -521.2549, 19.8100, 362.1849, -522.1700, 19.8100, 110, 65, 25
L 362.1849, -522.1700, 19.8100, 361.8500, -523.4200, 19.8100, 110, 65, 25
L 361.8500, -523.4200, 19.8100, 362.1849, -524.6700, 19.8100, 110, 65, 25
L 362.1849, -524.6700, 19.8100, 363.1000, -525.5851, 19.8100, 110, 65, 25
L 363.1000, -525.5851, 19.8100, 364.3500, -525.9200, 19.8100, 110, 65, 25
L 364.3500, -525.9200, 19.8100, 365.6000, -525.5851, 19.8100, 110, 65, 25
L 365.6000, -525.5851, 19.8100, 366.5151, -524.6700, 19.8100, 110, 65, 25
L 366.5151, -524.6700, 19.8100, 366.8500, -523.4200, 19.8100, 110, 65, 25
L 367.3500, -523.4200, 19.8100, 374.3500, -523.4200, 19.8100, 25, 145, 35
L 366.4713, -521.2987, 19.8100, 371.4211, -516.3489, 19.8100, 25, 145, 35
L 364.3500, -520.4200, 19.8100, 364.3500, -513.4200, 19.8100, 25, 145, 35
L 362.2287, -521.2987, 19.8100, 357.2789, -516.3489, 19.8100, 25, 145, 35
L 361.3500, -523.4200, 19.8100, 354.3500, -523.4200, 19.8100, 25, 145, 35
L 362.2287, -525.5413, 19.8100, 357.2789, -530.4911, 19.8100, 25, 145, 35
L 364.3500, -526.4200, 19.8100, 364.3500, -533.4200, 19.8100, 25, 145, 35
L 366.4713, -525.5413, 19.8100, 371.4211, -530.4911, 19.8100, 25, 145, 35
L -330.9000, 133.6300, 3.8200, -331.2349, 134.8800, 3.8200, 110, 65, 25
L -331.2349, 134.8800, 3.8200, -332.1500, 135.7951, 3.8200, 110, 65, 25
L -332.1500, 135.7951, 3.8200, -333.4000, 136.1300, 3.8200, 110, 65, 25
L -333.4000, 136.1300, 3.8200, -334.6500, 135.7951, 3.8200, 110, 65, 25
L -334.6500, 135.7951, 3.8200, -335.5651, 134.8800, 3.8200, 110, 65, 25
L -335.5651, 134.8800, 3.8200, -335.9000, 133.6300, 3.8200, 110, 65, 25
L -335.9000, 133.6300, 3.8200, -335.5651, 132.3800, 3.8200, 110, 65, 25
L -335.5651, 132.3800, 3.8200, -334.6500, 131.4649, 3.8200, 110, 65, 25
L -334.6500, 131.4649, 3.8200, -333.4000, 131.1300, 3.8200, 110, 65, 25
L -333.4000, 131.1300, 3.8200, -332.1500, 131.4649, 3.8200, 110, 65, 25
L -332.1500, 131.4649, 3.8200, -331.2349, 132.3800, 3.8200, 110, 65, 25
L -331.2349, 132.3800, 3.8200, -330.9000, 133.6300, 3.8200, 110, 65, 25
L -330.4000, 133.6300, 3.8200, -323.4000, 133.6300, 3.8200, 25, 145, 35
L -331.2787, 135.7513, 3.8200, -326.3289, 140.7011, 3.8200, 25, 145, 35
L -333.4000, 136.6300, 3.8200, -333.4000, 143.6300, 3.8200, 25, 145, 35
L -335.5213, 135.7513, 3.8200, -340.4711, 140.7011, 3.8200, 25, 145, 35
L -336.4000, 133.6300, 3.8200, -343.4000, 133.6300, 3.8200, 25, 145, 35
L -335.5213, 131.5087, 3.8200, -340.4711, 126.5589, 3.8200, 25, 145, 35
L -333.4000, 130.6300, 3.8200, -333.4000, 123.6300, 3.8200, 25, 145, 35
L -331.2787, 131.5087, 3.8200, -326.3289, 126.5589, 3.8200, 25, 145, 35
L 151.3200, -162.6200, 11.8200, 150.9851, -161.3700, 11.8200, 110, 65, 25
L 150.9851, -161.3700, 11.8200, 150.0700, -160.4549, 11.8200, 110, 65, 25
L 150.0700, -160.4549, 11.8200, 148.8200, -160.1200, 11.8200, 110, 65, 25
L 148.8200, -160.1200, 11.8200, 147.5700, -160.4549, 11.8200, 110, 65, 25
L 147.5700, -160.4549, 11.8200, 146.6549, -161.3700, 11.8200, 110, 65, 25
L 146.6549, -161.3700, 11.8200, 146.3200, -162.6200, 11.8200, 110, 65, 25
L 146.3200, -162.6200, 11.8200, 146.6549, -163.8700, 11.8200, 110, 65, 25
L 146.6549, -163.8700, 11.8200, 147.5700, -164.7851, 11.8200, 110, 65, 25
L 147.5700, -164.7851, 11.8200, 148.8200, -165.1200, 11.8200, 110, 65, 25
L 148.8200, -165.1200, 11.8200, 150.0700, -164.7851, 11.8200, 110, 65, 25
L 150.0700, -164.7851, 11.8200, 150.9851, -163.8700, 11.8200, 110, 65, 25
L 150.9851, -163.8700, 11.8200, 151.3200, -162.6200, 11.8200, 110, 65, 25
L 151.8200, -162.6200, 11.8200, 158.8200, -162.6200, 11.8200, 25, 145, 35
L 150.9413, -160.4987, 11.8200, 155.8911, -155.5489, 11.8200, 25, 145, 35
L 148.8200, -159.6200, 11.8200, 148.8200, -152.6200, 11.8200, 25, 145, 35
L 146.6987, -160.4987, 11.8200, 141.7489, -155.5489, 11.8200, 25, 145, 35
L 145.8200, -162.6200, 11.8200, 138.8200, -162.6200, 11.8200, 25, 145, 35
L 146.6987, -164.7413, 11.8200, 141.7489, -169.6911, 11.8200, 25, 145, 35
L 148.8200, -165.6200, 11.8200, 148.8200, -172.6200, 11.8200, 25, 145, 35
L 150.9413, -164.7413, 11.8200, 155.8911, -169.6911, 11.8200, 25, 145, 35
L -22.3400, -352.7200, 3.8400, -22.6749, -351.4700, 3.8400, 110, 65, 25
L -22.6749, -351.4700, 3.8400, -23.5900, -350.5549, 3.8400, 110, 65, 25
L -23.5900, -350.5549, 3.8400, -24.8400, -350.2200, 3.8400, 110, 65, 25
L -24.8400, -350.2200, 3.8400, -26.0900, -350.5549, 3.8400, 110, 65, 25
L -26.0900, -350.5549, 3.8400, -27.0051, -351.4700, 3.8400, 110, 65, 25
L -27.0051, -351.4700, 3.8400, -27.3400, -352.7200, 3.8400, 110, 65, 25
L -27.3400, -352.7200, 3.8400, -27.0051, -353.9700, 3.8400, 110, 65, 25
L -27.0051, -353.9700, 3.8400, -26.0900, -354.8851, 3.8400, 110, 65, 25
L -26.0900, -354.8851, 3.8400, -24.8400, -355.2200, 3.8400, 110, 65, 25
L -24.8400, -355.2200, 3.8400, -23.5900, -354.8851, 3.8400, 110, 65, 25
L -23.5900, -354.8851, 3.8400, -22.6749, -353.9700, 3.8400, 110, 65, 25
L -22.6749, -353.9700, 3.8400, -22.3400, -352.7200, 3.8400, 110, 65, 25
L -21.8400, -352.7200, 3.8400, -14.8400, -352.7200, 3.8400, 25, 145, 35
L -22.7187, -350.5987, 3.8400, -17.7689, -345.6489, 3.8400, 25, 145, 35
L -24.8400, -349.7200, 3.8400, -24.8400, -342.7200, 3.8400, 25, 145, 35
L -26.9613, -350.5987, 3.8400, -31.9111, -345.6489, 3.8400, 25, 145, 35
L -27.8400, -352.7200, 3.8400, -34.8400, -352.7200, 3.8400, 25, 145, 35
L -26.9613, -354.8413, 3.8400, -31.9111, -359.7911, 3.8400, 25, 145, 35
L -24.8400, -355.7200, 3.8400, -24.8400, -362.7200, 3.8400, 25, 145, 35
L -22.7187, -354.8413, 3.8400, -17.7689, -359.7911, 3.8400, 25, 145, 35
L -98.7500, -313.2300, 9.8100, -99.0849, -311.9800, 9.8100, 110, 65, 25
L -99.0849, -311.9800, 9.8100, -100.0000, -311.0649, 9.8100, 110, 65, 25
L -100.0000, -311.0649, 9.8100, -101.2500, -310.7300, 9.8100, 110, 65, 25
L -101.2500, -310.7300, 9.8100, -102.5000, -311.0649, 9.8100, 110, 65, 25
L -102.5000, -311.0649, 9.8100, -103.4151, -311.9800, 9.8100, 110, 65, 25
L -103.4151, -311.9800, 9.8100, -103.7500, -313.2300, 9.8100, 110, 65, 25
L -103.7500, -313.2300, 9.8100, -103.4151, -314.4800, 9.8100, 110, 65, 25
L -103.4151, -314.4800, 9.8100, -102.5000, -315.3951, 9.8100, 110, 65, 25
L -102.5000, -315.3951, 9.8100, -101.2500, -315.7300, 9.8100, 110, 65, 25
L -101.2500, -315.7300, 9.8100, -100.0000, -315.3951, 9.8100, 110, 65, 25
L -100.0000, -315.3951, 9.8100, -99.0849, -314.4800, 9.8100, 110, 65, 25
L -99.0849, -314.4800, 9.8100, -98.7500, -313.2300, 9.8100, 110, 65, 25
L -98.2500, -313.2300, 9.8100, -91.2500, -313.2300, 9.8100, 25, 145, 35
L -99.1287, -311.1087, 9.8100, -94.1789, -306.1589, 9.8100, 25, 145, 35
L -101.2500, -310.2300, 9.8100, -101.2500, -303.2300, 9.8100, 25, 145, 35
L -103.3713, -311.1087, 9.8100, -108.3211, -306.1589, 9.8100, 25, 145, 35
L -104.2500, -313.2300, 9.8100, -111.2500, -313.2300, 9.8100, 25, 145, 35
L -103.3713, -315.3513, 9.8100, -108.3211, -320.3011, 9.8100, 25, 145, 35
L -101.2500, -316.2300, 9.8100, -101.2500, -323.2300, 9.8100, 25, 145, 35
L -99.1287, -315.3513, 9.8100, -94.1789, -320.3011, 9.8100, 25, 145, 35
L -184.6700, -215.4000, 3.8100, -185.0049, -214.1500, 3.8100, 110, 65, 25
L -185.0049, -214.1500, 3.8100, -185.9200, -213.2349, 3.8100, 110, 65, 25
L -185.9200, -213.2349, 3.8100, -187.1700, -212.9000, 3.8100, 110, 65, 25
L -187.1700, -212.9000, 3.8100, -188.4200, -213.2349, 3.8100, 110, 65, 25
L -188.4200, -213.2349, 3.8100, -189.3351, -214.1500, 3.8100, 110, 65, 25
L -189.3351, -214.1500, 3.8100, -189.6700, -215.4000, 3.8100, 110, 65, 25
L -189.6700, -215.4000, 3.8100, -189.3351, -216.6500, 3.8100, 110, 65, 25
L -189.3351, -216.6500, 3.8100, -188.4200, -217.5651, 3.8100, 110, 65, 25
L -188.4200, -217.5651, 3.8100, -187.1700, -217.9000, 3.8100, 110, 65, 25
L -187.1700, -217.9000, 3.8100, -185.9200, -217.5651, 3.8100, 110, 65, 25
L -185.9200, -217.5651, 3.8100, -185.0049, -216.6500, 3.8100, 110, 65, 25
L -185.0049, -216.6500, 3.8100, -184.6700, -215.4000, 3.8100, 110, 65, 25
L -184.1700, -215.4000, 3.8100, -177.1700, -215.4000, 3.8100, 25, 145, 35
L -185.0487, -213.2787, 3.8100, -180.0989, -208.3289, 3.8100, 25, 145, 35
L -187.1700, -212.4000, 3.8100, -187.1700, -205.4000, 3.8100, 25, 145, 35
L -189.2913, -213.2787, 3.8100, -194.2411, -208.3289, 3.8100, 25, 145, 35
L -190.1700, -215.4000, 3.8100, -197.1700, -215.4000, 3.8100, 25, 145, 35
L -189.2913, -217.5213, 3.8100, -194.2411, -222.4711, 3.8100, 25, 145, 35
L -187.1700, -218.4000, 3.8100, -187.1700, -225.4000, 3.8100, 25, 145, 35
L -185.0487, -217.5213, 3.8100, -180.0989, -222.4711, 3.8100, 25, 145, 35
L -174.8900, -192.9400, 3.8100, -175.2249, -191.6900, 3.8100, 110, 65, 25
L -175.2249, -191.6900, 3.8100, -176.1400, -190.7749, 3.8100, 110, 65, 25
L -176.1400, -190.7749, 3.8100, -177.3900, -190.4400, 3.8100, 110, 65, 25
L -177.3900, -190.4400, 3.8100, -178.6400, -190.7749, 3.8100, 110, 65, 25
L -178.6400, -190.7749, 3.8100, -179.5551, -191.6900, 3.8100, 110, 65, 25
L -179.5551, -191.6900, 3.8100, -179.8900, -192.9400, 3.8100, 110, 65, 25
L -179.8900, -192.9400, 3.8100, -179.5551, -194.1900, 3.8100, 110, 65, 25
L -179.5551, -194.1900, 3.8100, -178.6400, -195.1051, 3.8100, 110, 65, 25
L -178.6400, -195.1051, 3.8100, -177.3900, -195.4400, 3.8100, 110, 65, 25
L -177.3900, -195.4400, 3.8100, -176.1400, -195.1051, 3.8100, 110, 65, 25
L -176.1400, -195.1051, 3.8100, -175.2249, -194.1900, 3.8100, 110, 65, 25
L -175.2249, -194.1900, 3.8100, -174.8900, -192.9400, 3.8100, 110, 65, 25
L -174.3900, -192.9400, 3.8100, -167.3900, -192.9400, 3.8100, 25, 145, 35
L -175.2687, -190.8187, 3.8100, -170.3189, -185.8689, 3.8100, 25, 145, 35
L -177.3900, -189.9400, 3.8100, -177.3900, -182.9400, 3.8100, 25, 145, 35
L -179.5113, -190.8187, 3.8100, -184.4611, -185.8689, 3.8100, 25, 145, 35
L -180.3900, -192.9400, 3.8100, -187.3900, -192.9400, 3.8100, 25, 145, 35
L -179.5113, -195.0613, 3.8100, -184.4611, -200.0111, 3.8100, 25, 145, 35
L -177.3900, -195.9400, 3.8100, -177.3900, -202.9400, 3.8100, 25, 145, 35
L -175.2687, -195.0613, 3.8100, -170.3189, -200.0111, 3.8100, 25, 145, 35
L -93.4300, -844.8200, 7.0500, -93.7649, -843.5700, 7.0500, 110, 65, 25
L -93.7649, -843.5700, 7.0500, -94.6800, -842.6549, 7.0500, 110, 65, 25
L -94.6800, -842.6549, 7.0500, -95.9300, -842.3200, 7.0500, 110, 65, 25
L -95.9300, -842.3200, 7.0500, -97.1800, -842.6549, 7.0500, 110, 65, 25
L -97.1800, -842.6549, 7.0500, -98.0951, -843.5700, 7.0500, 110, 65, 25
L -98.0951, -843.5700, 7.0500, -98.4300, -844.8200, 7.0500, 110, 65, 25
L -98.4300, -844.8200, 7.0500, -98.0951, -846.0700, 7.0500, 110, 65, 25
L -98.0951, -846.0700, 7.0500, -97.1800, -846.9851, 7.0500, 110, 65, 25
L -97.1800, -846.9851, 7.0500, -95.9300, -847.3200, 7.0500, 110, 65, 25
L -95.9300, -847.3200, 7.0500, -94.6800, -846.9851, 7.0500, 110, 65, 25
L -94.6800, -846.9851, 7.0500, -93.7649, -846.0700, 7.0500, 110, 65, 25
L -93.7649, -846.0700, 7.0500, -93.4300, -844.8200, 7.0500, 110, 65, 25
L -92.9300, -844.8200, 7.0500, -85.9300, -844.8200, 7.0500, 25, 145, 35
L -93.8087, -842.6987, 7.0500, -88.8589, -837.7489, 7.0500, 25, 145, 35
L -95.9300, -841.8200, 7.0500, -95.9300, -834.8200, 7.0500, 25, 145, 35
L -98.0513, -842.6987, 7.0500, -103.0011, -837.7489, 7.0500, 25, 145, 35
L -98.9300, -844.8200, 7.0500, -105.9300, -844.8200, 7.0500, 25, 145, 35
L -98.0513, -846.9413, 7.0500, -103.0011, -851.8911, 7.0500, 25, 145, 35
L -95.9300, -847.8200, 7.0500, -95.9300, -854.8200, 7.0500, 25, 145, 35
L -93.8087, -846.9413, 7.0500, -88.8589, -851.8911, 7.0500, 25, 145, 35
L -361.4400, -708.9000, 3.8200, -361.7749, -707.6500, 3.8200, 110, 65, 25
L -361.7749, -707.6500, 3.8200, -362.6900, -706.7349, 3.8200, 110, 65, 25
L -362.6900, -706.7349, 3.8200, -363.9400, -706.4000, 3.8200, 110, 65, 25
L -363.9400, -706.4000, 3.8200, -365.1900, -706.7349, 3.8200, 110, 65, 25
L -365.1900, -706.7349, 3.8200, -366.1051, -707.6500, 3.8200, 110, 65, 25
L -366.1051, -707.6500, 3.8200, -366.4400, -708.9000, 3.8200, 110, 65, 25
L -366.4400, -708.9000, 3.8200, -366.1051, -710.1500, 3.8200, 110, 65, 25
L -366.1051, -710.1500, 3.8200, -365.1900, -711.0651, 3.8200, 110, 65, 25
L -365.1900, -711.0651, 3.8200, -363.9400, -711.4000, 3.8200, 110, 65, 25
L -363.9400, -711.4000, 3.8200, -362.6900, -711.0651, 3.8200, 110, 65, 25
L -362.6900, -711.0651, 3.8200, -361.7749, -710.1500, 3.8200, 110, 65, 25
L -361.7749, -710.1500, 3.8200, -361.4400, -708.9000, 3.8200, 110, 65, 25
L -360.9400, -708.9000, 3.8200, -353.9400, -708.9000, 3.8200, 25, 145, 35
L -361.8187, -706.7787, 3.8200, -356.8689, -701.8289, 3.8200, 25, 145, 35
L -363.9400, -705.9000, 3.8200, -363.9400, -698.9000, 3.8200, 25, 145, 35
L -366.0613, -706.7787, 3.8200, -371.0111, -701.8289, 3.8200, 25, 145, 35
L -366.9400, -708.9000, 3.8200, -373.9400, -708.9000, 3.8200, 25, 145, 35
L -366.0613, -711.0213, 3.8200, -371.0111, -715.9711, 3.8200, 25, 145, 35
L -363.9400, -711.9000, 3.8200, -363.9400, -718.9000, 3.8200, 25, 145, 35
L -361.8187, -711.0213, 3.8200, -356.8689, -715.9711, 3.8200, 25, 145, 35
L -130.6600, -535.8100, 17.8200, -130.9949, -534.5600, 17.8200, 110, 65, 25
L -130.9949, -534.5600, 17.8200, -131.9100, -533.6449, 17.8200, 110, 65, 25
L -131.9100, -533.6449, 17.8200, -133.1600, -533.3100, 17.8200, 110, 65, 25
L -133.1600, -533.3100, 17.8200, -134.4100, -533.6449, 17.8200, 110, 65, 25
L -134.4100, -533.6449, 17.8200, -135.3251, -534.5600, 17.8200, 110, 65, 25
L -135.3251, -534.5600, 17.8200, -135.6600, -535.8100, 17.8200, 110, 65, 25
L -135.6600, -535.8100, 17.8200, -135.3251, -537.0600, 17.8200, 110, 65, 25
L -135.3251, -537.0600, 17.8200, -134.4100, -537.9751, 17.8200, 110, 65, 25
L -134.4100, -537.9751, 17.8200, -133.1600, -538.3100, 17.8200, 110, 65, 25
L -133.1600, -538.3100, 17.8200, -131.9100, -537.9751, 17.8200, 110, 65, 25
L -131.9100, -537.9751, 17.8200, -130.9949, -537.0600, 17.8200, 110, 65, 25
L -130.9949, -537.0600, 17.8200, -130.6600, -535.8100, 17.8200, 110, 65, 25
L -130.1600, -535.8100, 17.8200, -123.1600, -535.8100, 17.8200, 25, 145, 35
L -131.0387, -533.6887, 17.8200, -126.0889, -528.7389, 17.8200, 25, 145, 35
L -133.1600, -532.8100, 17.8200, -133.1600, -525.8100, 17.8200, 25, 145, 35
L -135.2813, -533.6887, 17.8200, -140.2311, -528.7389, 17.8200, 25, 145, 35
L -136.1600, -535.8100, 17.8200, -143.1600, -535.8100, 17.8200, 25, 145, 35
L -135.2813, -537.9313, 17.8200, -140.2311, -542.8811, 17.8200, 25, 145, 35
L -133.1600, -538.8100, 17.8200, -133.1600, -545.8100, 17.8200, 25, 145, 35
L -131.0387, -537.9313, 17.8200, -126.0889, -542.8811, 17.8200, 25, 145, 35
L 657.2300, -654.8600, 13.2400, 647.8800, -692.1600, 10.9100, 145, 95, 40
L 647.8800, -692.1600, 10.9100, 667.3300, -733.4100, 8.3300, 145, 95, 40
L 655.6780, -654.4710, 13.2400, 658.7820, -655.2490, 13.2400, 145, 95, 40
L 653.3405, -663.7960, 12.6575, 656.4445, -664.5740, 12.6575, 145, 95, 40
L 651.0030, -673.1210, 12.0750, 654.1070, -673.8990, 12.0750, 145, 95, 40
L 648.6655, -682.4460, 11.4925, 651.7695, -683.2240, 11.4925, 145, 95, 40
L 646.3280, -691.7710, 10.9100, 649.4320, -692.5490, 10.9100, 145, 95, 40
L 646.4328, -692.8424, 10.9100, 649.3272, -691.4776, 10.9100, 145, 95, 40
L 650.3228, -701.0924, 10.3940, 653.2172, -699.7276, 10.3940, 145, 95, 40
L 654.2128, -709.3424, 9.8780, 657.1072, -707.9776, 9.8780, 145, 95, 40
L 658.1028, -717.5924, 9.3620, 660.9972, -716.2276, 9.3620, 145, 95, 40
L 661.9928, -725.8424, 8.8460, 664.8872, -724.4776, 8.8460, 145, 95, 40
L 665.8828, -734.0924, 8.3300, 668.7772, -732.7276, 8.3300, 145, 95, 40
L 246.7800, -157.5900, 12.4200, 327.2900, -157.3200, 14.2700, 105, 105, 105
L 327.2900, -157.3200, 14.2700, 295.4300, -100.7200, 14.1800, 105, 105, 105
L 295.4300, -100.7200, 14.1800, 232.9100, -67.7800, 11.0800, 105, 105, 105
L 232.9100, -67.7800, 11.0800, 234.3800, -114.5200, 13.6800, 105, 105, 105
L 234.3800, -114.5200, 13.6800, 246.7800, -157.5900, 12.4200, 105, 105, 105
L 363.9200, 437.6700, 3.1800, 320.6600, 367.6000, -1.7700, 0, 115, 215
L 320.6600, 367.6000, -1.7700, 291.0900, 293.0200, -0.9000, 0, 115, 215
L 291.0900, 293.0200, -0.9000, 219.6000, 282.2300, -0.8100, 0, 115, 215
L 219.6000, 282.2300, -0.8100, 193.1100, 274.3600, -0.1300, 0, 115, 215
L 193.1100, 274.3600, -0.1300, 156.7800, 336.0800, -0.2800, 0, 115, 215
L 156.7800, 336.0800, -0.2800, 88.8000, 462.9000, -0.1200, 0, 115, 215
L 88.8000, 462.9000, -0.1200, 60.6000, 501.2300, -0.0900, 0, 115, 215
L 60.6000, 501.2300, -0.0900, 52.4800, 541.3800, -0.2700, 0, 115, 215
L 52.4800, 541.3800, -0.2700, 61.3300, 580.6400, -0.1400, 0, 115, 215
L 61.3300, 580.6400, -0.1400, 149.4400, 632.8800, -1.5000, 0, 115, 215
L 149.4400, 632.8800, -1.5000, 186.3400, 605.4500, -6.1600, 0, 115, 215
L 186.3400, 605.4500, -6.1600, 202.8200, 610.9600, -0.1500, 0, 115, 215
L 202.8200, 610.9600, -0.1500, 210.9200, 629.9800, -0.0600, 0, 115, 215
L 210.9200, 629.9800, -0.0600, 243.8600, 635.7000, -0.4900, 0, 115, 215
L 243.8600, 635.7000, -0.4900, 301.5800, 611.4800, -0.0900, 0, 115, 215
L 301.5800, 611.4800, -0.0900, 330.7500, 583.0000, -0.1000, 0, 115, 215
L 330.7500, 583.0000, -0.1000, 369.3000, 560.0900, -7.4800, 0, 115, 215
L 369.3000, 560.0900, -7.4800, 371.6200, 528.6800, -0.0900, 0, 115, 215
L 371.6200, 528.6800, -0.0900, 363.9600, 502.2300, 3.1700, 0, 115, 215
L 363.9600, 502.2300, 3.1700, 363.9200, 437.6700, 3.1800, 0, 115, 215
L 178.7857, 504.3000, 3.1900, 177.7974, 511.8072, 3.1900, 95, 85, 75
L 177.7974, 511.8072, 3.1900, 174.8997, 518.8029, 3.1900, 95, 85, 75
L 174.8997, 518.8029, 3.1900, 170.2902, 524.8102, 3.1900, 95, 85, 75
L 170.2902, 524.8102, 3.1900, 164.2829, 529.4197, 3.1900, 95, 85, 75
L 164.2829, 529.4197, 3.1900, 157.2872, 532.3174, 3.1900, 95, 85, 75
L 157.2872, 532.3174, 3.1900, 149.7800, 533.3057, 3.1900, 95, 85, 75
L 149.7800, 533.3057, 3.1900, 142.2728, 532.3174, 3.1900, 95, 85, 75
L 142.2728, 532.3174, 3.1900, 135.2771, 529.4197, 3.1900, 95, 85, 75
L 135.2771, 529.4197, 3.1900, 129.2698, 524.8102, 3.1900, 95, 85, 75
L 129.2698, 524.8102, 3.1900, 124.6603, 518.8029, 3.1900, 95, 85, 75
L 124.6603, 518.8029, 3.1900, 121.7626, 511.8072, 3.1900, 95, 85, 75
L 121.7626, 511.8072, 3.1900, 120.7743, 504.3000, 3.1900, 95, 85, 75
L 120.7743, 504.3000, 3.1900, 121.7626, 496.7928, 3.1900, 95, 85, 75
L 121.7626, 496.7928, 3.1900, 124.6603, 489.7971, 3.1900, 95, 85, 75
L 124.6603, 489.7971, 3.1900, 129.2698, 483.7898, 3.1900, 95, 85, 75
L 129.2698, 483.7898, 3.1900, 135.2771, 479.1803, 3.1900, 95, 85, 75
L 135.2771, 479.1803, 3.1900, 142.2728, 476.2826, 3.1900, 95, 85, 75
L 142.2728, 476.2826, 3.1900, 149.7800, 475.2943, 3.1900, 95, 85, 75
L 149.7800, 475.2943, 3.1900, 157.2872, 476.2826, 3.1900, 95, 85, 75
L 157.2872, 476.2826, 3.1900, 164.2829, 479.1803, 3.1900, 95, 85, 75
L 164.2829, 479.1803, 3.1900, 170.2902, 483.7898, 3.1900, 95, 85, 75
L 170.2902, 483.7898, 3.1900, 174.8997, 489.7971, 3.1900, 95, 85, 75
L 174.8997, 489.7971, 3.1900, 177.7974, 496.7928, 3.1900, 95, 85, 75
L 177.7974, 496.7928, 3.1900, 178.7857, 504.3000, 3.1900, 95, 85, 75
L 149.7800, 504.3000, 3.1900, 129.3500, 483.7100, -44.7800, 105, 105, 105
L -274.8700, -656.0400, 3.8100, -275.4028, -653.3612, 3.8100, 0, 120, 135
L -275.4028, -653.3612, 3.8100, -276.9203, -651.0903, 3.8100, 0, 120, 135
L -276.9203, -651.0903, 3.8100, -279.1912, -649.5728, 3.8100, 0, 120, 135
L -279.1912, -649.5728, 3.8100, -281.8700, -649.0400, 3.8100, 0, 120, 135
L -281.8700, -649.0400, 3.8100, -284.5488, -649.5728, 3.8100, 0, 120, 135
L -284.5488, -649.5728, 3.8100, -286.8197, -651.0903, 3.8100, 0, 120, 135
L -286.8197, -651.0903, 3.8100, -288.3372, -653.3612, 3.8100, 0, 120, 135
L -288.3372, -653.3612, 3.8100, -288.8700, -656.0400, 3.8100, 0, 120, 135
L -288.8700, -656.0400, 3.8100, -288.3372, -658.7188, 3.8100, 0, 120, 135
L -288.3372, -658.7188, 3.8100, -286.8197, -660.9897, 3.8100, 0, 120, 135
L -286.8197, -660.9897, 3.8100, -284.5488, -662.5072, 3.8100, 0, 120, 135
L -284.5488, -662.5072, 3.8100, -281.8700, -663.0400, 3.8100, 0, 120, 135
L -281.8700, -663.0400, 3.8100, -279.1912, -662.5072, 3.8100, 0, 120, 135
L -279.1912, -662.5072, 3.8100, -276.9203, -660.9897, 3.8100, 0, 120, 135
L -276.9203, -660.9897, 3.8100, -275.4028, -658.7188, 3.8100, 0, 120, 135
L -275.4028, -658.7188, 3.8100, -274.8700, -656.0400, 3.8100, 0, 120, 135
L -113.2000, -100.5500, 3.8100, -114.0810, -94.9877, 3.8100, 0, 120, 135
L -114.0810, -94.9877, 3.8100, -116.6377, -89.9699, 3.8100, 0, 120, 135
L -116.6377, -89.9699, 3.8100, -120.6199, -85.9877, 3.8100, 0, 120, 135
L -120.6199, -85.9877, 3.8100, -125.6377, -83.4310, 3.8100, 0, 120, 135
L -125.6377, -83.4310, 3.8100, -131.2000, -82.5500, 3.8100, 0, 120, 135
L -131.2000, -82.5500, 3.8100, -136.7623, -83.4310, 3.8100, 0, 120, 135
L -136.7623, -83.4310, 3.8100, -141.7801, -85.9877, 3.8100, 0, 120, 135
L -141.7801, -85.9877, 3.8100, -145.7623, -89.9699, 3.8100, 0, 120, 135
L -145.7623, -89.9699, 3.8100, -148.3190, -94.9877, 3.8100, 0, 120, 135
L -148.3190, -94.9877, 3.8100, -149.2000, -100.5500, 3.8100, 0, 120, 135
L -149.2000, -100.5500, 3.8100, -148.3190, -106.1123, 3.8100, 0, 120, 135
L -148.3190, -106.1123, 3.8100, -145.7623, -111.1301, 3.8100, 0, 120, 135
L -145.7623, -111.1301, 3.8100, -141.7801, -115.1123, 3.8100, 0, 120, 135
L -141.7801, -115.1123, 3.8100, -136.7623, -117.6690, 3.8100, 0, 120, 135
L -136.7623, -117.6690, 3.8100, -131.2000, -118.5500, 3.8100, 0, 120, 135
L -131.2000, -118.5500, 3.8100, -125.6377, -117.6690, 3.8100, 0, 120, 135
L -125.6377, -117.6690, 3.8100, -120.6199, -115.1123, 3.8100, 0, 120, 135
L -120.6199, -115.1123, 3.8100, -116.6377, -111.1301, 3.8100, 0, 120, 135
L -116.6377, -111.1301, 3.8100, -114.0810, -106.1123, 3.8100, 0, 120, 135
L -114.0810, -106.1123, 3.8100, -113.2000, -100.5500, 3.8100, 0, 120, 135
L -341.2500, -903.9600, -6.1900, -341.8442, -901.3567, -6.1900, 185, 0, 0
L -341.8442, -901.3567, -6.1900, -343.5091, -899.2690, -6.1900, 185, 0, 0
L -343.5091, -899.2690, -6.1900, -345.9149, -898.1104, -6.1900, 185, 0, 0
L -345.9149, -898.1104, -6.1900, -348.5851, -898.1104, -6.1900, 185, 0, 0
L -348.5851, -898.1104, -6.1900, -350.9909, -899.2690, -6.1900, 185, 0, 0
L -350.9909, -899.2690, -6.1900, -352.6558, -901.3567, -6.1900, 185, 0, 0
L -352.6558, -901.3567, -6.1900, -353.2500, -903.9600, -6.1900, 185, 0, 0
L -353.2500, -903.9600, -6.1900, -352.6558, -906.5633, -6.1900, 185, 0, 0
L -352.6558, -906.5633, -6.1900, -350.9909, -908.6510, -6.1900, 185, 0, 0
L -350.9909, -908.6510, -6.1900, -348.5851, -909.8096, -6.1900, 185, 0, 0
L -348.5851, -909.8096, -6.1900, -345.9149, -909.8096, -6.1900, 185, 0, 0
L -345.9149, -909.8096, -6.1900, -343.5091, -908.6510, -6.1900, 185, 0, 0
L -343.5091, -908.6510, -6.1900, -341.8442, -906.5633, -6.1900, 185, 0, 0
L -341.8442, -906.5633, -6.1900, -341.2500, -903.9600, -6.1900, 185, 0, 0
L 687.6900, -632.1900, 17.1100, 687.0958, -629.5867, 17.1100, 185, 0, 0
L 687.0958, -629.5867, 17.1100, 685.4309, -627.4990, 17.1100, 185, 0, 0
L 685.4309, -627.4990, 17.1100, 683.0251, -626.3404, 17.1100, 185, 0, 0
L 683.0251, -626.3404, 17.1100, 680.3549, -626.3404, 17.1100, 185, 0, 0
L 680.3549, -626.3404, 17.1100, 677.9491, -627.4990, 17.1100, 185, 0, 0
L 677.9491, -627.4990, 17.1100, 676.2842, -629.5867, 17.1100, 185, 0, 0
L 676.2842, -629.5867, 17.1100, 675.6900, -632.1900, 17.1100, 185, 0, 0
L 675.6900, -632.1900, 17.1100, 676.2842, -634.7933, 17.1100, 185, 0, 0
L 676.2842, -634.7933, 17.1100, 677.9491, -636.8810, 17.1100, 185, 0, 0
L 677.9491, -636.8810, 17.1100, 680.3549, -638.0396, 17.1100, 185, 0, 0
L 680.3549, -638.0396, 17.1100, 683.0251, -638.0396, 17.1100, 185, 0, 0
L 683.0251, -638.0396, 17.1100, 685.4309, -636.8810, 17.1100, 185, 0, 0
L 685.4309, -636.8810, 17.1100, 687.0958, -634.7933, 17.1100, 185, 0, 0
L 687.0958, -634.7933, 17.1100, 687.6900, -632.1900, 17.1100, 185, 0, 0
L 283.8600, -397.9200, 3.8100, 283.2658, -395.3167, 3.8100, 185, 0, 0
L 283.2658, -395.3167, 3.8100, 281.6009, -393.2290, 3.8100, 185, 0, 0
L 281.6009, -393.2290, 3.8100, 279.1951, -392.0704, 3.8100, 185, 0, 0
L 279.1951, -392.0704, 3.8100, 276.5249, -392.0704, 3.8100, 185, 0, 0
L 276.5249, -392.0704, 3.8100, 274.1191, -393.2290, 3.8100, 185, 0, 0
L 274.1191, -393.2290, 3.8100, 272.4542, -395.3167, 3.8100, 185, 0, 0
L 272.4542, -395.3167, 3.8100, 271.8600, -397.9200, 3.8100, 185, 0, 0
L 271.8600, -397.9200, 3.8100, 272.4542, -400.5233, 3.8100, 185, 0, 0
L 272.4542, -400.5233, 3.8100, 274.1191, -402.6110, 3.8100, 185, 0, 0
L 274.1191, -402.6110, 3.8100, 276.5249, -403.7696, 3.8100, 185, 0, 0
L 276.5249, -403.7696, 3.8100, 279.1951, -403.7696, 3.8100, 185, 0, 0
L 279.1951, -403.7696, 3.8100, 281.6009, -402.6110, 3.8100, 185, 0, 0
L 281.6009, -402.6110, 3.8100, 283.2658, -400.5233, 3.8100, 185, 0, 0
L 283.2658, -400.5233, 3.8100, 283.8600, -397.9200, 3.8100, 185, 0, 0
L -120.6300, -309.0500, 9.8100, -121.2242, -306.4467, 9.8100, 185, 0, 0
L -121.2242, -306.4467, 9.8100, -122.8891, -304.3590, 9.8100, 185, 0, 0
L -122.8891, -304.3590, 9.8100, -125.2949, -303.2004, 9.8100, 185, 0, 0
L -125.2949, -303.2004, 9.8100, -127.9651, -303.2004, 9.8100, 185, 0, 0
L -127.9651, -303.2004, 9.8100, -130.3709, -304.3590, 9.8100, 185, 0, 0
L -130.3709, -304.3590, 9.8100, -132.0358, -306.4467, 9.8100, 185, 0, 0
L -132.0358, -306.4467, 9.8100, -132.6300, -309.0500, 9.8100, 185, 0, 0
L -132.6300, -309.0500, 9.8100, -132.0358, -311.6533, 9.8100, 185, 0, 0
L -132.0358, -311.6533, 9.8100, -130.3709, -313.7410, 9.8100, 185, 0, 0
L -130.3709, -313.7410, 9.8100, -127.9651, -314.8996, 9.8100, 185, 0, 0
L -127.9651, -314.8996, 9.8100, -125.2949, -314.8996, 9.8100, 185, 0, 0
L -125.2949, -314.8996, 9.8100, -122.8891, -313.7410, 9.8100, 185, 0, 0
L -122.8891, -313.7410, 9.8100, -121.2242, -311.6533, 9.8100, 185, 0, 0
L -121.2242, -311.6533, 9.8100, -120.6300, -309.0500, 9.8100, 185, 0, 0
L -35.3200, -108.4300, 19.8100, -35.9142, -105.8267, 19.8100, 185, 0, 0
L -35.9142, -105.8267, 19.8100, -37.5791, -103.7390, 19.8100, 185, 0, 0
L -37.5791, -103.7390, 19.8100, -39.9849, -102.5804, 19.8100, 185, 0, 0
L -39.9849, -102.5804, 19.8100, -42.6551, -102.5804, 19.8100, 185, 0, 0
L -42.6551, -102.5804, 19.8100, -45.0609, -103.7390, 19.8100, 185, 0, 0
L -45.0609, -103.7390, 19.8100, -46.7258, -105.8267, 19.8100, 185, 0, 0
L -46.7258, -105.8267, 19.8100, -47.3200, -108.4300, 19.8100, 185, 0, 0
L -47.3200, -108.4300, 19.8100, -46.7258, -111.0333, 19.8100, 185, 0, 0
L -46.7258, -111.0333, 19.8100, -45.0609, -113.1210, 19.8100, 185, 0, 0
L -45.0609, -113.1210, 19.8100, -42.6551, -114.2796, 19.8100, 185, 0, 0
L -42.6551, -114.2796, 19.8100, -39.9849, -114.2796, 19.8100, 185, 0, 0
L -39.9849, -114.2796, 19.8100, -37.5791, -113.1210, 19.8100, 185, 0, 0
L -37.5791, -113.1210, 19.8100, -35.9142, -111.0333, 19.8100, 185, 0, 0
L -35.9142, -111.0333, 19.8100, -35.3200, -108.4300, 19.8100, 185, 0, 0
L -276.0500, 95.8100, 5.8100, -276.6442, 98.4133, 5.8100, 185, 0, 0
L -276.6442, 98.4133, 5.8100, -278.3091, 100.5010, 5.8100, 185, 0, 0
L -278.3091, 100.5010, 5.8100, -280.7149, 101.6596, 5.8100, 185, 0, 0
L -280.7149, 101.6596, 5.8100, -283.3851, 101.6596, 5.8100, 185, 0, 0
L -283.3851, 101.6596, 5.8100, -285.7909, 100.5010, 5.8100, 185, 0, 0
L -285.7909, 100.5010, 5.8100, -287.4558, 98.4133, 5.8100, 185, 0, 0
L -287.4558, 98.4133, 5.8100, -288.0500, 95.8100, 5.8100, 185, 0, 0
L -288.0500, 95.8100, 5.8100, -287.4558, 93.2067, 5.8100, 185, 0, 0
L -287.4558, 93.2067, 5.8100, -285.7909, 91.1190, 5.8100, 185, 0, 0
L -285.7909, 91.1190, 5.8100, -283.3851, 89.9604, 5.8100, 185, 0, 0
L -283.3851, 89.9604, 5.8100, -280.7149, 89.9604, 5.8100, 185, 0, 0
L -280.7149, 89.9604, 5.8100, -278.3091, 91.1190, 5.8100, 185, 0, 0
L -278.3091, 91.1190, 5.8100, -276.6442, 93.2067, 5.8100, 185, 0, 0
L -276.6442, 93.2067, 5.8100, -276.0500, 95.8100, 5.8100, 185, 0, 0
L -267.3800, 148.8800, 3.8100, -267.9742, 151.4833, 3.8100, 185, 0, 0
L -267.9742, 151.4833, 3.8100, -269.6391, 153.5710, 3.8100, 185, 0, 0
L -269.6391, 153.5710, 3.8100, -272.0449, 154.7296, 3.8100, 185, 0, 0
L -272.0449, 154.7296, 3.8100, -274.7151, 154.7296, 3.8100, 185, 0, 0
L -274.7151, 154.7296, 3.8100, -277.1209, 153.5710, 3.8100, 185, 0, 0
L -277.1209, 153.5710, 3.8100, -278.7858, 151.4833, 3.8100, 185, 0, 0
L -278.7858, 151.4833, 3.8100, -279.3800, 148.8800, 3.8100, 185, 0, 0
L -279.3800, 148.8800, 3.8100, -278.7858, 146.2767, 3.8100, 185, 0, 0
L -278.7858, 146.2767, 3.8100, -277.1209, 144.1890, 3.8100, 185, 0, 0
L -277.1209, 144.1890, 3.8100, -274.7151, 143.0304, 3.8100, 185, 0, 0
L -274.7151, 143.0304, 3.8100, -272.0449, 143.0304, 3.8100, 185, 0, 0
L -272.0449, 143.0304, 3.8100, -269.6391, 144.1890, 3.8100, 185, 0, 0
L -269.6391, 144.1890, 3.8100, -267.9742, 146.2767, 3.8100, 185, 0, 0
L -267.9742, 146.2767, 3.8100, -267.3800, 148.8800, 3.8100, 185, 0, 0
L -171.3600, -518.6800, 14.0000, -171.9542, -516.0767, 14.0000, 185, 0, 0
L -171.9542, -516.0767, 14.0000, -173.6191, -513.9890, 14.0000, 185, 0, 0
L -173.6191, -513.9890, 14.0000, -176.0249, -512.8304, 14.0000, 185, 0, 0
L -176.0249, -512.8304, 14.0000, -178.6951, -512.8304, 14.0000, 185, 0, 0
L -178.6951, -512.8304, 14.0000, -181.1009, -513.9890, 14.0000, 185, 0, 0
L -181.1009, -513.9890, 14.0000, -182.7658, -516.0767, 14.0000, 185, 0, 0
L -182.7658, -516.0767, 14.0000, -183.3600, -518.6800, 14.0000, 185, 0, 0
L -183.3600, -518.6800, 14.0000, -182.7658, -521.2833, 14.0000, 185, 0, 0
L -182.7658, -521.2833, 14.0000, -181.1009, -523.3710, 14.0000, 185, 0, 0
L -181.1009, -523.3710, 14.0000, -178.6951, -524.5296, 14.0000, 185, 0, 0
L -178.6951, -524.5296, 14.0000, -176.0249, -524.5296, 14.0000, 185, 0, 0
L -176.0249, -524.5296, 14.0000, -173.6191, -523.3710, 14.0000, 185, 0, 0
L -173.6191, -523.3710, 14.0000, -171.9542, -521.2833, 14.0000, 185, 0, 0
L -171.9542, -521.2833, 14.0000, -171.3600, -518.6800, 14.0000, 185, 0, 0
L -274.7000, 79.1400, 5.8100, -275.2942, 81.7433, 5.8100, 185, 0, 0
L -275.2942, 81.7433, 5.8100, -276.9591, 83.8310, 5.8100, 185, 0, 0
L -276.9591, 83.8310, 5.8100, -279.3649, 84.9896, 5.8100, 185, 0, 0
L -279.3649, 84.9896, 5.8100, -282.0351, 84.9896, 5.8100, 185, 0, 0
L -282.0351, 84.9896, 5.8100, -284.4409, 83.8310, 5.8100, 185, 0, 0
L -284.4409, 83.8310, 5.8100, -286.1058, 81.7433, 5.8100, 185, 0, 0
L -286.1058, 81.7433, 5.8100, -286.7000, 79.1400, 5.8100, 185, 0, 0
L -286.7000, 79.1400, 5.8100, -286.1058, 76.5367, 5.8100, 185, 0, 0
L -286.1058, 76.5367, 5.8100, -284.4409, 74.4490, 5.8100, 185, 0, 0
L -284.4409, 74.4490, 5.8100, -282.0351, 73.2904, 5.8100, 185, 0, 0
L -282.0351, 73.2904, 5.8100, -279.3649, 73.2904, 5.8100, 185, 0, 0
L -279.3649, 73.2904, 5.8100, -276.9591, 74.4490, 5.8100, 185, 0, 0
L -276.9591, 74.4490, 5.8100, -275.2942, 76.5367, 5.8100, 185, 0, 0
L -275.2942, 76.5367, 5.8100, -274.7000, 79.1400, 5.8100, 185, 0, 0
L 169.0000, -240.0000, 11.0000, 168.4058, -237.3967, 11.0000, 185, 0, 0
L 168.4058, -237.3967, 11.0000, 166.7409, -235.3090, 11.0000, 185, 0, 0
L 166.7409, -235.3090, 11.0000, 164.3351, -234.1504, 11.0000, 185, 0, 0
L 164.3351, -234.1504, 11.0000, 161.6649, -234.1504, 11.0000, 185, 0, 0
L 161.6649, -234.1504, 11.0000, 159.2591, -235.3090, 11.0000, 185, 0, 0
L 159.2591, -235.3090, 11.0000, 157.5942, -237.3967, 11.0000, 185, 0, 0
L 157.5942, -237.3967, 11.0000, 157.0000, -240.0000, 11.0000, 185, 0, 0
L 157.0000, -240.0000, 11.0000, 157.5942, -242.6033, 11.0000, 185, 0, 0
L 157.5942, -242.6033, 11.0000, 159.2591, -244.6910, 11.0000, 185, 0, 0
L 159.2591, -244.6910, 11.0000, 161.6649, -245.8496, 11.0000, 185, 0, 0
L 161.6649, -245.8496, 11.0000, 164.3351, -245.8496, 11.0000, 185, 0, 0
L 164.3351, -245.8496, 11.0000, 166.7409, -244.6910, 11.0000, 185, 0, 0
L 166.7409, -244.6910, 11.0000, 168.4058, -242.6033, 11.0000, 185, 0, 0
L 168.4058, -242.6033, 11.0000, 169.0000, -240.0000, 11.0000, 185, 0, 0
L 200.0000, 737.0000, 3.0000, 199.4058, 739.6033, 3.0000, 185, 0, 0
L 199.4058, 739.6033, 3.0000, 197.7409, 741.6910, 3.0000, 185, 0, 0
L 197.7409, 741.6910, 3.0000, 195.3351, 742.8496, 3.0000, 185, 0, 0
L 195.3351, 742.8496, 3.0000, 192.6649, 742.8496, 3.0000, 185, 0, 0
L 192.6649, 742.8496, 3.0000, 190.2591, 741.6910, 3.0000, 185, 0, 0
L 190.2591, 741.6910, 3.0000, 188.5942, 739.6033, 3.0000, 185, 0, 0
L 188.5942, 739.6033, 3.0000, 188.0000, 737.0000, 3.0000, 185, 0, 0
L 188.0000, 737.0000, 3.0000, 188.5942, 734.3967, 3.0000, 185, 0, 0
L 188.5942, 734.3967, 3.0000, 190.2591, 732.3090, 3.0000, 185, 0, 0
L 190.2591, 732.3090, 3.0000, 192.6649, 731.1504, 3.0000, 185, 0, 0
L 192.6649, 731.1504, 3.0000, 195.3351, 731.1504, 3.0000, 185, 0, 0
L 195.3351, 731.1504, 3.0000, 197.7409, 732.3090, 3.0000, 185, 0, 0
L 197.7409, 732.3090, 3.0000, 199.4058, 734.3967, 3.0000, 185, 0, 0
L 199.4058, 734.3967, 3.0000, 200.0000, 737.0000, 3.0000, 185, 0, 0
L -99.0000, 174.0000, 9.0000, -99.5942, 176.6033, 9.0000, 185, 0, 0
L -99.5942, 176.6033, 9.0000, -101.2591, 178.6910, 9.0000, 185, 0, 0
L -101.2591, 178.6910, 9.0000, -103.6649, 179.8496, 9.0000, 185, 0, 0
L -103.6649, 179.8496, 9.0000, -106.3351, 179.8496, 9.0000, 185, 0, 0
L -106.3351, 179.8496, 9.0000, -108.7409, 178.6910, 9.0000, 185, 0, 0
L -108.7409, 178.6910, 9.0000, -110.4058, 176.6033, 9.0000, 185, 0, 0
L -110.4058, 176.6033, 9.0000, -111.0000, 174.0000, 9.0000, 185, 0, 0
L -111.0000, 174.0000, 9.0000, -110.4058, 171.3967, 9.0000, 185, 0, 0
L -110.4058, 171.3967, 9.0000, -108.7409, 169.3090, 9.0000, 185, 0, 0
L -108.7409, 169.3090, 9.0000, -106.3351, 168.1504, 9.0000, 185, 0, 0
L -106.3351, 168.1504, 9.0000, -103.6649, 168.1504, 9.0000, 185, 0, 0
L -103.6649, 168.1504, 9.0000, -101.2591, 169.3090, 9.0000, 185, 0, 0
L -101.2591, 169.3090, 9.0000, -99.5942, 171.3967, 9.0000, 185, 0, 0
L -99.5942, 171.3967, 9.0000, -99.0000, 174.0000, 9.0000, 185, 0, 0
L 93.0000, 204.0000, 9.0000, 92.4058, 206.6033, 9.0000, 185, 0, 0
L 92.4058, 206.6033, 9.0000, 90.7409, 208.6910, 9.0000, 185, 0, 0
L 90.7409, 208.6910, 9.0000, 88.3351, 209.8496, 9.0000, 185, 0, 0
L 88.3351, 209.8496, 9.0000, 85.6649, 209.8496, 9.0000, 185, 0, 0
L 85.6649, 209.8496, 9.0000, 83.2591, 208.6910, 9.0000, 185, 0, 0
L 83.2591, 208.6910, 9.0000, 81.5942, 206.6033, 9.0000, 185, 0, 0
L 81.5942, 206.6033, 9.0000, 81.0000, 204.0000, 9.0000, 185, 0, 0
L 81.0000, 204.0000, 9.0000, 81.5942, 201.3967, 9.0000, 185, 0, 0
L 81.5942, 201.3967, 9.0000, 83.2591, 199.3090, 9.0000, 185, 0, 0
L 83.2591, 199.3090, 9.0000, 85.6649, 198.1504, 9.0000, 185, 0, 0
L 85.6649, 198.1504, 9.0000, 88.3351, 198.1504, 9.0000, 185, 0, 0
L 88.3351, 198.1504, 9.0000, 90.7409, 199.3090, 9.0000, 185, 0, 0
L 90.7409, 199.3090, 9.0000, 92.4058, 201.3967, 9.0000, 185, 0, 0
L 92.4058, 201.3967, 9.0000, 93.0000, 204.0000, 9.0000, 185, 0, 0
L 20.7400, -113.6500, 4.8100, 19.9478, -110.1789, 4.8100, 190, 75, 25
L 19.9478, -110.1789, 4.8100, 17.7279, -107.3953, 4.8100, 190, 75, 25
L 17.7279, -107.3953, 4.8100, 14.5202, -105.8506, 4.8100, 190, 75, 25
L 14.5202, -105.8506, 4.8100, 10.9598, -105.8506, 4.8100, 190, 75, 25
L 10.9598, -105.8506, 4.8100, 7.7521, -107.3953, 4.8100, 190, 75, 25
L 7.7521, -107.3953, 4.8100, 5.5322, -110.1789, 4.8100, 190, 75, 25
L 5.5322, -110.1789, 4.8100, 4.7400, -113.6500, 4.8100, 190, 75, 25
L 4.7400, -113.6500, 4.8100, 5.5322, -117.1211, 4.8100, 190, 75, 25
L 5.5322, -117.1211, 4.8100, 7.7521, -119.9047, 4.8100, 190, 75, 25
L 7.7521, -119.9047, 4.8100, 10.9598, -121.4494, 4.8100, 190, 75, 25
L 10.9598, -121.4494, 4.8100, 14.5202, -121.4494, 4.8100, 190, 75, 25
L 14.5202, -121.4494, 4.8100, 17.7279, -119.9047, 4.8100, 190, 75, 25
L 17.7279, -119.9047, 4.8100, 19.9478, -117.1211, 4.8100, 190, 75, 25
L 19.9478, -117.1211, 4.8100, 20.7400, -113.6500, 4.8100, 190, 75, 25
L 12.7400, -113.6500, 4.8100, 20.7400, -113.6500, 4.8100, 190, 75, 25
L 12.7400, -113.6500, 4.8100, 16.7400, -106.7218, 4.8100, 190, 75, 25
L 12.7400, -113.6500, 4.8100, 8.7400, -106.7218, 4.8100, 190, 75, 25
L 12.7400, -113.6500, 4.8100, 4.7400, -113.6500, 4.8100, 190, 75, 25
L 12.7400, -113.6500, 4.8100, 8.7400, -120.5782, 4.8100, 190, 75, 25
L 12.7400, -113.6500, 4.8100, 16.7400, -120.5782, 4.8100, 190, 75, 25
L -21.9084, -220.8119, 3.8100, -23.5319, -219.1884, 3.8100, 235, 95, 10
L -23.5319, -219.1884, 3.8100, -25.8281, -219.1884, 3.8100, 235, 95, 10
L -25.8281, -219.1884, 3.8100, -27.4516, -220.8119, 3.8100, 235, 95, 10
L -27.4516, -220.8119, 3.8100, -27.4516, -223.1081, 3.8100, 235, 95, 10
L -27.4516, -223.1081, 3.8100, -25.8281, -224.7316, 3.8100, 235, 95, 10
L -25.8281, -224.7316, 3.8100, -23.5319, -224.7316, 3.8100, 235, 95, 10
L -23.5319, -224.7316, 3.8100, -21.9084, -223.1081, 3.8100, 235, 95, 10
L -21.9084, -223.1081, 3.8100, -21.9084, -220.8119, 3.8100, 235, 95, 10
L -21.2498, -221.2647, 3.8100, -16.8395, -220.3706, 3.8100, 235, 95, 10
L -22.7461, -219.0428, 3.8100, -20.2597, -215.2921, 3.8100, 235, 95, 10
L -25.3753, -218.5298, 3.8100, -26.2694, -214.1195, 3.8100, 235, 95, 10
L -27.5972, -220.0261, 3.8100, -31.3479, -217.5397, 3.8100, 235, 95, 10
L -28.1102, -222.6553, 3.8100, -32.5205, -223.5494, 3.8100, 235, 95, 10
L -26.6139, -224.8772, 3.8100, -29.1003, -228.6279, 3.8100, 235, 95, 10
L -23.9847, -225.3902, 3.8100, -23.0906, -229.8005, 3.8100, 235, 95, 10
L -21.7628, -223.8939, 3.8100, -18.0121, -226.3803, 3.8100, 235, 95, 10
L -239.6184, -774.1819, -3.8700, -241.2419, -772.5584, -3.8700, 235, 95, 10
L -241.2419, -772.5584, -3.8700, -243.5381, -772.5584, -3.8700, 235, 95, 10
L -243.5381, -772.5584, -3.8700, -245.1616, -774.1819, -3.8700, 235, 95, 10
L -245.1616, -774.1819, -3.8700, -245.1616, -776.4781, -3.8700, 235, 95, 10
L -245.1616, -776.4781, -3.8700, -243.5381, -778.1016, -3.8700, 235, 95, 10
L -243.5381, -778.1016, -3.8700, -241.2419, -778.1016, -3.8700, 235, 95, 10
L -241.2419, -778.1016, -3.8700, -239.6184, -776.4781, -3.8700, 235, 95, 10
L -239.6184, -776.4781, -3.8700, -239.6184, -774.1819, -3.8700, 235, 95, 10
L -238.9598, -774.6347, -3.8700, -234.5495, -773.7406, -3.8700, 235, 95, 10
L -240.4561, -772.4128, -3.8700, -237.9697, -768.6621, -3.8700, 235, 95, 10
L -243.0853, -771.8998, -3.8700, -243.9794, -767.4895, -3.8700, 235, 95, 10
L -245.3072, -773.3961, -3.8700, -249.0579, -770.9097, -3.8700, 235, 95, 10
L -245.8202, -776.0253, -3.8700, -250.2305, -776.9194, -3.8700, 235, 95, 10
L -244.3239, -778.2472, -3.8700, -246.8103, -781.9979, -3.8700, 235, 95, 10
L -241.6947, -778.7602, -3.8700, -240.8006, -783.1705, -3.8700, 235, 95, 10
L -239.4728, -777.2639, -3.8700, -235.7221, -779.7503, -3.8700, 235, 95, 10
L -227.6079, -769.2071, -3.8700, -236.2671, -760.5479, -3.8700, 120, 115, 105
L -236.2671, -760.5479, -3.8700, -248.5129, -760.5479, -3.8700, 120, 115, 105
L -248.5129, -760.5479, -3.8700, -257.1721, -769.2071, -3.8700, 120, 115, 105
L -257.1721, -769.2071, -3.8700, -257.1721, -781.4529, -3.8700, 120, 115, 105
L -257.1721, -781.4529, -3.8700, -248.5129, -790.1121, -3.8700, 120, 115, 105
L -248.5129, -790.1121, -3.8700, -236.2671, -790.1121, -3.8700, 120, 115, 105
L -236.2671, -790.1121, -3.8700, -227.6079, -781.4529, -3.8700, 120, 115, 105
L -227.6079, -781.4529, -3.8700, -227.6079, -769.2071, -3.8700, 120, 115, 105
P -347.2500, -903.9600, -6.1900,  140, 35, 30,  2,  Kerran_Sha`rr_(Quest)
P 681.6900, -632.1900, 17.1100,  140, 35, 30,  2,  Roary_Fishpouncer_(Quest)
P 277.8600, -397.9200, 3.8100,  140, 35, 30,  2,  Shazda_Asad_(Quest)
P -126.6300, -309.0500, 9.8100,  140, 35, 30,  2,  Urkath_Greyface_(Quest)
P -41.3200, -108.4300, 19.8100,  140, 35, 30,  2,  Feskr_Drinkmaker_(Quest)
P -282.0500, 95.8100, 5.8100,  140, 35, 30,  2,  Errrak_Thickshank_(Quest)
P -273.3800, 148.8800, 3.8100,  140, 35, 30,  2,  Allix_(Quest)
P -177.3600, -518.6800, 14.0000,  140, 35, 30,  2,  Melixis_(Quest)
P -280.7000, 79.1400, 5.8100,  140, 35, 30,  2,  Graalf_Sharpclaw_(Quest)
P 163.0000, -240.0000, 11.0000,  140, 35, 30,  2,  Kerran_tseq_(Quest)
P 194.0000, 737.0000, 3.0000,  140, 35, 30,  2,  Feren_(Quest)
P -105.0000, 174.0000, 9.0000,  140, 35, 30,  2,  Thalith_Mamluk_(Quest)
P 87.0000, 204.0000, 9.0000,  140, 35, 30,  2,  Wislen_Mamluk_(Quest)
P -281.8700, -656.0400, 3.8100,  0, 90, 95,  2,  Richmond_(Banker)
P -371.8000, -907.8200, 9.8100,  90, 35, 110,  2,  Avis_(Beastlord_Guildmaster)
P -414.6600, -569.8400, 17.8100,  90, 35, 110,  2,  Gracie_(Druid_Guildmaster)
P -102.6500, -82.0600, 3.8100,  90, 35, 110,  2,  Luka_(Bard_Guildmaster)
P 269.7900, -401.4000, -2.1900,  90, 35, 110,  2,  Millie_(Berserker_Guildmaster)
P 269.5200, -393.7500, -2.1900,  90, 35, 110,  2,  Mabel_(Warrior_Guildmaster)
P -196.9200, -554.3100, 3.8100,  90, 35, 110,  2,  Aphrael_Swiftpaws_(Rogue_Guildmaster)
P -378.0600, -904.7400, 9.8100,  35, 95, 55,  2,  Davis_(Beastlord_Spells)
P -416.3000, -554.6700, 17.8100,  35, 95, 55,  2,  Molly_(Druid_Spells)
P -89.7200, -75.8300, 3.8100,  35, 95, 55,  2,  Asmo_(Bard_Spells)
P 726.2500, -514.7700, 19.8100,  35, 95, 55,  2,  Tiki_(Adventuring_Supplies)
P -130.5500, -108.1300, 3.8100,  35, 95, 55,  2,  Raarrk_(Bartender)
P -218.9600, -544.8700, 3.8100,  35, 95, 55,  2,  Cheddar_(Merchant)
P -218.7000, -555.7600, 3.8100,  35, 95, 55,  2,  Shady_(Merchant)
P -246.2400, -887.7400, 9.8100,  95, 85, 75,  1,  Jo_Jo
P -142.4000, -516.0000, 17.8100,  95, 85, 75,  1,  Skruff
P -131.8400, -92.9600, 3.8100,  95, 85, 75,  1,  Erfer_Longclaw
P -117.6300, -84.9700, 3.8100,  95, 85, 75,  1,  Iffrir_Soulcaller
P -407.5200, -508.5100, 19.8100,  95, 85, 75,  1,  Khonza_Mitty_of_Kerra
P -53.6200, -308.2600, 3.8000,  95, 85, 75,  1,  Alrik_Pasdar
P -194.9600, -519.2100, 3.8100,  95, 85, 75,  1,  Tuff
P -26.0000, -210.0000, 3.8100,  95, 85, 75,  1,  Falthrik_Lothoro
P -63.0000, -565.0000, 3.8100,  95, 85, 75,  1,  Marl_Kastane
P 12.7400, -113.6500, 4.8100,  165, 60, 20,  2,  Fang_Tooth_(Rare)
P -377.0000, -917.0000, 9.0000,  165, 60, 20,  2,  Lord_Gongo_(Named)
P -194.0000, -561.0000, 3.8100,  165, 60, 20,  2,  Hamed_Grarr_(Named)
P -405.0000, -505.0000, 19.8100,  165, 60, 20,  2,  High_Priestess_Mitty_(Named)
P 285.0000, 470.0000, 2.0000, 165, 60, 20, 2, Maugarim_(Named)
P 652.0000, -389.0000, 16.0000,  165, 60, 20,  2,  Kirran_Mirrah_(Named)
P 533.0000, -632.0000, 0.0000, 165, 60, 20, 2, Razortooth_(Named)
P 1.0000, 216.0000, -36.0000, 165, 60, 20, 2, Razortooth_(Named)
P 288.0000, 170.0000, 0.0000, 165, 60, 20, 2, Razortooth_(Named)
P 606.0000, -574.0000, 0.0000, 165, 60, 20, 2, Razortooth_(Named)
P -24.6800, -221.9600, 3.8100,  120, 95, 40,  1,  Campfire
P -242.3900, -775.3300, -3.8700,  120, 95, 40,  1,  Campfire
