P -270.3800, -564.8000, 17.8100,  105, 55, 20,  2,  KERRA_PALACE
P -89.8000, -695.7900, 4.1200,  105, 55, 20,  2,  THE_POUND
P -204.6900, -709.0500, 4.0000,  45, 35, 25,  3,  KERRA_VILLAGE
P -101.2367, -103.1733, 9.1433,  45, 35, 25,  3,  KERRA_BEACH
P 216.5500, 429.5000, 5.8100,  45, 35, 25,  3,  TIGER_TRAINING_GROUNDS
P 149.7800, 504.3000, 3.1900,  30, 70, 90,  2,  TIGER_PIT
P -131.2000, -100.5500, 3.8100,  30, 70, 90,  2,  TAVERN
L -379.8720, -155.6600, 0.0000, -555.8100, -155.6600, 0.0000, 150, 90, 150
L -555.8100, -155.6600, 0.0000, -520.6224, -176.7726, 0.0000, 150, 90, 150
L -555.8100, -155.6600, 0.0000, -520.6224, -134.5474, 0.0000, 150, 90, 150
P -358.7595, -109.9161, 0.0000, 150, 90, 150, 4, To_Abysmal_Sea
L 1022.5626, -609.8713, 0.0000, 1119.6000, -706.9087, 0.0000, 150, 90, 150
L 1119.6000, -706.9087, 0.0000, 1111.6380, -675.0605, 0.0000, 150, 90, 150
L 1119.6000, -706.9087, 0.0000, 1087.7518, -698.9467, 0.0000, 150, 90, 150
P 649.5740, -612.6461, 0.0000, 150, 90, 150, 3, To_West_Toxxulia
L 1047.4440, 310.9920, 0.0000, 1119.6000, 383.1480, 0.0000, 150, 90, 150
L 1119.6000, 383.1480, 0.0000, 1095.7139, 377.1765, 0.0000, 150, 90, 150
L 1119.6000, 383.1480, 0.0000, 1113.6285, 359.2619, 0.0000, 150, 90, 150
P 784.4167, 392.8139, 0.0000, 150, 90, 150, 2, To_The_Hunt
