L -1911.6642, -712.7040, 0.0000, -1866.0450, -629.7599, 0.0000, 150, 90, 150
L -1866.0450, -629.7599, 0.0000, -1911.6642, -546.8158, 0.0000, 150, 90, 150
L -1911.6642, -546.8158, 0.0000, -1957.2835, -629.7599, 0.0000, 150, 90, 150
L -1957.2835, -629.7599, 0.0000, -1911.6642, -712.7040, 0.0000, 150, 90, 150
P -1770.6593, -629.7599, 0.0000, 150, 90, 150, 3, North_Kithicor
L -1911.6642, -1521.7419, 0.0000, -1876.1826, -1457.2298, 0.0000, 150, 90, 150
L -1876.1826, -1457.2298, 0.0000, -1911.6642, -1392.7178, 0.0000, 150, 90, 150
L -1911.6642, -1392.7178, 0.0000, -1947.1459, -1457.2298, 0.0000, 150, 90, 150
L -1947.1459, -1457.2298, 0.0000, -1911.6642, -1521.7419, 0.0000, 150, 90, 150
P -1801.9937, -1457.2298, 0.0000, 150, 90, 150, 2, The_Green_Rift
L 1420.9857, -2271.4487, 0.0000, 1759.8543, -2610.3173, 0.0000, 150, 90, 150
L 1759.8543, -2610.3173, 0.0000, 1732.0497, -2499.0989, 0.0000, 150, 90, 150
L 1759.8543, -2610.3173, 0.0000, 1648.6359, -2582.5127, 0.0000, 150, 90, 150
P -419.1449, -2281.1388, 0.0000, 150, 90, 150, 3, To_Collinridge_Cemetery
L 1420.9857, -1336.3347, 0.0000, 1759.8543, -1675.2033, 0.0000, 150, 90, 150
L 1759.8543, -1675.2033, 0.0000, 1732.0497, -1563.9849, 0.0000, 150, 90, 150
L 1759.8543, -1675.2033, 0.0000, 1648.6359, -1647.3987, 0.0000, 150, 90, 150
P -265.5447, -1346.0248, 0.0000, 150, 90, 150, 3, To_Ruins_of_Klik'Anon
L 1350.8037, -570.6550, 0.0000, 1830.0363, -570.6550, 0.0000, 150, 90, 150
L 1830.0363, -570.6550, 0.0000, 1731.7322, -511.6725, 0.0000, 150, 90, 150
L 1830.0363, -570.6550, 0.0000, 1731.7322, -629.6375, 0.0000, 150, 90, 150
P 585.8746, -410.9108, 0.0000, 150, 90, 150, 3, To_Neriak
L 1350.8037, 364.4590, 0.0000, 1830.0363, 364.4590, 0.0000, 150, 90, 150
L 1830.0363, 364.4590, 0.0000, 1731.7322, 423.4415, 0.0000, 150, 90, 150
L 1830.0363, 364.4590, 0.0000, 1731.7322, 305.4765, 0.0000, 150, 90, 150
P -105.3263, 524.2032, 0.0000, 150, 90, 150, 3, To_Bobble-by-Water
L 1373.1965, 1082.3495, 0.0000, 1807.6435, 1516.7965, 0.0000, 150, 90, 150
L 1807.6435, 1516.7965, 0.0000, 1668.6205, 1482.0407, 0.0000, 150, 90, 150
L 1807.6435, 1516.7965, 0.0000, 1772.8877, 1377.7735, 0.0000, 150, 90, 150
P -6.1334, 1459.3172, 0.0000, 150, 90, 150, 4, To_Mu_Lin's_Reach
L -1911.6650, 1097.4337, 0.0000, -1911.6650, 1576.6663, 0.0000, 150, 90, 150
L -1911.6650, 1576.6663, 0.0000, -1970.6475, 1478.3622, 0.0000, 150, 90, 150
L -1911.6650, 1576.6663, 0.0000, -1852.6825, 1478.3622, 0.0000, 150, 90, 150
P -2487.6658, 1496.7942, 0.0000, 150, 90, 150, 3, To_Saerk_Towers
L -5244.3149, -1959.7440, 0.0000, -5583.1836, -2298.6127, 0.0000, 150, 90, 150
L -5583.1836, -2298.6127, 0.0000, -5471.9651, -2270.8081, 0.0000, 150, 90, 150
L -5583.1836, -2298.6127, 0.0000, -5555.3790, -2187.3942, 0.0000, 150, 90, 150
P -5170.5868, -1969.4341, 0.0000, 150, 90, 150, 3, To_Thedruk
L -5174.1329, -570.6550, 0.0000, -5653.3656, -570.6550, 0.0000, 150, 90, 150
L -5653.3656, -570.6550, 0.0000, -5555.0614, -629.6375, 0.0000, 150, 90, 150
L -5653.3656, -570.6550, 0.0000, -5555.0614, -511.6725, 0.0000, 150, 90, 150
P -5100.4048, -410.9108, 0.0000, 150, 90, 150, 3, To_Rivervale
L -5244.3149, 818.4340, 0.0000, -5583.1836, 1157.3027, 0.0000, 150, 90, 150
L -5583.1836, 1157.3027, 0.0000, -5555.3790, 1046.0842, 0.0000, 150, 90, 150
L -5583.1836, 1157.3027, 0.0000, -5471.9651, 1129.4981, 0.0000, 150, 90, 150
P -5170.5868, 1147.6126, 0.0000, 150, 90, 150, 3, To_Moss_Mouth_Cavern
L -1911.6650, -2238.7436, 0.0000, -1911.6650, -2717.9762, 0.0000, 150, 90, 150
L -1911.6650, -2717.9762, 0.0000, -1852.6825, -2619.6721, 0.0000, 150, 90, 150
L -1911.6650, -2717.9762, 0.0000, -1970.6475, -2619.6721, 0.0000, 150, 90, 150
P -2487.6658, -2318.6157, 0.0000, 150, 90, 150, 3, To_Kara_Village
