P -2679.5815, -2351.1890, 91.0736, 150, 0, 200, 3, to_The_Arena
P -1160.0498, -4339.0210, 0.0000, 150, 0, 200, 3, to_The_Southern_Plains_of_Karana
P 2254.5151, -2555.2256, 0.0000, 150, 0, 200, 3, to_The_Rathe_Mountains
P -657.0000, 433.0000, 72.5900, 165, 60, 20, 2, Abrod_(Notable)
P -2392.0000, -773.0000, 0.0000, 165, 60, 20, 2, Aija_(Notable)
P -143.0000, -2770.0000, -378.2500, 165, 60, 20, 2, Aqua_goblin_shaman_(Notable)
P -2133.0000, -744.0000, -37.1700, 165, 60, 20, 2, Brundar_(Notable)
P 564.0000, -2597.0000, 67.9900, 165, 60, 20, 2, Cyanelle_(Notable)
P 542.0000, 807.0000, -1.0000, 165, 60, 20, 2, Deep_(Notable)
P 1435.0000, -2423.0000, 0.0000, 165, 60, 20, 2, Derg_(Notable)
P -450.0000, 424.0000, 0.0000, 165, 60, 20, 2, Dreana_(Notable)
P -560.0000, 462.0000, 47.5100, 165, 60, 20, 2, Dunndrylla_(Notable)
P 1500.0000, -250.0000, 0.0000, 165, 60, 20, 2, Emkel_Kabae_(Notable)
P -2126.0000, -641.0000, 0.0000, 165, 60, 20, 2, Grinda_(Notable)
P 594.0000, -3583.0000, -1.0000, 165, 60, 20, 2, Groethar_(Notable)
P 1833.0000, -3065.0000, -1.0000, 165, 60, 20, 2, Grud_(Notable)
P -2116.0000, -3746.0000, 0.0000, 165, 60, 20, 2, Guard_Rianna_(Notable)
P -2417.0000, 943.0000, 0.0300, 165, 60, 20, 2, Jonah_Brucker_(Notable)
P -153.0000, -3644.0000, 0.0000, 165, 60, 20, 2, Jorna_(Notable)
P 680.0000, -2760.0000, 0.0000, 165, 60, 20, 2, Kanthurn_(Notable)
P 1589.0000, -342.0000, 0.0000, 165, 60, 20, 2, Kazen_Fecae_(Notable)
P -2215.0000, -249.0000, 0.0000, 165, 60, 20, 2, Kyralynn_(Notable)
P -2408.0000, -605.0000, 54.6700, 165, 60, 20, 2, Rondel_(Notable)
P 652.0000, -958.0000, 0.0000, 165, 60, 20, 2, Rykas_(Notable)
P 0.0000, -3614.0000, 0.0000, 165, 60, 20, 2, Shmendrik_Lavawalker_(Notable)
P -2408.0000, -522.0000, 0.0000, 165, 60, 20, 2, Tabitha_(Notable)
P 895.0000, -2573.0000, 0.0000, 165, 60, 20, 2, Taia_Lyfol_(Notable)
P -2145.0000, -188.0000, 0.0000, 165, 60, 20, 2, Vrynn_(Notable)
