L 2578.6033, -3878.4450, 0.0000, 2959.5365, -4259.3783, 0.0000, 150, 90, 150
L 2959.5365, -4259.3783, 0.0000, 2929.0619, -4137.4797, 0.0000, 150, 90, 150
L 2959.5365, -4259.3783, 0.0000, 2837.6379, -4228.9036, 0.0000, 150, 90, 150
P 2578.6033, -3729.9417, 0.0000, 150, 90, 150, 4, To_Urglunt's_Gate
L 2499.7094, -1699.1750, 0.0000, 3038.4304, -1699.1750, 0.0000, 150, 90, 150
L 3038.4304, -1699.1750, 0.0000, 2930.6862, -1634.5285, 0.0000, 150, 90, 150
L 3038.4304, -1699.1750, 0.0000, 2930.6862, -1763.8215, 0.0000, 150, 90, 150
P 2499.7094, -1550.6717, 0.0000, 150, 90, 150, 4, To_Sphinx_Pyramid
L 2558.9687, 670.5617, 0.0000, 2979.1711, 670.5617, 0.0000, 150, 90, 150
L 2979.1711, 670.5617, 0.0000, 2892.9757, 722.2789, 0.0000, 150, 90, 150
L 2979.1711, 670.5617, 0.0000, 2892.9757, 618.8445, 0.0000, 150, 90, 150
P 2558.9687, 819.0650, 0.0000, 150, 90, 150, 3, To_Kelinar
L -3247.0560, -4394.2950, 0.0000, -3544.1839, -4691.4230, 0.0000, 150, 90, 150
L -3544.1839, -4691.4230, 0.0000, -3446.6650, -4667.0432, 0.0000, 150, 90, 150
L -3544.1839, -4691.4230, 0.0000, -3519.8042, -4593.9041, 0.0000, 150, 90, 150
P -3247.0560, -4245.7917, 0.0000, 150, 90, 150, 3, To_Geomancer's_Citadel
L -3126.2595, -3121.0170, 0.0000, -3664.9804, -3121.0170, 0.0000, 150, 90, 150
L -3664.9804, -3121.0170, 0.0000, -3557.2362, -3185.6635, 0.0000, 150, 90, 150
L -3664.9804, -3121.0170, 0.0000, -3557.2362, -3056.3705, 0.0000, 150, 90, 150
P -3126.2595, -2972.5137, 0.0000, 150, 90, 150, 4, To_Fort_Alliance
L -3185.5188, -1699.1750, 0.0000, -3605.7211, -1699.1750, 0.0000, 150, 90, 150
L -3605.7211, -1699.1750, 0.0000, -3519.5258, -1750.8922, 0.0000, 150, 90, 150
L -3605.7211, -1699.1750, 0.0000, -3519.5258, -1647.4578, 0.0000, 150, 90, 150
P -3185.5188, -1550.6717, 0.0000, 150, 90, 150, 3, To_Geomancer's_Pass
L -3205.1533, -467.7996, 0.0000, -3586.0866, -86.8664, 0.0000, 150, 90, 150
L -3586.0866, -86.8664, 0.0000, -3555.6119, -208.7650, 0.0000, 150, 90, 150
L -3586.0866, -86.8664, 0.0000, -3464.1879, -117.3410, 0.0000, 150, 90, 150
P -3205.1533, -319.2963, 0.0000, 150, 90, 150, 4, To_Ogre_Ruins
L -3205.1533, 954.0424, 0.0000, -3586.0866, 1334.9756, 0.0000, 150, 90, 150
L -3586.0866, 1334.9756, 0.0000, -3555.6119, 1213.0770, 0.0000, 150, 90, 150
L -3586.0866, 1334.9756, 0.0000, -3464.1879, 1304.5010, 0.0000, 150, 90, 150
P -3205.1533, 1102.5457, 0.0000, 150, 90, 150, 4, To_The_Feerrott_(North)
P -313.2750, -4405.4161, 0.0000, 150, 90, 150, 4, To_Cyclops's_Fortress
L -313.2750, 1214.8288, 0.0000, -313.2750, 1635.0312, 0.0000, 150, 90, 150
L -313.2750, 1635.0312, 0.0000, -364.9922, 1548.8358, 0.0000, 150, 90, 150
L -313.2750, 1635.0312, 0.0000, -261.5578, 1548.8358, 0.0000, 150, 90, 150
P -313.2750, 1363.3321, 0.0000, 150, 90, 150, 3, To_West_Feerrott
