P 158.8578, 2058.0703, -20.3904, 160, 105, 0, 3, to_Nektulos_Forest
P 1037.8899, 940.8198, 11.8236, 150, 0, 200, 3, to_Najena
P -226.5863, -795.8779, 126.2610, 150, 0, 200, 3, to_Solusek's_Eye_(SolA)
P -484.9126, -915.3683, 50.8861, 150, 0, 200, 3, to_Nagafen's_Lair_(SolB)
P -327.8787, -1339.0608, 144.8860, 150, 0, 200, 3, to_The_Temple_of_Solusek_Ro
P -273.9000, -1073.0000, -11.9000, 110, 0, 60, 3, Eejag_(Iksar_Monk_55_in_lava)
P 114.0000, 434.0000, 104.8900, 165, 60, 20, 2, Hykallen_(rare_PH_Necro_16)
P -924.0000, -1392.7200, -11.9000, 165, 60, 20, 2, Sir_Lindeal_(Paladin_8)
P -275.0000, 1512.0000, -360.0000, 110, 0, 60, 2, Ruathey_(Barbarian_32_faction)
P 136.0300, -167.8300, -11.9000, 165, 60, 20, 2, Deep_Lava_Basilisk_(rare)
P 636.0000, -1290.0000, -11.9000, 110, 0, 60, 3, Firescale_Crocodile_(26-30_NE)
P 483.0000, -831.0000, 176.7500, 165, 60, 20, 2, Lava_Crawler
P -332.0000, -901.0000, -11.9000, 30, 70, 90, 2, Fire_Sprite_(challenge_Eejag)
P -750.0000, 925.0000, 166.2100, 110, 0, 60, 2, Shadowed_Men_(24-26_Obelisk_#6)
P -1365.0000, -980.0000, 132.8900, 35, 95, 55, 2, Druid_Ring_(#1_Spells/Merchant)
P -929.0000, 408.0000, -0.4200, 35, 95, 55, 2, Gypsy_Camp_(#3_Weapons/Compasses)
P -781.0000, -1287.0000, 84.0000, 110, 0, 60, 2, Fire_Goblin_Camp_(#2)
P 85.0000, 425.0000, 104.9100, 30, 70, 90, 2, Goblin_Camp_(#5)
P -364.0000, 245.0000, -11.9000, 165, 60, 20, 2, Goblin_Runner_(Supply_Pouch)
P 980.0000, -940.0000, -11.9000, 165, 60, 20, 2, Tisella_(wanders_Glowing_Torch)
