P -3361.0137, 1140.1586, 0.0000, 150, 0, 200, 3, to_The_Castle_of_Mistmoore
P 2154.6064, -967.0878, -5.5826,  150, 0, 200,  3,  to_The_Steamfont_Mountains
P 1180.2231, -2144.5144, -80.0000, 150, 0, 200, 3, to_The_Greater_Faydark
P 1770.0000, 108.0000, 1.0000, 160, 105, 0, 2, Succor
P -3100.0000, -1775.0000, -5.0200, 35, 95, 55, 2, Brownie_Compound_(Ench_Spells)
P -3618.0000, -1094.0000, 1.0800, 30, 80, 95, 3, Faerie_Village_+_Gearheart
P -2075.0000, -1390.0000, 1.0000, 30, 80, 95, 2, Bandit_Camp
P -1255.0000, 280.0000, 14.5100, 35, 95, 55, 2, Wood_Elf_Ranger_Outpost
P -1100.0000, 900.0000, 12.7000, 30, 80, 95, 2, Teirdal_Camp_(Wu)
P -1683.0000, 522.0000, 7.9200, 30, 80, 95, 2, Orc_Camp
P -505.0000, -1585.0000, 1.0000, 110, 0, 60, 3, Equestrielle_the_Corrupted_(40)
P -1683.0000, 522.0000, 7.9200, 110, 0, 60, 2, Orc_Chief_(22)
P 1218.0000, -1307.0000, 1.0000, 110, 0, 60, 3, Pained_Unicorn_(60)
P -1185.0000, 902.0000, 13.3300, 110, 0, 60, 2, Dragoon_Szorn_(45)
P -1101.0000, 899.0000, 12.7000, 110, 0, 60, 2, Priestess_Llandra_(45)
P 142.0000, -1082.0000, -8.2400, 150, 90, 40, 2, Whimsy_Larktwitter_(Pixie)
P -2245.0000, -46.0000, -3.7400, 150, 90, 40, 2, Larik_ZVole_(17)
P 640.0000, -400.0000, 1.0000, 150, 90, 40, 2, Crookstinger_(Wasp)
P -1690.0000, 720.0000, 1.0000, 35, 95, 55, 2, Kalayia_Woodwhisper_(Druid)
P -2899.0000, -1066.0000, 1.0000, 150, 90, 40, 2, Old_Dimshimmer
