P -126.5327, 330.9282, -1.0000, 150, 0, 200, 3, to_The_Lesser_Faydark
P -123.0000, 295.0000, -1.0000, 160, 105, 0, 3, Succor_(Entrance/Druid_Ring)
P -435.0000, 16.0000, -1.0000, 30, 80, 95, 3, Graveyard
P -373.0000, 60.0000, -1.0000, 30, 80, 95, 2, Tomb_+_Coffin
P -171.0000, 67.0000, -1.0000, 30, 80, 95, 3, Courtyard
P -77.0000, 5.0000, -1.0000, 30, 80, 95, 2, Fountain
P 13.0000, 152.0000, -1.0000, 30, 80, 95, 3, Ballroom
P -86.0000, 117.0000, -1.0000, 30, 80, 95, 2, Library
P -23.0000, 131.0000, -1.0000, 30, 80, 95, 3, Throne_Room
P -90.0000, 173.0000, -1.0000, 30, 80, 95, 2, The_Bath
P -352.0000, 205.0000, -1.0000, 30, 80, 95, 2, The_Tower
P 110.0000, 318.0000, -1.0000, 30, 80, 95, 2, Servant_Rooms
P 110.0000, 318.0000, -1.0000, 110, 0, 60, 2, Butler_Syncall_(35_SK)
P 90.0000, 340.0000, -1.0000, 110, 0, 60, 2, Maid_Issis_(35_Necro)
P -352.0000, 205.0000, -1.0000, 110, 0, 60, 3, Garton_Viswin_(37_SK,_Tower)
P -90.0000, 173.0000, -1.0000, 110, 0, 60, 2, Lasna_Cheroon_(36_Necro,_Bath)
P -23.0000, 131.0000, -1.0000, 110, 0, 60, 3, Princess_Cherista_(35,_Throne)
P -373.0000, 60.0000, -1.0000, 150, 90, 40, 2, Ssynthi_(24,_Robe_of_the_Keeper)
P -92.0000, 191.0000, -1.0000, 110, 0, 60, 2, Xicotl_(40_SK)
P 13.0000, 152.0000, -1.0000, 150, 90, 40, 2, Mynthi_Davissi_(32,_Gypsy_Princess)
P 166.0000, -90.0000, -1.0000, 110, 0, 60, 3, Black_Dire_(45,_Canyon)
P -86.0000, 117.0000, -1.0000, 110, 0, 60, 2, An_Advisor_(35,_Advisor_Robe)
P -77.0000, 5.0000, -1.0000, 150, 90, 40, 2, A_Cloaked_Dhampyre_(33,_Fountain)
P -105.0000, -23.0000, -1.0000, 150, 90, 40, 2, A_Fallen_Noble_(28,_rare)
P -365.0000, 36.0000, -1.0000, 110, 0, 60, 2, An_Undead_Knight_(40)
P 112.0000, -80.0000, -1.0000, 150, 90, 40, 2, Enynti_(27,_Rune_of_Fortune)
P -171.0000, 67.0000, -1.0000, 110, 0, 60, 2, A_Hemo_Enologist_(33)
P -140.0000, 40.0000, -1.0000, 110, 0, 60, 3, Mayong_Mistmoore_(Vampire_Lord,_~53)
