L -1500.00, -1168.09, 0.0000, -1500.00, 1180.41, 0.0000, 120, 120, 85
L -1000.00, -1168.09, 0.0000, -1000.00, 1180.41, 0.0000, 120, 120, 85
L -500.00, -1168.09, 0.0000, -500.00, 1180.41, 0.0000, 120, 120, 85
L 0.00, -1168.09, 0.0000, 0.00, 1180.41, 0.0000, 120, 120, 85
L 500.00, -1168.09, 0.0000, 500.00, 1180.41, 0.0000, 120, 120, 85
L 1000.00, -1168.09, 0.0000, 1000.00, 1180.41, 0.0000, 120, 120, 85
L 1500.00, -1168.09, 0.0000, 1500.00, 1180.41, 0.0000, 120, 120, 85
L 2000.00, -1168.09, 0.0000, 2000.00, 1180.41, 0.0000, 120, 120, 85
L 2500.00, -1168.09, 0.0000, 2500.00, 1180.41, 0.0000, 120, 120, 85
L -1500.91, -1000.00, 0.0000, 2642.41, -1000.00, 0.0000, 120, 120, 85
L -1500.91, -500.00, 0.0000, 2642.41, -500.00, 0.0000, 120, 120, 85
L -1500.91, 0.00, 0.0000, 2642.41, 0.00, 0.0000, 120, 120, 85
L -1500.91, 500.00, 0.0000, 2642.41, 500.00, 0.0000, 120, 120, 85
L -1500.91, 1000.00, 0.0000, 2642.41, 1000.00, 0.0000, 120, 120, 85
L -2080.97, -1748.15, 0.0000, -1980.91, -1712.51, 0.0000, 95, 70, 45
L -1980.91, -1712.51, 0.0000, -1880.84, -1748.15, 0.0000, 95, 70, 45
L -1880.84, -1748.15, 0.0000, -1780.78, -1699.65, 0.0000, 95, 70, 45
L -1780.78, -1699.65, 0.0000, -1680.71, -1748.15, 0.0000, 95, 70, 45
L -1680.71, -1748.15, 0.0000, -1580.65, -1692.92, 0.0000, 95, 70, 45
L -1580.65, -1692.92, 0.0000, -1480.58, -1748.15, 0.0000, 95, 70, 45
L -1480.58, -1748.15, 0.0000, -1380.52, -1681.91, 0.0000, 95, 70, 45
L -1380.52, -1681.91, 0.0000, -1280.45, -1748.15, 0.0000, 95, 70, 45
L -1280.45, -1748.15, 0.0000, -1180.39, -1718.02, 0.0000, 95, 70, 45
L -1180.39, -1718.02, 0.0000, -1080.32, -1748.15, 0.0000, 95, 70, 45
L -1080.32, -1748.15, 0.0000, -980.26, -1705.23, 0.0000, 95, 70, 45
L -980.26, -1705.23, 0.0000, -880.19, -1748.15, 0.0000, 95, 70, 45
L -880.19, -1748.15, 0.0000, -780.13, -1699.67, 0.0000, 95, 70, 45
L -780.13, -1699.67, 0.0000, -680.06, -1748.15, 0.0000, 95, 70, 45
L -680.06, -1748.15, 0.0000, -580.00, -1691.33, 0.0000, 95, 70, 45
L -580.00, -1691.33, 0.0000, -479.93, -1748.15, 0.0000, 95, 70, 45
L -479.93, -1748.15, 0.0000, -379.87, -1715.82, 0.0000, 95, 70, 45
L -379.87, -1715.82, 0.0000, -279.80, -1748.15, 0.0000, 95, 70, 45
L -279.80, -1748.15, 0.0000, -179.74, -1700.25, 0.0000, 95, 70, 45
L -179.74, -1700.25, 0.0000, -79.67, -1748.15, 0.0000, 95, 70, 45
L -79.67, -1748.15, 0.0000, 20.39, -1690.57, 0.0000, 95, 70, 45
L 20.39, -1690.57, 0.0000, 120.46, -1748.15, 0.0000, 95, 70, 45
L 120.46, -1748.15, 0.0000, 220.52, -1690.49, 0.0000, 95, 70, 45
L 220.52, -1690.49, 0.0000, 320.59, -1748.15, 0.0000, 95, 70, 45
L 320.59, -1748.15, 0.0000, 420.65, -1715.54, 0.0000, 95, 70, 45
L 420.65, -1715.54, 0.0000, 520.72, -1748.15, 0.0000, 95, 70, 45
L 520.72, -1748.15, 0.0000, 620.78, -1703.59, 0.0000, 95, 70, 45
L 620.78, -1703.59, 0.0000, 720.85, -1748.15, 0.0000, 95, 70, 45
L 720.85, -1748.15, 0.0000, 820.91, -1689.99, 0.0000, 95, 70, 45
L 820.91, -1689.99, 0.0000, 920.98, -1748.15, 0.0000, 95, 70, 45
L 920.98, -1748.15, 0.0000, 1021.04, -1686.57, 0.0000, 95, 70, 45
L 1021.04, -1686.57, 0.0000, 1121.11, -1748.15, 0.0000, 95, 70, 45
L 1121.11, -1748.15, 0.0000, 1221.17, -1696.89, 0.0000, 95, 70, 45
L 1221.17, -1696.89, 0.0000, 1321.24, -1748.15, 0.0000, 95, 70, 45
L 1321.24, -1748.15, 0.0000, 1421.30, -1695.03, 0.0000, 95, 70, 45
L 1421.30, -1695.03, 0.0000, 1521.37, -1748.15, 0.0000, 95, 70, 45
L 1521.37, -1748.15, 0.0000, 1621.43, -1712.58, 0.0000, 95, 70, 45
L 1621.43, -1712.58, 0.0000, 1721.50, -1748.15, 0.0000, 95, 70, 45
L 1721.50, -1748.15, 0.0000, 1821.56, -1678.32, 0.0000, 95, 70, 45
L 1821.56, -1678.32, 0.0000, 1921.63, -1748.15, 0.0000, 95, 70, 45
L 1921.63, -1748.15, 0.0000, 2021.69, -1718.92, 0.0000, 95, 70, 45
L 2021.69, -1718.92, 0.0000, 2121.76, -1748.15, 0.0000, 95, 70, 45
L 2121.76, -1748.15, 0.0000, 2221.82, -1688.04, 0.0000, 95, 70, 45
L 2221.82, -1688.04, 0.0000, 2321.89, -1748.15, 0.0000, 95, 70, 45
L 2321.89, -1748.15, 0.0000, 2421.95, -1720.47, 0.0000, 95, 70, 45
L 2421.95, -1720.47, 0.0000, 2522.02, -1748.15, 0.0000, 95, 70, 45
L 2522.02, -1748.15, 0.0000, 2622.08, -1710.29, 0.0000, 95, 70, 45
L 2622.08, -1710.29, 0.0000, 2722.15, -1748.15, 0.0000, 95, 70, 45
L 2722.15, -1748.15, 0.0000, 2822.21, -1713.93, 0.0000, 95, 70, 45
L 2822.21, -1713.93, 0.0000, 2922.28, -1748.15, 0.0000, 95, 70, 45
L 2922.28, -1748.15, 0.0000, 3022.34, -1714.69, 0.0000, 95, 70, 45
L 3022.34, -1714.69, 0.0000, 3122.41, -1748.15, 0.0000, 95, 70, 45
L 3122.41, -1748.15, 0.0000, 3222.47, -1688.78, 0.0000, 95, 70, 45
L 3222.47, -1748.15, 0.0000, 3188.20, -1647.91, 0.0000, 95, 70, 45
L 3188.20, -1647.91, 0.0000, 3222.47, -1547.66, 0.0000, 95, 70, 45
L 3222.47, -1547.66, 0.0000, 3158.86, -1447.42, 0.0000, 95, 70, 45
L 3158.86, -1447.42, 0.0000, 3222.47, -1347.17, 0.0000, 95, 70, 45
L 3222.47, -1347.17, 0.0000, 3186.67, -1246.92, 0.0000, 95, 70, 45
L 3186.67, -1246.92, 0.0000, 3222.47, -1146.68, 0.0000, 95, 70, 45
L 3222.47, -1146.68, 0.0000, 3153.38, -1046.43, 0.0000, 95, 70, 45
L 3153.38, -1046.43, 0.0000, 3222.47, -946.18, 0.0000, 95, 70, 45
L 3222.47, -946.18, 0.0000, 3180.11, -845.94, 0.0000, 95, 70, 45
L 3180.11, -845.94, 0.0000, 3222.47, -745.69, 0.0000, 95, 70, 45
L 3222.47, -745.69, 0.0000, 3178.74, -645.44, 0.0000, 95, 70, 45
L 3178.74, -645.44, 0.0000, 3222.47, -545.20, 0.0000, 95, 70, 45
L 3222.47, -545.20, 0.0000, 3191.83, -444.95, 0.0000, 95, 70, 45
L 3191.83, -444.95, 0.0000, 3222.47, -344.70, 0.0000, 95, 70, 45
L 3222.47, -344.70, 0.0000, 3190.78, -244.46, 0.0000, 95, 70, 45
L 3190.78, -244.46, 0.0000, 3222.47, -144.21, 0.0000, 95, 70, 45
L 3222.47, -144.21, 0.0000, 3182.10, -43.96, 0.0000, 95, 70, 45
L 3182.10, -43.96, 0.0000, 3222.47, 56.28, 0.0000, 95, 70, 45
L 3222.47, 56.28, 0.0000, 3169.31, 156.53, 0.0000, 95, 70, 45
L 3169.31, 156.53, 0.0000, 3222.47, 256.78, 0.0000, 95, 70, 45
L 3222.47, 256.78, 0.0000, 3178.78, 357.02, 0.0000, 95, 70, 45
L 3178.78, 357.02, 0.0000, 3222.47, 457.27, 0.0000, 95, 70, 45
L 3222.47, 457.27, 0.0000, 3183.05, 557.52, 0.0000, 95, 70, 45
L 3183.05, 557.52, 0.0000, 3222.47, 657.76, 0.0000, 95, 70, 45
L 3222.47, 657.76, 0.0000, 3174.21, 758.01, 0.0000, 95, 70, 45
L 3174.21, 758.01, 0.0000, 3222.47, 858.26, 0.0000, 95, 70, 45
L 3222.47, 858.26, 0.0000, 3158.95, 958.50, 0.0000, 95, 70, 45
L 3158.95, 958.50, 0.0000, 3222.47, 1058.75, 0.0000, 95, 70, 45
L 3222.47, 1058.75, 0.0000, 3152.61, 1159.00, 0.0000, 95, 70, 45
L 3152.61, 1159.00, 0.0000, 3222.47, 1259.24, 0.0000, 95, 70, 45
L 3222.47, 1259.24, 0.0000, 3169.41, 1359.49, 0.0000, 95, 70, 45
L 3169.41, 1359.49, 0.0000, 3222.47, 1459.73, 0.0000, 95, 70, 45
L 3222.47, 1459.73, 0.0000, 3187.34, 1559.98, 0.0000, 95, 70, 45
L 3187.34, 1559.98, 0.0000, 3222.47, 1660.23, 0.0000, 95, 70, 45
L 3222.47, 1660.23, 0.0000, 3170.28, 1760.47, 0.0000, 95, 70, 45
L 3222.47, 1760.47, 0.0000, 3122.41, 1705.54, 0.0000, 95, 70, 45
L 3122.41, 1705.54, 0.0000, 3022.34, 1760.47, 0.0000, 95, 70, 45
L 3022.34, 1760.47, 0.0000, 2922.28, 1718.60, 0.0000, 95, 70, 45
L 2922.28, 1718.60, 0.0000, 2822.21, 1760.47, 0.0000, 95, 70, 45
L 2822.21, 1760.47, 0.0000, 2722.15, 1695.29, 0.0000, 95, 70, 45
L 2722.15, 1695.29, 0.0000, 2622.08, 1760.47, 0.0000, 95, 70, 45
L 2622.08, 1760.47, 0.0000, 2522.02, 1717.07, 0.0000, 95, 70, 45
L 2522.02, 1717.07, 0.0000, 2421.95, 1760.47, 0.0000, 95, 70, 45
L 2421.95, 1760.47, 0.0000, 2321.89, 1723.82, 0.0000, 95, 70, 45
L 2321.89, 1723.82, 0.0000, 2221.82, 1760.47, 0.0000, 95, 70, 45
L 2221.82, 1760.47, 0.0000, 2121.76, 1718.74, 0.0000, 95, 70, 45
L 2121.76, 1718.74, 0.0000, 2021.69, 1760.47, 0.0000, 95, 70, 45
L 2021.69, 1760.47, 0.0000, 1921.63, 1696.63, 0.0000, 95, 70, 45
L 1921.63, 1696.63, 0.0000, 1821.56, 1760.47, 0.0000, 95, 70, 45
L 1821.56, 1760.47, 0.0000, 1721.50, 1713.87, 0.0000, 95, 70, 45
L 1721.50, 1713.87, 0.0000, 1621.43, 1760.47, 0.0000, 95, 70, 45
L 1621.43, 1760.47, 0.0000, 1521.37, 1735.46, 0.0000, 95, 70, 45
L 1521.37, 1735.46, 0.0000, 1421.30, 1760.47, 0.0000, 95, 70, 45
L 1421.30, 1760.47, 0.0000, 1321.24, 1729.09, 0.0000, 95, 70, 45
L 1321.24, 1729.09, 0.0000, 1221.17, 1760.47, 0.0000, 95, 70, 45
L 1221.17, 1760.47, 0.0000, 1121.11, 1705.38, 0.0000, 95, 70, 45
L 1121.11, 1705.38, 0.0000, 1021.04, 1760.47, 0.0000, 95, 70, 45
L 1021.04, 1760.47, 0.0000, 920.98, 1711.92, 0.0000, 95, 70, 45
L 920.98, 1711.92, 0.0000, 820.91, 1760.47, 0.0000, 95, 70, 45
L 820.91, 1760.47, 0.0000, 720.85, 1730.10, 0.0000, 95, 70, 45
L 720.85, 1730.10, 0.0000, 620.78, 1760.47, 0.0000, 95, 70, 45
L 620.78, 1760.47, 0.0000, 520.72, 1714.47, 0.0000, 95, 70, 45
L 520.72, 1714.47, 0.0000, 420.65, 1760.47, 0.0000, 95, 70, 45
L 420.65, 1760.47, 0.0000, 320.59, 1693.51, 0.0000, 95, 70, 45
L 320.59, 1693.51, 0.0000, 220.52, 1760.47, 0.0000, 95, 70, 45
L 220.52, 1760.47, 0.0000, 120.46, 1700.84, 0.0000, 95, 70, 45
L 120.46, 1700.84, 0.0000, 20.39, 1760.47, 0.0000, 95, 70, 45
L 20.39, 1760.47, 0.0000, -79.67, 1723.59, 0.0000, 95, 70, 45
L -79.67, 1723.59, 0.0000, -179.74, 1760.47, 0.0000, 95, 70, 45
L -179.74, 1760.47, 0.0000, -279.80, 1725.14, 0.0000, 95, 70, 45
L -279.80, 1725.14, 0.0000, -379.87, 1760.47, 0.0000, 95, 70, 45
L -379.87, 1760.47, 0.0000, -479.93, 1726.53, 0.0000, 95, 70, 45
L -479.93, 1726.53, 0.0000, -580.00, 1760.47, 0.0000, 95, 70, 45
L -580.00, 1760.47, 0.0000, -680.06, 1714.65, 0.0000, 95, 70, 45
L -680.06, 1714.65, 0.0000, -780.13, 1760.47, 0.0000, 95, 70, 45
L -780.13, 1760.47, 0.0000, -880.19, 1691.82, 0.0000, 95, 70, 45
L -880.19, 1691.82, 0.0000, -980.26, 1760.47, 0.0000, 95, 70, 45
L -980.26, 1760.47, 0.0000, -1080.32, 1704.57, 0.0000, 95, 70, 45
L -1080.32, 1704.57, 0.0000, -1180.39, 1760.47, 0.0000, 95, 70, 45
L -1180.39, 1760.47, 0.0000, -1280.45, 1706.54, 0.0000, 95, 70, 45
L -1280.45, 1706.54, 0.0000, -1380.52, 1760.47, 0.0000, 95, 70, 45
L -1380.52, 1760.47, 0.0000, -1480.58, 1717.43, 0.0000, 95, 70, 45
L -1480.58, 1717.43, 0.0000, -1580.65, 1760.47, 0.0000, 95, 70, 45
L -1580.65, 1760.47, 0.0000, -1680.71, 1708.61, 0.0000, 95, 70, 45
L -1680.71, 1708.61, 0.0000, -1780.78, 1760.47, 0.0000, 95, 70, 45
L -1780.78, 1760.47, 0.0000, -1880.84, 1716.46, 0.0000, 95, 70, 45
L -1880.84, 1716.46, 0.0000, -1980.91, 1760.47, 0.0000, 95, 70, 45
L -1980.91, 1760.47, 0.0000, -2080.97, 1711.84, 0.0000, 95, 70, 45
L -2080.97, 1760.47, 0.0000, -2032.18, 1660.23, 0.0000, 95, 70, 45
L -2032.18, 1660.23, 0.0000, -2080.97, 1559.98, 0.0000, 95, 70, 45
L -2080.97, 1559.98, 0.0000, -2031.57, 1459.73, 0.0000, 95, 70, 45
L -2031.57, 1459.73, 0.0000, -2080.97, 1359.49, 0.0000, 95, 70, 45
L -2080.97, 1359.49, 0.0000, -2036.95, 1259.24, 0.0000, 95, 70, 45
L -2036.95, 1259.24, 0.0000, -2080.97, 1159.00, 0.0000, 95, 70, 45
L -2080.97, 1159.00, 0.0000, -2045.22, 1058.75, 0.0000, 95, 70, 45
L -2045.22, 1058.75, 0.0000, -2080.97, 958.50, 0.0000, 95, 70, 45
L -2080.97, 958.50, 0.0000, -2045.27, 858.26, 0.0000, 95, 70, 45
L -2045.27, 858.26, 0.0000, -2080.97, 758.01, 0.0000, 95, 70, 45
L -2080.97, 758.01, 0.0000, -2042.80, 657.76, 0.0000, 95, 70, 45
L -2042.80, 657.76, 0.0000, -2080.97, 557.52, 0.0000, 95, 70, 45
L -2080.97, 557.52, 0.0000, -2020.08, 457.27, 0.0000, 95, 70, 45
L -2020.08, 457.27, 0.0000, -2080.97, 357.02, 0.0000, 95, 70, 45
L -2080.97, 357.02, 0.0000, -2053.69, 256.78, 0.0000, 95, 70, 45
L -2053.69, 256.78, 0.0000, -2080.97, 156.53, 0.0000, 95, 70, 45
L -2080.97, 156.53, 0.0000, -2040.17, 56.28, 0.0000, 95, 70, 45
L -2040.17, 56.28, 0.0000, -2080.97, -43.96, 0.0000, 95, 70, 45
L -2080.97, -43.96, 0.0000, -2013.42, -144.21, 0.0000, 95, 70, 45
L -2013.42, -144.21, 0.0000, -2080.97, -244.46, 0.0000, 95, 70, 45
L -2080.97, -244.46, 0.0000, -2030.32, -344.70, 0.0000, 95, 70, 45
L -2030.32, -344.70, 0.0000, -2080.97, -444.95, 0.0000, 95, 70, 45
L -2080.97, -444.95, 0.0000, -2023.28, -545.20, 0.0000, 95, 70, 45
L -2023.28, -545.20, 0.0000, -2080.97, -645.44, 0.0000, 95, 70, 45
L -2080.97, -645.44, 0.0000, -2029.33, -745.69, 0.0000, 95, 70, 45
L -2029.33, -745.69, 0.0000, -2080.97, -845.94, 0.0000, 95, 70, 45
L -2080.97, -845.94, 0.0000, -2036.16, -946.18, 0.0000, 95, 70, 45
L -2036.16, -946.18, 0.0000, -2080.97, -1046.43, 0.0000, 95, 70, 45
L -2080.97, -1046.43, 0.0000, -2046.98, -1146.68, 0.0000, 95, 70, 45
L -2046.98, -1146.68, 0.0000, -2080.97, -1246.92, 0.0000, 95, 70, 45
L -2080.97, -1246.92, 0.0000, -2021.14, -1347.17, 0.0000, 95, 70, 45
L -2021.14, -1347.17, 0.0000, -2080.97, -1447.42, 0.0000, 95, 70, 45
L -2080.97, -1447.42, 0.0000, -2051.14, -1547.66, 0.0000, 95, 70, 45
L -2051.14, -1547.66, 0.0000, -2080.97, -1647.91, 0.0000, 95, 70, 45
L -2080.97, -1647.91, 0.0000, -2035.92, -1748.15, 0.0000, 95, 70, 45
L -2035.97, -1703.15, 0.0000, -1905.64, -1674.72, 0.0000, 120, 140, 80
L -1905.64, -1674.72, 0.0000, -1775.30, -1703.15, 0.0000, 120, 140, 80
L -1775.30, -1703.15, 0.0000, -1644.97, -1680.03, 0.0000, 120, 140, 80
L -1644.97, -1680.03, 0.0000, -1514.63, -1703.15, 0.0000, 120, 140, 80
L -1514.63, -1703.15, 0.0000, -1384.29, -1667.56, 0.0000, 120, 140, 80
L -1384.29, -1667.56, 0.0000, -1253.96, -1703.15, 0.0000, 120, 140, 80
L -1253.96, -1703.15, 0.0000, -1123.62, -1683.14, 0.0000, 120, 140, 80
L -1123.62, -1683.14, 0.0000, -993.28, -1703.15, 0.0000, 120, 140, 80
L -993.28, -1703.15, 0.0000, -862.95, -1687.75, 0.0000, 120, 140, 80
L -862.95, -1687.75, 0.0000, -732.61, -1703.15, 0.0000, 120, 140, 80
L -732.61, -1703.15, 0.0000, -602.28, -1668.96, 0.0000, 120, 140, 80
L -602.28, -1668.96, 0.0000, -471.94, -1703.15, 0.0000, 120, 140, 80
L -471.94, -1703.15, 0.0000, -341.60, -1684.41, 0.0000, 120, 140, 80
L -341.60, -1684.41, 0.0000, -211.27, -1703.15, 0.0000, 120, 140, 80
L -211.27, -1703.15, 0.0000, -80.93, -1667.08, 0.0000, 120, 140, 80
L -80.93, -1667.08, 0.0000, 49.41, -1703.15, 0.0000, 120, 140, 80
L 49.41, -1703.15, 0.0000, 179.74, -1665.53, 0.0000, 120, 140, 80
L 179.74, -1665.53, 0.0000, 310.08, -1703.15, 0.0000, 120, 140, 80
L 310.08, -1703.15, 0.0000, 440.41, -1685.35, 0.0000, 120, 140, 80
L 440.41, -1685.35, 0.0000, 570.75, -1703.15, 0.0000, 120, 140, 80
L 570.75, -1703.15, 0.0000, 701.09, -1687.77, 0.0000, 120, 140, 80
L 701.09, -1687.77, 0.0000, 831.42, -1703.15, 0.0000, 120, 140, 80
L 831.42, -1703.15, 0.0000, 961.76, -1687.04, 0.0000, 120, 140, 80
L 961.76, -1687.04, 0.0000, 1092.09, -1703.15, 0.0000, 120, 140, 80
L 1092.09, -1703.15, 0.0000, 1222.43, -1674.81, 0.0000, 120, 140, 80
L 1222.43, -1674.81, 0.0000, 1352.77, -1703.15, 0.0000, 120, 140, 80
L 1352.77, -1703.15, 0.0000, 1483.10, -1673.77, 0.0000, 120, 140, 80
L 1483.10, -1673.77, 0.0000, 1613.44, -1703.15, 0.0000, 120, 140, 80
L 1613.44, -1703.15, 0.0000, 1743.78, -1665.35, 0.0000, 120, 140, 80
L 1743.78, -1665.35, 0.0000, 1874.11, -1703.15, 0.0000, 120, 140, 80
L 1874.11, -1703.15, 0.0000, 2004.45, -1683.99, 0.0000, 120, 140, 80
L 2004.45, -1683.99, 0.0000, 2134.78, -1703.15, 0.0000, 120, 140, 80
L 2134.78, -1703.15, 0.0000, 2265.12, -1686.30, 0.0000, 120, 140, 80
L 2265.12, -1686.30, 0.0000, 2395.46, -1703.15, 0.0000, 120, 140, 80
L 2395.46, -1703.15, 0.0000, 2525.79, -1672.40, 0.0000, 120, 140, 80
L 2525.79, -1672.40, 0.0000, 2656.13, -1703.15, 0.0000, 120, 140, 80
L 2656.13, -1703.15, 0.0000, 2786.47, -1670.46, 0.0000, 120, 140, 80
L 2786.47, -1670.46, 0.0000, 2916.80, -1703.15, 0.0000, 120, 140, 80
L 2916.80, -1703.15, 0.0000, 3047.14, -1675.04, 0.0000, 120, 140, 80
L 3047.14, -1675.04, 0.0000, 3177.47, -1703.15, 0.0000, 120, 140, 80
L 3177.47, -1703.15, 0.0000, 3155.80, -1571.67, 0.0000, 120, 140, 80
L 3155.80, -1571.67, 0.0000, 3177.47, -1440.18, 0.0000, 120, 140, 80
L 3177.47, -1440.18, 0.0000, 3151.42, -1308.70, 0.0000, 120, 140, 80
L 3151.42, -1308.70, 0.0000, 3177.47, -1177.21, 0.0000, 120, 140, 80
L 3177.47, -1177.21, 0.0000, 3143.40, -1045.73, 0.0000, 120, 140, 80
L 3143.40, -1045.73, 0.0000, 3177.47, -914.24, 0.0000, 120, 140, 80
L 3177.47, -914.24, 0.0000, 3145.64, -782.75, 0.0000, 120, 140, 80
L 3145.64, -782.75, 0.0000, 3177.47, -651.27, 0.0000, 120, 140, 80
L 3177.47, -651.27, 0.0000, 3159.26, -519.78, 0.0000, 120, 140, 80
L 3159.26, -519.78, 0.0000, 3177.47, -388.30, 0.0000, 120, 140, 80
L 3177.47, -388.30, 0.0000, 3157.24, -256.81, 0.0000, 120, 140, 80
L 3157.24, -256.81, 0.0000, 3177.47, -125.33, 0.0000, 120, 140, 80
L 3177.47, -125.33, 0.0000, 3158.32, 6.16, 0.0000, 120, 140, 80
L 3158.32, 6.16, 0.0000, 3177.47, 137.65, 0.0000, 120, 140, 80
L 3177.47, 137.65, 0.0000, 3163.85, 269.13, 0.0000, 120, 140, 80
L 3163.85, 269.13, 0.0000, 3177.47, 400.62, 0.0000, 120, 140, 80
L 3177.47, 400.62, 0.0000, 3154.74, 532.10, 0.0000, 120, 140, 80
L 3154.74, 532.10, 0.0000, 3177.47, 663.59, 0.0000, 120, 140, 80
L 3177.47, 663.59, 0.0000, 3161.72, 795.07, 0.0000, 120, 140, 80
L 3161.72, 795.07, 0.0000, 3177.47, 926.56, 0.0000, 120, 140, 80
L 3177.47, 926.56, 0.0000, 3148.71, 1058.05, 0.0000, 120, 140, 80
L 3148.71, 1058.05, 0.0000, 3177.47, 1189.53, 0.0000, 120, 140, 80
L 3177.47, 1189.53, 0.0000, 3153.49, 1321.02, 0.0000, 120, 140, 80
L 3153.49, 1321.02, 0.0000, 3177.47, 1452.50, 0.0000, 120, 140, 80
L 3177.47, 1452.50, 0.0000, 3139.59, 1583.99, 0.0000, 120, 140, 80
L 3139.59, 1583.99, 0.0000, 3177.47, 1715.47, 0.0000, 120, 140, 80
L 3177.47, 1715.47, 0.0000, 3047.14, 1687.25, 0.0000, 120, 140, 80
L 3047.14, 1687.25, 0.0000, 2916.80, 1715.47, 0.0000, 120, 140, 80
L 2916.80, 1715.47, 0.0000, 2786.47, 1685.02, 0.0000, 120, 140, 80
L 2786.47, 1685.02, 0.0000, 2656.13, 1715.47, 0.0000, 120, 140, 80
L 2656.13, 1715.47, 0.0000, 2525.79, 1684.20, 0.0000, 120, 140, 80
L 2525.79, 1684.20, 0.0000, 2395.46, 1715.47, 0.0000, 120, 140, 80
L 2395.46, 1715.47, 0.0000, 2265.12, 1689.48, 0.0000, 120, 140, 80
L 2265.12, 1689.48, 0.0000, 2134.78, 1715.47, 0.0000, 120, 140, 80
L 2134.78, 1715.47, 0.0000, 2004.45, 1686.85, 0.0000, 120, 140, 80
L 2004.45, 1686.85, 0.0000, 1874.11, 1715.47, 0.0000, 120, 140, 80
L 1874.11, 1715.47, 0.0000, 1743.78, 1692.30, 0.0000, 120, 140, 80
L 1743.78, 1692.30, 0.0000, 1613.44, 1715.47, 0.0000, 120, 140, 80
L 1613.44, 1715.47, 0.0000, 1483.10, 1692.62, 0.0000, 120, 140, 80
L 1483.10, 1692.62, 0.0000, 1352.77, 1715.47, 0.0000, 120, 140, 80
L 1352.77, 1715.47, 0.0000, 1222.43, 1687.84, 0.0000, 120, 140, 80
L 1222.43, 1687.84, 0.0000, 1092.09, 1715.47, 0.0000, 120, 140, 80
L 1092.09, 1715.47, 0.0000, 961.76, 1694.91, 0.0000, 120, 140, 80
L 961.76, 1694.91, 0.0000, 831.42, 1715.47, 0.0000, 120, 140, 80
L 831.42, 1715.47, 0.0000, 701.09, 1678.27, 0.0000, 120, 140, 80
L 701.09, 1678.27, 0.0000, 570.75, 1715.47, 0.0000, 120, 140, 80
L 570.75, 1715.47, 0.0000, 440.41, 1680.19, 0.0000, 120, 140, 80
L 440.41, 1680.19, 0.0000, 310.08, 1715.47, 0.0000, 120, 140, 80
L 310.08, 1715.47, 0.0000, 179.74, 1695.85, 0.0000, 120, 140, 80
L 179.74, 1695.85, 0.0000, 49.41, 1715.47, 0.0000, 120, 140, 80
L 49.41, 1715.47, 0.0000, -80.93, 1683.28, 0.0000, 120, 140, 80
L -80.93, 1683.28, 0.0000, -211.27, 1715.47, 0.0000, 120, 140, 80
L -211.27, 1715.47, 0.0000, -341.60, 1681.76, 0.0000, 120, 140, 80
L -341.60, 1681.76, 0.0000, -471.94, 1715.47, 0.0000, 120, 140, 80
L -471.94, 1715.47, 0.0000, -602.28, 1679.66, 0.0000, 120, 140, 80
L -602.28, 1679.66, 0.0000, -732.61, 1715.47, 0.0000, 120, 140, 80
L -732.61, 1715.47, 0.0000, -862.95, 1689.65, 0.0000, 120, 140, 80
L -862.95, 1689.65, 0.0000, -993.28, 1715.47, 0.0000, 120, 140, 80
L -993.28, 1715.47, 0.0000, -1123.62, 1680.12, 0.0000, 120, 140, 80
L -1123.62, 1680.12, 0.0000, -1253.96, 1715.47, 0.0000, 120, 140, 80
L -1253.96, 1715.47, 0.0000, -1384.29, 1681.80, 0.0000, 120, 140, 80
L -1384.29, 1681.80, 0.0000, -1514.63, 1715.47, 0.0000, 120, 140, 80
L -1514.63, 1715.47, 0.0000, -1644.97, 1685.19, 0.0000, 120, 140, 80
L -1644.97, 1685.19, 0.0000, -1775.30, 1715.47, 0.0000, 120, 140, 80
L -1775.30, 1715.47, 0.0000, -1905.64, 1681.37, 0.0000, 120, 140, 80
L -1905.64, 1681.37, 0.0000, -2035.97, 1715.47, 0.0000, 120, 140, 80
L -2035.97, 1715.47, 0.0000, -2021.12, 1583.99, 0.0000, 120, 140, 80
L -2021.12, 1583.99, 0.0000, -2035.97, 1452.50, 0.0000, 120, 140, 80
L -2035.97, 1452.50, 0.0000, -2021.03, 1321.02, 0.0000, 120, 140, 80
L -2021.03, 1321.02, 0.0000, -2035.97, 1189.53, 0.0000, 120, 140, 80
L -2035.97, 1189.53, 0.0000, -2021.64, 1058.05, 0.0000, 120, 140, 80
L -2021.64, 1058.05, 0.0000, -2035.97, 926.56, 0.0000, 120, 140, 80
L -2035.97, 926.56, 0.0000, -2001.77, 795.07, 0.0000, 120, 140, 80
L -2001.77, 795.07, 0.0000, -2035.97, 663.59, 0.0000, 120, 140, 80
L -2035.97, 663.59, 0.0000, -2009.64, 532.10, 0.0000, 120, 140, 80
L -2009.64, 532.10, 0.0000, -2035.97, 400.62, 0.0000, 120, 140, 80
L -2035.97, 400.62, 0.0000, -2021.20, 269.13, 0.0000, 120, 140, 80
L -2021.20, 269.13, 0.0000, -2035.97, 137.65, 0.0000, 120, 140, 80
L -2035.97, 137.65, 0.0000, -2019.42, 6.16, 0.0000, 120, 140, 80
L -2019.42, 6.16, 0.0000, -2035.97, -125.33, 0.0000, 120, 140, 80
L -2035.97, -125.33, 0.0000, -1999.40, -256.81, 0.0000, 120, 140, 80
L -1999.40, -256.81, 0.0000, -2035.97, -388.30, 0.0000, 120, 140, 80
L -2035.97, -388.30, 0.0000, -2017.58, -519.78, 0.0000, 120, 140, 80
L -2017.58, -519.78, 0.0000, -2035.97, -651.27, 0.0000, 120, 140, 80
L -2035.97, -651.27, 0.0000, -2012.02, -782.75, 0.0000, 120, 140, 80
L -2012.02, -782.75, 0.0000, -2035.97, -914.24, 0.0000, 120, 140, 80
L -2035.97, -914.24, 0.0000, -2007.47, -1045.73, 0.0000, 120, 140, 80
L -2007.47, -1045.73, 0.0000, -2035.97, -1177.21, 0.0000, 120, 140, 80
L -2035.97, -1177.21, 0.0000, -2016.56, -1308.70, 0.0000, 120, 140, 80
L -2016.56, -1308.70, 0.0000, -2035.97, -1440.18, 0.0000, 120, 140, 80
L -2035.97, -1440.18, 0.0000, -2020.61, -1571.67, 0.0000, 120, 140, 80
L -2020.61, -1571.67, 0.0000, -2035.97, -1703.15, 0.0000, 120, 140, 80
L -2035.97, -1703.15, 0.0000, -1976.47, -1672.40, 0.0000, 90, 120, 70
L -1976.47, -1672.40, 0.0000, -1960.97, -1685.65, 0.0000, 90, 120, 70
L -1976.47, -1672.40, 0.0000, -1964.75, -1648.67, 0.0000, 70, 100, 55
L -1960.97, -1685.65, 0.0000, -1901.47, -1654.90, 0.0000, 90, 120, 70
L -1901.47, -1654.90, 0.0000, -1885.97, -1668.15, 0.0000, 90, 120, 70
L -1885.97, -1668.15, 0.0000, -1826.47, -1637.40, 0.0000, 90, 120, 70
L -1826.47, -1637.40, 0.0000, -1810.97, -1650.65, 0.0000, 90, 120, 70
L -1826.47, -1637.40, 0.0000, -1814.75, -1613.67, 0.0000, 70, 100, 55
L -1810.97, -1650.65, 0.0000, -1751.47, -1619.90, 0.0000, 90, 120, 70
L -1751.47, -1619.90, 0.0000, -1735.97, -1633.15, 0.0000, 90, 120, 70
L 3177.47, -1703.15, 0.0000, 3117.97, -1672.40, 0.0000, 90, 120, 70
L 3117.97, -1672.40, 0.0000, 3102.47, -1685.65, 0.0000, 90, 120, 70
L 3117.97, -1672.40, 0.0000, 3101.70, -1668.14, 0.0000, 70, 100, 55
L 3102.47, -1685.65, 0.0000, 3042.97, -1654.90, 0.0000, 90, 120, 70
L 3042.97, -1654.90, 0.0000, 3027.47, -1668.15, 0.0000, 90, 120, 70
L 3027.47, -1668.15, 0.0000, 2967.97, -1637.40, 0.0000, 90, 120, 70
L 2967.97, -1637.40, 0.0000, 2952.47, -1650.65, 0.0000, 90, 120, 70
L 2967.97, -1637.40, 0.0000, 2951.70, -1633.14, 0.0000, 70, 100, 55
L 2952.47, -1650.65, 0.0000, 2892.97, -1619.90, 0.0000, 90, 120, 70
L 2892.97, -1619.90, 0.0000, 2877.47, -1633.15, 0.0000, 90, 120, 70
L -2035.97, 1715.47, 0.0000, -1976.47, 1684.72, 0.0000, 90, 120, 70
L -1976.47, 1684.72, 0.0000, -1960.97, 1697.97, 0.0000, 90, 120, 70
L -1976.47, 1684.72, 0.0000, -1960.20, 1680.46, 0.0000, 70, 100, 55
L -1960.97, 1697.97, 0.0000, -1901.47, 1667.22, 0.0000, 90, 120, 70
L -1901.47, 1667.22, 0.0000, -1885.97, 1680.47, 0.0000, 90, 120, 70
L -1885.97, 1680.47, 0.0000, -1826.47, 1649.72, 0.0000, 90, 120, 70
L -1826.47, 1649.72, 0.0000, -1810.97, 1662.97, 0.0000, 90, 120, 70
L -1826.47, 1649.72, 0.0000, -1810.20, 1645.46, 0.0000, 70, 100, 55
L -1810.97, 1662.97, 0.0000, -1751.47, 1632.22, 0.0000, 90, 120, 70
L -1751.47, 1632.22, 0.0000, -1735.97, 1645.47, 0.0000, 90, 120, 70
L 3177.47, 1715.47, 0.0000, 3117.97, 1684.72, 0.0000, 90, 120, 70
L 3117.97, 1684.72, 0.0000, 3102.47, 1697.97, 0.0000, 90, 120, 70
L 3117.97, 1684.72, 0.0000, 3106.25, 1660.99, 0.0000, 70, 100, 55
L 3102.47, 1697.97, 0.0000, 3042.97, 1667.22, 0.0000, 90, 120, 70
L 3042.97, 1667.22, 0.0000, 3027.47, 1680.47, 0.0000, 90, 120, 70
L 3027.47, 1680.47, 0.0000, 2967.97, 1649.72, 0.0000, 90, 120, 70
L 2967.97, 1649.72, 0.0000, 2952.47, 1662.97, 0.0000, 90, 120, 70
L 2967.97, 1649.72, 0.0000, 2956.25, 1625.99, 0.0000, 70, 100, 55
L 2952.47, 1662.97, 0.0000, 2892.97, 1632.22, 0.0000, 90, 120, 70
L 2892.97, 1632.22, 0.0000, 2877.47, 1645.47, 0.0000, 90, 120, 70
L -1808.65, 42.12, 0.0000, -1815.07, 61.87, 0.0000, 70, 115, 55
L -1815.07, 61.87, 0.0000, -1831.87, 74.08, 0.0000, 70, 115, 55
L -1831.87, 74.08, 0.0000, -1852.63, 74.08, 0.0000, 70, 115, 55
L -1852.63, 74.08, 0.0000, -1869.43, 61.87, 0.0000, 70, 115, 55
L -1869.43, 61.87, 0.0000, -1875.85, 42.12, 0.0000, 70, 115, 55
L -1875.85, 42.12, 0.0000, -1869.43, 22.37, 0.0000, 70, 115, 55
L -1869.43, 22.37, 0.0000, -1852.63, 10.17, 0.0000, 70, 115, 55
L -1852.63, 10.17, 0.0000, -1831.87, 10.17, 0.0000, 70, 115, 55
L -1831.87, 10.17, 0.0000, -1815.07, 22.37, 0.0000, 70, 115, 55
L -1815.07, 22.37, 0.0000, -1808.65, 42.12, 0.0000, 70, 115, 55
L -1874.25, 38.12, 0.0000, -1910.25, 28.52, 0.0000, 70, 115, 55
L -1910.25, 28.52, 0.0000, -1871.05, 20.52, 0.0000, 70, 115, 55
L -1810.25, 38.12, 0.0000, -1774.25, 28.52, 0.0000, 70, 115, 55
L -1774.25, 28.52, 0.0000, -1813.45, 20.52, 0.0000, 70, 115, 55
L -1856.65, 38.12, 0.0000, -1850.25, 38.12, 0.0000, 70, 115, 55
L -1834.25, 38.12, 0.0000, -1827.85, 38.12, 0.0000, 70, 115, 55
L -1866.25, 75.72, 0.0000, -1882.25, 114.12, 0.0000, 70, 115, 55
L -1882.25, 114.12, 0.0000, -1874.25, 130.12, 0.0000, 70, 115, 55
L -1874.25, 130.12, 0.0000, -1810.25, 130.12, 0.0000, 70, 115, 55
L -1810.25, 130.12, 0.0000, -1802.25, 114.12, 0.0000, 70, 115, 55
L -1802.25, 114.12, 0.0000, -1818.25, 75.72, 0.0000, 70, 115, 55
L -1858.25, 130.12, 0.0000, -1859.85, 148.52, 0.0000, 70, 115, 55
L -1826.25, 130.12, 0.0000, -1824.65, 148.52, 0.0000, 70, 115, 55
L -1866.25, 148.52, 0.0000, -1853.45, 148.52, 0.0000, 70, 115, 55
L -1831.05, 148.52, 0.0000, -1818.25, 148.52, 0.0000, 70, 115, 55
L -1802.25, 126.12, 0.0000, -1776.65, 28.52, 0.0000, 110, 85, 55
L -1776.65, 28.52, 0.0000, -1784.65, 42.12, 0.0000, 70, 115, 55
L -1776.65, 28.52, 0.0000, -1768.65, 38.12, 0.0000, 70, 115, 55
L -1712.06, -978.84, 0.0000, -1719.29, -1006.39, 0.0000, 88, 112, 60
L -1719.29, -1006.39, 0.0000, -1739.88, -1029.75, 0.0000, 88, 112, 60
L -1739.88, -1029.75, 0.0000, -1770.70, -1045.36, 0.0000, 88, 112, 60
L -1770.70, -1045.36, 0.0000, -1807.06, -1050.84, 0.0000, 88, 112, 60
L -1807.06, -1050.84, 0.0000, -1843.41, -1045.36, 0.0000, 88, 112, 60
L -1843.41, -1045.36, 0.0000, -1874.23, -1029.75, 0.0000, 88, 112, 60
L -1874.23, -1029.75, 0.0000, -1894.83, -1006.39, 0.0000, 88, 112, 60
L -1894.83, -1006.39, 0.0000, -1902.06, -978.84, 0.0000, 88, 112, 60
L -1902.06, -978.84, 0.0000, -1712.06, -978.84, 0.0000, 88, 112, 60
L -1810.55, -1001.79, 0.0000, -1804.55, -1001.79, 0.0000, 52, 76, 40
L -1807.55, -1004.79, 0.0000, -1807.55, -998.79, 0.0000, 52, 76, 40
L -1805.43, -1002.70, 0.0000, -1799.43, -1002.70, 0.0000, 52, 76, 40
L -1802.43, -1005.70, 0.0000, -1802.43, -999.70, 0.0000, 52, 76, 40
L -1771.94, -1001.76, 0.0000, -1765.94, -1001.76, 0.0000, 52, 76, 40
L -1768.94, -1004.76, 0.0000, -1768.94, -998.76, 0.0000, 52, 76, 40
L -1832.70, -998.45, 0.0000, -1826.70, -998.45, 0.0000, 52, 76, 40
L -1829.70, -1001.45, 0.0000, -1829.70, -995.45, 0.0000, 52, 76, 40
L -1776.73, -1015.09, 0.0000, -1770.73, -1015.09, 0.0000, 52, 76, 40
L -1773.73, -1018.09, 0.0000, -1773.73, -1012.09, 0.0000, 52, 76, 40
L -1856.64, -1002.28, 0.0000, -1850.64, -1002.28, 0.0000, 52, 76, 40
L -1853.64, -1005.28, 0.0000, -1853.64, -999.28, 0.0000, 52, 76, 40
L -1821.31, -978.84, 0.0000, -1821.31, -1007.64, 0.0000, 52, 76, 40
L -1792.81, -978.84, 0.0000, -1792.81, -1007.64, 0.0000, 52, 76, 40
L -1821.31, -1007.64, 0.0000, -1792.81, -1007.64, 0.0000, 52, 76, 40
L -1708.34, 1067.49, 0.0000, -1715.57, 1039.94, 0.0000, 88, 112, 60
L -1715.57, 1039.94, 0.0000, -1736.17, 1016.58, 0.0000, 88, 112, 60
L -1736.17, 1016.58, 0.0000, -1766.99, 1000.97, 0.0000, 88, 112, 60
L -1766.99, 1000.97, 0.0000, -1803.34, 995.49, 0.0000, 88, 112, 60
L -1803.34, 995.49, 0.0000, -1839.70, 1000.97, 0.0000, 88, 112, 60
L -1839.70, 1000.97, 0.0000, -1870.52, 1016.58, 0.0000, 88, 112, 60
L -1870.52, 1016.58, 0.0000, -1891.11, 1039.94, 0.0000, 88, 112, 60
L -1891.11, 1039.94, 0.0000, -1898.34, 1067.49, 0.0000, 88, 112, 60
L -1898.34, 1067.49, 0.0000, -1708.34, 1067.49, 0.0000, 88, 112, 60
L -1748.15, 1039.00, 0.0000, -1742.15, 1039.00, 0.0000, 52, 76, 40
L -1745.15, 1036.00, 0.0000, -1745.15, 1042.00, 0.0000, 52, 76, 40
L -1790.56, 1043.52, 0.0000, -1784.56, 1043.52, 0.0000, 52, 76, 40
L -1787.56, 1040.52, 0.0000, -1787.56, 1046.52, 0.0000, 52, 76, 40
L -1774.19, 1045.68, 0.0000, -1768.19, 1045.68, 0.0000, 52, 76, 40
L -1771.19, 1042.68, 0.0000, -1771.19, 1048.68, 0.0000, 52, 76, 40
L -1830.09, 1045.91, 0.0000, -1824.09, 1045.91, 0.0000, 52, 76, 40
L -1827.09, 1042.91, 0.0000, -1827.09, 1048.91, 0.0000, 52, 76, 40
L -1816.84, 1023.61, 0.0000, -1810.84, 1023.61, 0.0000, 52, 76, 40
L -1813.84, 1020.61, 0.0000, -1813.84, 1026.61, 0.0000, 52, 76, 40
L -1791.24, 1027.79, 0.0000, -1785.24, 1027.79, 0.0000, 52, 76, 40
L -1788.24, 1024.79, 0.0000, -1788.24, 1030.79, 0.0000, 52, 76, 40
L -1817.59, 1067.49, 0.0000, -1817.59, 1038.69, 0.0000, 52, 76, 40
L -1789.09, 1067.49, 0.0000, -1789.09, 1038.69, 0.0000, 52, 76, 40
L -1817.59, 1038.69, 0.0000, -1789.09, 1038.69, 0.0000, 52, 76, 40
L -1792.63, 364.18, 0.0000, -1799.04, 383.93, 0.0000, 70, 115, 55
L -1799.04, 383.93, 0.0000, -1815.84, 396.14, 0.0000, 70, 115, 55
L -1815.84, 396.14, 0.0000, -1836.61, 396.14, 0.0000, 70, 115, 55
L -1836.61, 396.14, 0.0000, -1853.41, 383.93, 0.0000, 70, 115, 55
L -1853.41, 383.93, 0.0000, -1859.83, 364.18, 0.0000, 70, 115, 55
L -1859.83, 364.18, 0.0000, -1853.41, 344.43, 0.0000, 70, 115, 55
L -1853.41, 344.43, 0.0000, -1836.61, 332.23, 0.0000, 70, 115, 55
L -1836.61, 332.23, 0.0000, -1815.84, 332.23, 0.0000, 70, 115, 55
L -1815.84, 332.23, 0.0000, -1799.04, 344.43, 0.0000, 70, 115, 55
L -1799.04, 344.43, 0.0000, -1792.63, 364.18, 0.0000, 70, 115, 55
L -1858.23, 360.18, 0.0000, -1894.23, 350.58, 0.0000, 70, 115, 55
L -1894.23, 350.58, 0.0000, -1855.03, 342.58, 0.0000, 70, 115, 55
L -1794.23, 360.18, 0.0000, -1758.23, 350.58, 0.0000, 70, 115, 55
L -1758.23, 350.58, 0.0000, -1797.43, 342.58, 0.0000, 70, 115, 55
L -1840.63, 360.18, 0.0000, -1834.23, 360.18, 0.0000, 70, 115, 55
L -1818.23, 360.18, 0.0000, -1811.83, 360.18, 0.0000, 70, 115, 55
L -1850.23, 397.78, 0.0000, -1866.23, 436.18, 0.0000, 70, 115, 55
L -1866.23, 436.18, 0.0000, -1858.23, 452.18, 0.0000, 70, 115, 55
L -1858.23, 452.18, 0.0000, -1794.23, 452.18, 0.0000, 70, 115, 55
L -1794.23, 452.18, 0.0000, -1786.23, 436.18, 0.0000, 70, 115, 55
L -1786.23, 436.18, 0.0000, -1802.23, 397.78, 0.0000, 70, 115, 55
L -1842.23, 452.18, 0.0000, -1843.83, 470.58, 0.0000, 70, 115, 55
L -1810.23, 452.18, 0.0000, -1808.63, 470.58, 0.0000, 70, 115, 55
L -1850.23, 470.58, 0.0000, -1837.43, 470.58, 0.0000, 70, 115, 55
L -1815.03, 470.58, 0.0000, -1802.23, 470.58, 0.0000, 70, 115, 55
L -1786.23, 448.18, 0.0000, -1760.63, 350.58, 0.0000, 110, 85, 55
L -1760.63, 350.58, 0.0000, -1768.63, 364.18, 0.0000, 70, 115, 55
L -1760.63, 350.58, 0.0000, -1752.63, 360.18, 0.0000, 70, 115, 55
L -1766.03, -452.01, 0.0000, -1772.45, -432.26, 0.0000, 70, 115, 55
L -1772.45, -432.26, 0.0000, -1789.25, -420.06, 0.0000, 70, 115, 55
L -1789.25, -420.06, 0.0000, -1810.01, -420.06, 0.0000, 70, 115, 55
L -1810.01, -420.06, 0.0000, -1826.81, -432.26, 0.0000, 70, 115, 55
L -1826.81, -432.26, 0.0000, -1833.23, -452.01, 0.0000, 70, 115, 55
L -1833.23, -452.01, 0.0000, -1826.81, -471.76, 0.0000, 70, 115, 55
L -1826.81, -471.76, 0.0000, -1810.01, -483.97, 0.0000, 70, 115, 55
L -1810.01, -483.97, 0.0000, -1789.25, -483.97, 0.0000, 70, 115, 55
L -1789.25, -483.97, 0.0000, -1772.45, -471.76, 0.0000, 70, 115, 55
L -1772.45, -471.76, 0.0000, -1766.03, -452.01, 0.0000, 70, 115, 55
L -1831.63, -456.01, 0.0000, -1867.63, -465.61, 0.0000, 70, 115, 55
L -1867.63, -465.61, 0.0000, -1828.43, -473.61, 0.0000, 70, 115, 55
L -1767.63, -456.01, 0.0000, -1731.63, -465.61, 0.0000, 70, 115, 55
L -1731.63, -465.61, 0.0000, -1770.83, -473.61, 0.0000, 70, 115, 55
L -1814.03, -456.01, 0.0000, -1807.63, -456.01, 0.0000, 70, 115, 55
L -1791.63, -456.01, 0.0000, -1785.23, -456.01, 0.0000, 70, 115, 55
L -1823.63, -418.41, 0.0000, -1839.63, -380.01, 0.0000, 70, 115, 55
L -1839.63, -380.01, 0.0000, -1831.63, -364.01, 0.0000, 70, 115, 55
L -1831.63, -364.01, 0.0000, -1767.63, -364.01, 0.0000, 70, 115, 55
L -1767.63, -364.01, 0.0000, -1759.63, -380.01, 0.0000, 70, 115, 55
L -1759.63, -380.01, 0.0000, -1775.63, -418.41, 0.0000, 70, 115, 55
L -1815.63, -364.01, 0.0000, -1817.23, -345.61, 0.0000, 70, 115, 55
L -1783.63, -364.01, 0.0000, -1782.03, -345.61, 0.0000, 70, 115, 55
L -1823.63, -345.61, 0.0000, -1810.83, -345.61, 0.0000, 70, 115, 55
L -1788.43, -345.61, 0.0000, -1775.63, -345.61, 0.0000, 70, 115, 55
L -1759.63, -368.01, 0.0000, -1734.03, -465.61, 0.0000, 110, 85, 55
L -1734.03, -465.61, 0.0000, -1742.03, -452.01, 0.0000, 70, 115, 55
L -1734.03, -465.61, 0.0000, -1726.03, -456.01, 0.0000, 70, 115, 55
L 2986.47, -4.72, 0.0000, 2984.52, -18.52, 0.0000, 92, 120, 72
L 2984.52, -18.52, 0.0000, 2978.75, -31.62, 0.0000, 92, 120, 72
L 2978.75, -31.62, 0.0000, 2969.45, -43.38, 0.0000, 92, 120, 72
L 2969.45, -43.38, 0.0000, 2957.10, -53.20, 0.0000, 92, 120, 72
L 2957.10, -53.20, 0.0000, 2942.31, -60.58, 0.0000, 92, 120, 72
L 2942.31, -60.58, 0.0000, 2925.83, -65.17, 0.0000, 92, 120, 72
L 2925.83, -65.17, 0.0000, 2908.47, -66.72, 0.0000, 92, 120, 72
L 2908.47, -66.72, 0.0000, 2891.12, -65.17, 0.0000, 92, 120, 72
L 2891.12, -65.17, 0.0000, 2874.63, -60.58, 0.0000, 92, 120, 72
L 2874.63, -60.58, 0.0000, 2859.84, -53.20, 0.0000, 92, 120, 72
L 2859.84, -53.20, 0.0000, 2847.49, -43.38, 0.0000, 92, 120, 72
L 2847.49, -43.38, 0.0000, 2838.20, -31.62, 0.0000, 92, 120, 72
L 2838.20, -31.62, 0.0000, 2832.43, -18.52, 0.0000, 92, 120, 72
L 2832.43, -18.52, 0.0000, 2830.47, -4.72, 0.0000, 92, 120, 72
L 2830.47, -4.72, 0.0000, 2986.47, -4.72, 0.0000, 92, 120, 72
L 2830.86, -10.92, 0.0000, 2878.05, -10.92, 0.0000, 92, 120, 72
L 2938.89, -10.92, 0.0000, 2986.08, -10.92, 0.0000, 92, 120, 72
L 2832.33, -18.19, 0.0000, 2878.05, -18.19, 0.0000, 92, 120, 72
L 2938.89, -18.19, 0.0000, 2984.61, -18.19, 0.0000, 92, 120, 72
L 2834.96, -25.45, 0.0000, 2878.05, -25.45, 0.0000, 92, 120, 72
L 2938.89, -25.45, 0.0000, 2981.98, -25.45, 0.0000, 92, 120, 72
L 2838.87, -32.71, 0.0000, 2878.05, -32.71, 0.0000, 92, 120, 72
L 2938.89, -32.71, 0.0000, 2978.07, -32.71, 0.0000, 92, 120, 72
L 2844.31, -39.97, 0.0000, 2972.64, -39.97, 0.0000, 92, 120, 72
L 2851.70, -47.24, 0.0000, 2965.25, -47.24, 0.0000, 92, 120, 72
L 2861.97, -54.50, 0.0000, 2954.97, -54.50, 0.0000, 92, 120, 72
L 2877.90, -61.76, 0.0000, 2939.04, -61.76, 0.0000, 92, 120, 72
L 2877.27, -64.24, 0.0000, 2872.27, -76.24, 0.0000, 92, 120, 72
L 2908.47, -64.24, 0.0000, 2903.47, -76.24, 0.0000, 92, 120, 72
L 2939.67, -64.24, 0.0000, 2934.67, -76.24, 0.0000, 92, 120, 72
L 2931.87, -28.12, 0.0000, 2930.09, -37.08, 0.0000, 120, 85, 55
L 2930.09, -37.08, 0.0000, 2925.02, -44.67, 0.0000, 120, 85, 55
L 2925.02, -44.67, 0.0000, 2917.43, -49.74, 0.0000, 120, 85, 55
L 2917.43, -49.74, 0.0000, 2908.47, -51.52, 0.0000, 120, 85, 55
L 2908.47, -51.52, 0.0000, 2899.52, -49.74, 0.0000, 120, 85, 55
L 2899.52, -49.74, 0.0000, 2891.93, -44.67, 0.0000, 120, 85, 55
L 2891.93, -44.67, 0.0000, 2886.85, -37.08, 0.0000, 120, 85, 55
L 2886.85, -37.08, 0.0000, 2885.07, -28.12, 0.0000, 120, 85, 55
L 2885.07, -4.72, 0.0000, 2885.07, -28.12, 0.0000, 120, 85, 55
L 2931.87, -4.72, 0.0000, 2931.87, -28.12, 0.0000, 120, 85, 55
L 2885.07, -4.72, 0.0000, 2931.87, -4.72, 0.0000, 120, 85, 55
L 2917.83, -21.57, 0.0000, 2922.51, -21.57, 0.0000, 120, 85, 55
L 2942.03, -48.12, 0.0000, 2942.03, -74.12, 0.0000, 120, 85, 55
L 2956.03, -48.12, 0.0000, 2956.03, -74.12, 0.0000, 120, 85, 55
L 2942.03, -74.12, 0.0000, 2956.03, -74.12, 0.0000, 120, 85, 55
L 2949.03, -74.12, 0.0000, 2936.03, -90.12, 0.0000, 185, 180, 172
L 2936.03, -90.12, 0.0000, 2958.03, -106.12, 0.0000, 185, 180, 172
L 2958.03, -106.12, 0.0000, 2942.03, -122.12, 0.0000, 185, 180, 172
L 2913.49, 971.70, 0.0000, 2913.49, 919.20, 0.0000, 105, 80, 50
L 3003.85, 898.20, 0.0000, 3003.23, 960.21, 0.0000, 90, 120, 70
L 3003.23, 960.21, 0.0000, 2948.74, 991.54, 0.0000, 90, 120, 70
L 2948.74, 991.54, 0.0000, 2879.82, 999.11, 0.0000, 90, 120, 70
L 2879.82, 999.11, 0.0000, 2827.98, 958.26, 0.0000, 90, 120, 70
L 2827.98, 958.26, 0.0000, 2800.43, 898.20, 0.0000, 90, 120, 70
L 2800.43, 898.20, 0.0000, 2830.41, 834.68, 0.0000, 90, 120, 70
L 2830.41, 834.68, 0.0000, 2885.38, 794.41, 0.0000, 90, 120, 70
L 2885.38, 794.41, 0.0000, 2946.74, 786.54, 0.0000, 90, 120, 70
L 2946.74, 786.54, 0.0000, 3004.54, 841.00, 0.0000, 90, 120, 70
L 3004.54, 841.00, 0.0000, 3003.85, 898.20, 0.0000, 90, 120, 70
L 2996.74, 382.00, 0.0000, 2994.78, 368.21, 0.0000, 92, 120, 72
L 2994.78, 368.21, 0.0000, 2989.01, 355.10, 0.0000, 92, 120, 72
L 2989.01, 355.10, 0.0000, 2979.72, 343.35, 0.0000, 92, 120, 72
L 2979.72, 343.35, 0.0000, 2967.37, 333.53, 0.0000, 92, 120, 72
L 2967.37, 333.53, 0.0000, 2952.58, 326.14, 0.0000, 92, 120, 72
L 2952.58, 326.14, 0.0000, 2936.09, 321.56, 0.0000, 92, 120, 72
L 2936.09, 321.56, 0.0000, 2918.74, 320.00, 0.0000, 92, 120, 72
L 2918.74, 320.00, 0.0000, 2901.38, 321.56, 0.0000, 92, 120, 72
L 2901.38, 321.56, 0.0000, 2884.89, 326.14, 0.0000, 92, 120, 72
L 2884.89, 326.14, 0.0000, 2870.10, 333.53, 0.0000, 92, 120, 72
L 2870.10, 333.53, 0.0000, 2857.75, 343.35, 0.0000, 92, 120, 72
L 2857.75, 343.35, 0.0000, 2848.46, 355.10, 0.0000, 92, 120, 72
L 2848.46, 355.10, 0.0000, 2842.69, 368.21, 0.0000, 92, 120, 72
L 2842.69, 368.21, 0.0000, 2840.74, 382.00, 0.0000, 92, 120, 72
L 2840.74, 382.00, 0.0000, 2996.74, 382.00, 0.0000, 92, 120, 72
L 2841.13, 375.80, 0.0000, 2888.32, 375.80, 0.0000, 92, 120, 72
L 2949.16, 375.80, 0.0000, 2996.35, 375.80, 0.0000, 92, 120, 72
L 2842.60, 368.54, 0.0000, 2888.32, 368.54, 0.0000, 92, 120, 72
L 2949.16, 368.54, 0.0000, 2994.88, 368.54, 0.0000, 92, 120, 72
L 2845.22, 361.28, 0.0000, 2888.32, 361.28, 0.0000, 92, 120, 72
L 2949.16, 361.28, 0.0000, 2992.25, 361.28, 0.0000, 92, 120, 72
L 2849.14, 354.01, 0.0000, 2888.32, 354.01, 0.0000, 92, 120, 72
L 2949.16, 354.01, 0.0000, 2988.34, 354.01, 0.0000, 92, 120, 72
L 2854.57, 346.75, 0.0000, 2982.90, 346.75, 0.0000, 92, 120, 72
L 2861.96, 339.49, 0.0000, 2975.51, 339.49, 0.0000, 92, 120, 72
L 2872.24, 332.23, 0.0000, 2965.24, 332.23, 0.0000, 92, 120, 72
L 2888.17, 324.96, 0.0000, 2949.31, 324.96, 0.0000, 92, 120, 72
L 2887.54, 322.48, 0.0000, 2882.54, 310.48, 0.0000, 92, 120, 72
L 2918.74, 322.48, 0.0000, 2913.74, 310.48, 0.0000, 92, 120, 72
L 2949.94, 322.48, 0.0000, 2944.94, 310.48, 0.0000, 92, 120, 72
L 2942.14, 358.60, 0.0000, 2940.36, 349.65, 0.0000, 120, 85, 55
L 2940.36, 349.65, 0.0000, 2935.28, 342.06, 0.0000, 120, 85, 55
L 2935.28, 342.06, 0.0000, 2927.69, 336.98, 0.0000, 120, 85, 55
L 2927.69, 336.98, 0.0000, 2918.74, 335.20, 0.0000, 120, 85, 55
L 2918.74, 335.20, 0.0000, 2909.78, 336.98, 0.0000, 120, 85, 55
L 2909.78, 336.98, 0.0000, 2902.19, 342.06, 0.0000, 120, 85, 55
L 2902.19, 342.06, 0.0000, 2897.12, 349.65, 0.0000, 120, 85, 55
L 2897.12, 349.65, 0.0000, 2895.34, 358.60, 0.0000, 120, 85, 55
L 2895.34, 382.00, 0.0000, 2895.34, 358.60, 0.0000, 120, 85, 55
L 2942.14, 382.00, 0.0000, 2942.14, 358.60, 0.0000, 120, 85, 55
L 2895.34, 382.00, 0.0000, 2942.14, 382.00, 0.0000, 120, 85, 55
L 2928.10, 365.15, 0.0000, 2932.78, 365.15, 0.0000, 120, 85, 55
L 2952.30, 338.60, 0.0000, 2952.30, 312.60, 0.0000, 120, 85, 55
L 2966.30, 338.60, 0.0000, 2966.30, 312.60, 0.0000, 120, 85, 55
L 2952.30, 312.60, 0.0000, 2966.30, 312.60, 0.0000, 120, 85, 55
L 2959.30, 312.60, 0.0000, 2946.30, 296.60, 0.0000, 185, 180, 172
L 2946.30, 296.60, 0.0000, 2968.30, 280.60, 0.0000, 185, 180, 172
L 2968.30, 280.60, 0.0000, 2952.30, 264.60, 0.0000, 185, 180, 172
L 3055.38, 669.97, 0.0000, 3053.43, 656.17, 0.0000, 92, 120, 72
L 3053.43, 656.17, 0.0000, 3047.66, 643.07, 0.0000, 92, 120, 72
L 3047.66, 643.07, 0.0000, 3038.37, 631.31, 0.0000, 92, 120, 72
L 3038.37, 631.31, 0.0000, 3026.02, 621.50, 0.0000, 92, 120, 72
L 3026.02, 621.50, 0.0000, 3011.23, 614.11, 0.0000, 92, 120, 72
L 3011.23, 614.11, 0.0000, 2994.74, 609.52, 0.0000, 92, 120, 72
L 2994.74, 609.52, 0.0000, 2977.38, 607.97, 0.0000, 92, 120, 72
L 2977.38, 607.97, 0.0000, 2960.03, 609.52, 0.0000, 92, 120, 72
L 2960.03, 609.52, 0.0000, 2943.54, 614.11, 0.0000, 92, 120, 72
L 2943.54, 614.11, 0.0000, 2928.75, 621.50, 0.0000, 92, 120, 72
L 2928.75, 621.50, 0.0000, 2916.40, 631.31, 0.0000, 92, 120, 72
L 2916.40, 631.31, 0.0000, 2907.11, 643.07, 0.0000, 92, 120, 72
L 2907.11, 643.07, 0.0000, 2901.34, 656.17, 0.0000, 92, 120, 72
L 2901.34, 656.17, 0.0000, 2899.38, 669.97, 0.0000, 92, 120, 72
L 2899.38, 669.97, 0.0000, 3055.38, 669.97, 0.0000, 92, 120, 72
L 2899.77, 663.77, 0.0000, 2946.96, 663.77, 0.0000, 92, 120, 72
L 3007.80, 663.77, 0.0000, 3054.99, 663.77, 0.0000, 92, 120, 72
L 2901.24, 656.51, 0.0000, 2946.96, 656.51, 0.0000, 92, 120, 72
L 3007.80, 656.51, 0.0000, 3053.52, 656.51, 0.0000, 92, 120, 72
L 2903.87, 649.24, 0.0000, 2946.96, 649.24, 0.0000, 92, 120, 72
L 3007.80, 649.24, 0.0000, 3050.90, 649.24, 0.0000, 92, 120, 72
L 2907.78, 641.98, 0.0000, 2946.96, 641.98, 0.0000, 92, 120, 72
L 3007.80, 641.98, 0.0000, 3046.98, 641.98, 0.0000, 92, 120, 72
L 2913.22, 634.72, 0.0000, 3041.55, 634.72, 0.0000, 92, 120, 72
L 2920.61, 627.46, 0.0000, 3034.16, 627.46, 0.0000, 92, 120, 72
L 2930.88, 620.19, 0.0000, 3023.89, 620.19, 0.0000, 92, 120, 72
L 2946.81, 612.93, 0.0000, 3007.95, 612.93, 0.0000, 92, 120, 72
L 2946.18, 610.45, 0.0000, 2941.18, 598.45, 0.0000, 92, 120, 72
L 2977.38, 610.45, 0.0000, 2972.38, 598.45, 0.0000, 92, 120, 72
L 3008.58, 610.45, 0.0000, 3003.58, 598.45, 0.0000, 92, 120, 72
L 3000.78, 646.57, 0.0000, 2999.00, 637.62, 0.0000, 120, 85, 55
L 2999.00, 637.62, 0.0000, 2993.93, 630.02, 0.0000, 120, 85, 55
L 2993.93, 630.02, 0.0000, 2986.34, 624.95, 0.0000, 120, 85, 55
L 2986.34, 624.95, 0.0000, 2977.38, 623.17, 0.0000, 120, 85, 55
L 2977.38, 623.17, 0.0000, 2968.43, 624.95, 0.0000, 120, 85, 55
L 2968.43, 624.95, 0.0000, 2960.84, 630.02, 0.0000, 120, 85, 55
L 2960.84, 630.02, 0.0000, 2955.76, 637.62, 0.0000, 120, 85, 55
L 2955.76, 637.62, 0.0000, 2953.98, 646.57, 0.0000, 120, 85, 55
L 2953.98, 669.97, 0.0000, 2953.98, 646.57, 0.0000, 120, 85, 55
L 3000.78, 669.97, 0.0000, 3000.78, 646.57, 0.0000, 120, 85, 55
L 2953.98, 669.97, 0.0000, 3000.78, 669.97, 0.0000, 120, 85, 55
L 2986.74, 653.12, 0.0000, 2991.42, 653.12, 0.0000, 120, 85, 55
L 3010.94, 626.57, 0.0000, 3010.94, 600.57, 0.0000, 120, 85, 55
L 3024.94, 626.57, 0.0000, 3024.94, 600.57, 0.0000, 120, 85, 55
L 3010.94, 600.57, 0.0000, 3024.94, 600.57, 0.0000, 120, 85, 55
L 3017.94, 600.57, 0.0000, 3004.94, 584.57, 0.0000, 185, 180, 172
L 3004.94, 584.57, 0.0000, 3026.94, 568.57, 0.0000, 185, 180, 172
L 3026.94, 568.57, 0.0000, 3010.94, 552.57, 0.0000, 185, 180, 172
L 122.91, 1521.64, 0.0000, 238.41, 1521.64, 0.0000, 96, 88, 82
L 147.41, 1553.14, 0.0000, 239.81, 1553.14, 0.0000, 96, 88, 82
L 122.91, 1521.64, 0.0000, 147.41, 1553.14, 0.0000, 96, 88, 82
L 238.41, 1521.64, 0.0000, 260.81, 1510.44, 0.0000, 96, 88, 82
L 260.81, 1510.44, 0.0000, 290.91, 1518.84, 0.0000, 96, 88, 82
L 290.91, 1518.84, 0.0000, 287.41, 1528.64, 0.0000, 96, 88, 82
L 287.41, 1528.64, 0.0000, 259.41, 1527.24, 0.0000, 96, 88, 82
L 259.41, 1527.24, 0.0000, 239.81, 1553.14, 0.0000, 96, 88, 82
L 260.81, 1510.44, 0.0000, 258.01, 1493.64, 0.0000, 96, 88, 82
L 258.01, 1493.64, 0.0000, 269.21, 1509.04, 0.0000, 96, 88, 82
L 270.61, 1511.84, 0.0000, 269.21, 1496.44, 0.0000, 96, 88, 82
L 269.21, 1496.44, 0.0000, 279.01, 1513.24, 0.0000, 96, 88, 82
L 273.41, 1518.14, 0.0000, 276.91, 1518.14, 0.0000, 96, 88, 82
L 154.41, 1553.14, 0.0000, 154.41, 1598.64, 0.0000, 96, 88, 82
L 154.41, 1598.64, 0.0000, 162.81, 1598.64, 0.0000, 96, 88, 82
L 176.81, 1553.14, 0.0000, 176.81, 1598.64, 0.0000, 96, 88, 82
L 176.81, 1598.64, 0.0000, 185.21, 1598.64, 0.0000, 96, 88, 82
L 217.41, 1553.14, 0.0000, 217.41, 1598.64, 0.0000, 96, 88, 82
L 217.41, 1598.64, 0.0000, 225.81, 1598.64, 0.0000, 96, 88, 82
L 235.61, 1553.14, 0.0000, 235.61, 1598.64, 0.0000, 96, 88, 82
L 235.61, 1598.64, 0.0000, 244.01, 1598.64, 0.0000, 96, 88, 82
L 122.91, 1527.24, 0.0000, 91.41, 1539.14, 0.0000, 96, 88, 82
L 91.41, 1539.14, 0.0000, 80.91, 1563.64, 0.0000, 96, 88, 82
L 122.91, 1535.64, 0.0000, 97.01, 1551.04, 0.0000, 96, 88, 82
L 97.01, 1551.04, 0.0000, 87.91, 1565.04, 0.0000, 96, 88, 82
L -900.54, 1483.99, 0.0000, -785.04, 1483.99, 0.0000, 96, 88, 82
L -876.04, 1515.49, 0.0000, -783.64, 1515.49, 0.0000, 96, 88, 82
L -900.54, 1483.99, 0.0000, -876.04, 1515.49, 0.0000, 96, 88, 82
L -785.04, 1483.99, 0.0000, -762.64, 1472.79, 0.0000, 96, 88, 82
L -762.64, 1472.79, 0.0000, -732.54, 1481.19, 0.0000, 96, 88, 82
L -732.54, 1481.19, 0.0000, -736.04, 1490.99, 0.0000, 96, 88, 82
L -736.04, 1490.99, 0.0000, -764.04, 1489.59, 0.0000, 96, 88, 82
L -764.04, 1489.59, 0.0000, -783.64, 1515.49, 0.0000, 96, 88, 82
L -762.64, 1472.79, 0.0000, -765.44, 1455.99, 0.0000, 96, 88, 82
L -765.44, 1455.99, 0.0000, -754.24, 1471.39, 0.0000, 96, 88, 82
L -752.84, 1474.19, 0.0000, -754.24, 1458.79, 0.0000, 96, 88, 82
L -754.24, 1458.79, 0.0000, -744.44, 1475.59, 0.0000, 96, 88, 82
L -750.04, 1480.49, 0.0000, -746.54, 1480.49, 0.0000, 96, 88, 82
L -869.04, 1515.49, 0.0000, -869.04, 1560.99, 0.0000, 96, 88, 82
L -869.04, 1560.99, 0.0000, -860.64, 1560.99, 0.0000, 96, 88, 82
L -846.64, 1515.49, 0.0000, -846.64, 1560.99, 0.0000, 96, 88, 82
L -846.64, 1560.99, 0.0000, -838.24, 1560.99, 0.0000, 96, 88, 82
L -806.04, 1515.49, 0.0000, -806.04, 1560.99, 0.0000, 96, 88, 82
L -806.04, 1560.99, 0.0000, -797.64, 1560.99, 0.0000, 96, 88, 82
L -787.84, 1515.49, 0.0000, -787.84, 1560.99, 0.0000, 96, 88, 82
L -787.84, 1560.99, 0.0000, -779.44, 1560.99, 0.0000, 96, 88, 82
L -900.54, 1489.59, 0.0000, -932.04, 1501.49, 0.0000, 96, 88, 82
L -932.04, 1501.49, 0.0000, -942.54, 1525.99, 0.0000, 96, 88, 82
L -900.54, 1497.99, 0.0000, -926.44, 1513.39, 0.0000, 96, 88, 82
L -926.44, 1513.39, 0.0000, -935.54, 1527.39, 0.0000, 96, 88, 82
L -414.31, 1608.88, 0.0000, -434.71, 1618.61, 0.0000, 88, 112, 124
L -434.71, 1618.61, 0.0000, -462.07, 1622.00, 0.0000, 88, 112, 124
L -462.07, 1622.00, 0.0000, -489.20, 1618.18, 0.0000, 88, 112, 124
L -489.20, 1618.18, 0.0000, -508.97, 1608.13, 0.0000, 88, 112, 124
L -508.97, 1608.13, 0.0000, -516.20, 1594.51, 0.0000, 88, 112, 124
L -516.20, 1594.51, 0.0000, -508.97, 1580.88, 0.0000, 88, 112, 124
L -508.97, 1580.88, 0.0000, -489.20, 1570.84, 0.0000, 88, 112, 124
L -489.20, 1570.84, 0.0000, -462.07, 1567.01, 0.0000, 88, 112, 124
L -462.07, 1567.01, 0.0000, -434.71, 1570.41, 0.0000, 88, 112, 124
L -434.71, 1570.41, 0.0000, -414.31, 1580.13, 0.0000, 88, 112, 124
L -507.95, 1579.11, 0.0000, -538.20, 1571.41, 0.0000, 88, 112, 124
L -507.95, 1609.91, 0.0000, -538.20, 1617.61, 0.0000, 88, 112, 124
L -538.20, 1571.41, 0.0000, -538.20, 1617.61, 0.0000, 88, 112, 124
L -455.70, 1567.01, 0.0000, -439.20, 1550.51, 0.0000, 88, 112, 124
L -439.20, 1550.51, 0.0000, -430.95, 1569.76, 0.0000, 88, 112, 124
L -430.95, 1590.11, 0.0000, -427.10, 1590.11, 0.0000, 88, 112, 124
L -851.55, -1358.15, 0.0000, -851.55, -1628.15, 0.0000, 110, 85, 55
L -843.55, -1348.15, 0.0000, -843.55, -1618.15, 0.0000, 150, 120, 70
L -851.55, -1628.15, 0.0000, -762.45, -1479.65, 0.0000, 110, 85, 55
L -843.55, -1618.15, 0.0000, -754.45, -1469.65, 0.0000, 150, 120, 70
L -762.45, -1479.65, 0.0000, -673.35, -1628.15, 0.0000, 110, 85, 55
L -754.45, -1469.65, 0.0000, -665.35, -1618.15, 0.0000, 150, 120, 70
L -673.35, -1628.15, 0.0000, -673.35, -1358.15, 0.0000, 110, 85, 55
L -665.35, -1618.15, 0.0000, -665.35, -1348.15, 0.0000, 150, 120, 70
L -540.25, -1358.15, 0.0000, -540.25, -1628.15, 0.0000, 110, 85, 55
L -532.25, -1348.15, 0.0000, -532.25, -1618.15, 0.0000, 150, 120, 70
L -593.71, -1628.15, 0.0000, -486.79, -1628.15, 0.0000, 110, 85, 55
L -585.71, -1618.15, 0.0000, -478.79, -1618.15, 0.0000, 150, 120, 70
L -593.71, -1358.15, 0.0000, -486.79, -1358.15, 0.0000, 110, 85, 55
L -585.71, -1348.15, 0.0000, -478.79, -1348.15, 0.0000, 150, 120, 70
L -228.95, -1587.65, 0.0000, -264.59, -1628.15, 0.0000, 110, 85, 55
L -220.95, -1577.65, 0.0000, -256.59, -1618.15, 0.0000, 150, 120, 70
L -264.59, -1628.15, 0.0000, -371.51, -1628.15, 0.0000, 110, 85, 55
L -256.59, -1618.15, 0.0000, -363.51, -1618.15, 0.0000, 150, 120, 70
L -371.51, -1628.15, 0.0000, -407.15, -1579.55, 0.0000, 110, 85, 55
L -363.51, -1618.15, 0.0000, -399.15, -1569.55, 0.0000, 150, 120, 70
L -407.15, -1579.55, 0.0000, -407.15, -1520.15, 0.0000, 110, 85, 55
L -399.15, -1569.55, 0.0000, -399.15, -1510.15, 0.0000, 150, 120, 70
L -407.15, -1520.15, 0.0000, -371.51, -1493.15, 0.0000, 110, 85, 55
L -399.15, -1510.15, 0.0000, -363.51, -1483.15, 0.0000, 150, 120, 70
L -371.51, -1493.15, 0.0000, -264.59, -1493.15, 0.0000, 110, 85, 55
L -363.51, -1483.15, 0.0000, -256.59, -1483.15, 0.0000, 150, 120, 70
L -264.59, -1493.15, 0.0000, -228.95, -1460.75, 0.0000, 110, 85, 55
L -256.59, -1483.15, 0.0000, -220.95, -1450.75, 0.0000, 150, 120, 70
L -228.95, -1460.75, 0.0000, -228.95, -1401.35, 0.0000, 110, 85, 55
L -220.95, -1450.75, 0.0000, -220.95, -1391.35, 0.0000, 150, 120, 70
L -228.95, -1401.35, 0.0000, -264.59, -1358.15, 0.0000, 110, 85, 55
L -220.95, -1391.35, 0.0000, -256.59, -1348.15, 0.0000, 150, 120, 70
L -264.59, -1358.15, 0.0000, -371.51, -1358.15, 0.0000, 110, 85, 55
L -256.59, -1348.15, 0.0000, -363.51, -1348.15, 0.0000, 150, 120, 70
L -371.51, -1358.15, 0.0000, -407.15, -1401.35, 0.0000, 110, 85, 55
L -363.51, -1348.15, 0.0000, -399.15, -1391.35, 0.0000, 150, 120, 70
L -184.95, -1628.15, 0.0000, -6.75, -1628.15, 0.0000, 110, 85, 55
L -176.95, -1618.15, 0.0000, 1.25, -1618.15, 0.0000, 150, 120, 70
L -95.85, -1628.15, 0.0000, -95.85, -1358.15, 0.0000, 110, 85, 55
L -87.85, -1618.15, 0.0000, -87.85, -1348.15, 0.0000, 150, 120, 70
L 37.25, -1628.15, 0.0000, 126.35, -1493.15, 0.0000, 110, 85, 55
L 45.25, -1618.15, 0.0000, 134.35, -1483.15, 0.0000, 150, 120, 70
L 126.35, -1493.15, 0.0000, 215.45, -1628.15, 0.0000, 110, 85, 55
L 134.35, -1483.15, 0.0000, 223.45, -1618.15, 0.0000, 150, 120, 70
L 126.35, -1493.15, 0.0000, 126.35, -1358.15, 0.0000, 110, 85, 55
L 134.35, -1483.15, 0.0000, 134.35, -1348.15, 0.0000, 150, 120, 70
L 481.65, -1628.15, 0.0000, 659.85, -1628.15, 0.0000, 110, 85, 55
L 489.65, -1618.15, 0.0000, 667.85, -1618.15, 0.0000, 150, 120, 70
L 570.75, -1628.15, 0.0000, 570.75, -1358.15, 0.0000, 110, 85, 55
L 578.75, -1618.15, 0.0000, 578.75, -1348.15, 0.0000, 150, 120, 70
L 703.85, -1358.15, 0.0000, 703.85, -1628.15, 0.0000, 110, 85, 55
L 711.85, -1348.15, 0.0000, 711.85, -1618.15, 0.0000, 150, 120, 70
L 882.05, -1358.15, 0.0000, 882.05, -1628.15, 0.0000, 110, 85, 55
L 890.05, -1348.15, 0.0000, 890.05, -1618.15, 0.0000, 150, 120, 70
L 703.85, -1493.15, 0.0000, 882.05, -1493.15, 0.0000, 110, 85, 55
L 711.85, -1483.15, 0.0000, 890.05, -1483.15, 0.0000, 150, 120, 70
L 1015.15, -1358.15, 0.0000, 1015.15, -1628.15, 0.0000, 110, 85, 55
L 1023.15, -1348.15, 0.0000, 1023.15, -1618.15, 0.0000, 150, 120, 70
L 961.69, -1628.15, 0.0000, 1068.61, -1628.15, 0.0000, 110, 85, 55
L 969.69, -1618.15, 0.0000, 1076.61, -1618.15, 0.0000, 150, 120, 70
L 961.69, -1358.15, 0.0000, 1068.61, -1358.15, 0.0000, 110, 85, 55
L 969.69, -1348.15, 0.0000, 1076.61, -1348.15, 0.0000, 150, 120, 70
L 1317.54, -1574.15, 0.0000, 1272.99, -1628.15, 0.0000, 110, 85, 55
L 1325.54, -1564.15, 0.0000, 1280.99, -1618.15, 0.0000, 150, 120, 70
L 1272.99, -1628.15, 0.0000, 1192.80, -1628.15, 0.0000, 110, 85, 55
L 1280.99, -1618.15, 0.0000, 1200.80, -1618.15, 0.0000, 150, 120, 70
L 1192.80, -1628.15, 0.0000, 1148.25, -1547.15, 0.0000, 110, 85, 55
L 1200.80, -1618.15, 0.0000, 1156.25, -1537.15, 0.0000, 150, 120, 70
L 1148.25, -1547.15, 0.0000, 1148.25, -1439.15, 0.0000, 110, 85, 55
L 1156.25, -1537.15, 0.0000, 1156.25, -1429.15, 0.0000, 150, 120, 70
L 1148.25, -1439.15, 0.0000, 1192.80, -1358.15, 0.0000, 110, 85, 55
L 1156.25, -1429.15, 0.0000, 1200.80, -1348.15, 0.0000, 150, 120, 70
L 1192.80, -1358.15, 0.0000, 1272.99, -1358.15, 0.0000, 110, 85, 55
L 1200.80, -1348.15, 0.0000, 1280.99, -1348.15, 0.0000, 150, 120, 70
L 1272.99, -1358.15, 0.0000, 1317.54, -1412.15, 0.0000, 110, 85, 55
L 1280.99, -1348.15, 0.0000, 1325.54, -1402.15, 0.0000, 150, 120, 70
L 1370.45, -1358.15, 0.0000, 1370.45, -1628.15, 0.0000, 110, 85, 55
L 1378.45, -1348.15, 0.0000, 1378.45, -1618.15, 0.0000, 150, 120, 70
L 1370.45, -1479.65, 0.0000, 1521.92, -1628.15, 0.0000, 110, 85, 55
L 1378.45, -1469.65, 0.0000, 1529.92, -1618.15, 0.0000, 150, 120, 70
L 1415.00, -1506.65, 0.0000, 1530.83, -1358.15, 0.0000, 110, 85, 55
L 1423.00, -1496.65, 0.0000, 1538.83, -1348.15, 0.0000, 150, 120, 70
L 1770.85, -1628.15, 0.0000, 1592.65, -1628.15, 0.0000, 110, 85, 55
L 1778.85, -1618.15, 0.0000, 1600.65, -1618.15, 0.0000, 150, 120, 70
L 1592.65, -1628.15, 0.0000, 1592.65, -1358.15, 0.0000, 110, 85, 55
L 1600.65, -1618.15, 0.0000, 1600.65, -1348.15, 0.0000, 150, 120, 70
L 1592.65, -1358.15, 0.0000, 1770.85, -1358.15, 0.0000, 110, 85, 55
L 1600.65, -1348.15, 0.0000, 1778.85, -1348.15, 0.0000, 150, 120, 70
L 1592.65, -1493.15, 0.0000, 1717.39, -1493.15, 0.0000, 110, 85, 55
L 1600.65, -1483.15, 0.0000, 1725.39, -1483.15, 0.0000, 150, 120, 70
L 1814.85, -1628.15, 0.0000, 1993.05, -1628.15, 0.0000, 110, 85, 55
L 1822.85, -1618.15, 0.0000, 2001.05, -1618.15, 0.0000, 150, 120, 70
L 1903.95, -1628.15, 0.0000, 1903.95, -1358.15, 0.0000, 110, 85, 55
L 1911.95, -1618.15, 0.0000, 1911.95, -1348.15, 0.0000, 150, 120, 70
L -881.55, -1312.15, 0.0000, 2023.05, -1312.15, 0.0000, 150, 120, 70
L -881.55, -1670.15, 0.0000, 2023.05, -1670.15, 0.0000, 150, 120, 70
L 3122.44, -918.09, 0.0000, 3119.56, -885.10, 0.0000, 95, 70, 45
L 3119.56, -885.10, 0.0000, 3110.98, -853.11, 0.0000, 95, 70, 45
L 3110.98, -853.11, 0.0000, 3096.99, -823.09, 0.0000, 95, 70, 45
L 3096.99, -823.09, 0.0000, 3077.99, -795.96, 0.0000, 95, 70, 45
L 3077.99, -795.96, 0.0000, 3054.57, -772.54, 0.0000, 95, 70, 45
L 3054.57, -772.54, 0.0000, 3027.44, -753.55, 0.0000, 95, 70, 45
L 3027.44, -753.55, 0.0000, 2997.43, -739.55, 0.0000, 95, 70, 45
L 2997.43, -739.55, 0.0000, 2965.44, -730.98, 0.0000, 95, 70, 45
L 2965.44, -730.98, 0.0000, 2932.44, -728.09, 0.0000, 95, 70, 45
L 2932.44, -728.09, 0.0000, 2899.45, -730.98, 0.0000, 95, 70, 45
L 2899.45, -730.98, 0.0000, 2867.46, -739.55, 0.0000, 95, 70, 45
L 2867.46, -739.55, 0.0000, 2837.44, -753.55, 0.0000, 95, 70, 45
L 2837.44, -753.55, 0.0000, 2810.31, -772.54, 0.0000, 95, 70, 45
L 2810.31, -772.54, 0.0000, 2786.89, -795.96, 0.0000, 95, 70, 45
L 2786.89, -795.96, 0.0000, 2767.90, -823.09, 0.0000, 95, 70, 45
L 2767.90, -823.09, 0.0000, 2753.90, -853.11, 0.0000, 95, 70, 45
L 2753.90, -853.11, 0.0000, 2745.33, -885.10, 0.0000, 95, 70, 45
L 2745.33, -885.10, 0.0000, 2742.44, -918.09, 0.0000, 95, 70, 45
L 2742.44, -918.09, 0.0000, 2745.33, -951.08, 0.0000, 95, 70, 45
L 2745.33, -951.08, 0.0000, 2753.90, -983.07, 0.0000, 95, 70, 45
L 2753.90, -983.07, 0.0000, 2767.90, -1013.09, 0.0000, 95, 70, 45
L 2767.90, -1013.09, 0.0000, 2786.89, -1040.22, 0.0000, 95, 70, 45
L 2786.89, -1040.22, 0.0000, 2810.31, -1063.64, 0.0000, 95, 70, 45
L 2810.31, -1063.64, 0.0000, 2837.44, -1082.63, 0.0000, 95, 70, 45
L 2837.44, -1082.63, 0.0000, 2867.46, -1096.63, 0.0000, 95, 70, 45
L 2867.46, -1096.63, 0.0000, 2899.45, -1105.20, 0.0000, 95, 70, 45
L 2899.45, -1105.20, 0.0000, 2932.44, -1108.09, 0.0000, 95, 70, 45
L 2932.44, -1108.09, 0.0000, 2965.44, -1105.20, 0.0000, 95, 70, 45
L 2965.44, -1105.20, 0.0000, 2997.43, -1096.63, 0.0000, 95, 70, 45
L 2997.43, -1096.63, 0.0000, 3027.44, -1082.63, 0.0000, 95, 70, 45
L 3027.44, -1082.63, 0.0000, 3054.57, -1063.64, 0.0000, 95, 70, 45
L 3054.57, -1063.64, 0.0000, 3077.99, -1040.22, 0.0000, 95, 70, 45
L 3077.99, -1040.22, 0.0000, 3096.99, -1013.09, 0.0000, 95, 70, 45
L 3096.99, -1013.09, 0.0000, 3110.98, -983.07, 0.0000, 95, 70, 45
L 3110.98, -983.07, 0.0000, 3119.56, -951.08, 0.0000, 95, 70, 45
L 3119.56, -951.08, 0.0000, 3122.44, -918.09, 0.0000, 95, 70, 45
L 3147.14, -918.09, 0.0000, 3143.88, -880.81, 0.0000, 120, 140, 80
L 3143.88, -880.81, 0.0000, 3134.19, -844.66, 0.0000, 120, 140, 80
L 3134.19, -844.66, 0.0000, 3118.38, -810.74, 0.0000, 120, 140, 80
L 3118.38, -810.74, 0.0000, 3096.91, -780.08, 0.0000, 120, 140, 80
L 3096.91, -780.08, 0.0000, 3070.45, -753.62, 0.0000, 120, 140, 80
L 3070.45, -753.62, 0.0000, 3039.79, -732.15, 0.0000, 120, 140, 80
L 3039.79, -732.15, 0.0000, 3005.87, -716.34, 0.0000, 120, 140, 80
L 3005.87, -716.34, 0.0000, 2969.72, -706.65, 0.0000, 120, 140, 80
L 2969.72, -706.65, 0.0000, 2932.44, -703.39, 0.0000, 120, 140, 80
L 2932.44, -703.39, 0.0000, 2895.16, -706.65, 0.0000, 120, 140, 80
L 2895.16, -706.65, 0.0000, 2859.01, -716.34, 0.0000, 120, 140, 80
L 2859.01, -716.34, 0.0000, 2825.09, -732.15, 0.0000, 120, 140, 80
L 2825.09, -732.15, 0.0000, 2794.44, -753.62, 0.0000, 120, 140, 80
L 2794.44, -753.62, 0.0000, 2767.97, -780.08, 0.0000, 120, 140, 80
L 2767.97, -780.08, 0.0000, 2746.51, -810.74, 0.0000, 120, 140, 80
L 2746.51, -810.74, 0.0000, 2730.69, -844.66, 0.0000, 120, 140, 80
L 2730.69, -844.66, 0.0000, 2721.00, -880.81, 0.0000, 120, 140, 80
L 2721.00, -880.81, 0.0000, 2717.74, -918.09, 0.0000, 120, 140, 80
L 2717.74, -918.09, 0.0000, 2721.00, -955.37, 0.0000, 120, 140, 80
L 2721.00, -955.37, 0.0000, 2730.69, -991.52, 0.0000, 120, 140, 80
L 2730.69, -991.52, 0.0000, 2746.51, -1025.44, 0.0000, 120, 140, 80
L 2746.51, -1025.44, 0.0000, 2767.97, -1056.10, 0.0000, 120, 140, 80
L 2767.97, -1056.10, 0.0000, 2794.44, -1082.56, 0.0000, 120, 140, 80
L 2794.44, -1082.56, 0.0000, 2825.09, -1104.03, 0.0000, 120, 140, 80
L 2825.09, -1104.03, 0.0000, 2859.01, -1119.84, 0.0000, 120, 140, 80
L 2859.01, -1119.84, 0.0000, 2895.16, -1129.53, 0.0000, 120, 140, 80
L 2895.16, -1129.53, 0.0000, 2932.44, -1132.79, 0.0000, 120, 140, 80
L 2932.44, -1132.79, 0.0000, 2969.72, -1129.53, 0.0000, 120, 140, 80
L 2969.72, -1129.53, 0.0000, 3005.87, -1119.84, 0.0000, 120, 140, 80
L 3005.87, -1119.84, 0.0000, 3039.79, -1104.03, 0.0000, 120, 140, 80
L 3039.79, -1104.03, 0.0000, 3070.45, -1082.56, 0.0000, 120, 140, 80
L 3070.45, -1082.56, 0.0000, 3096.91, -1056.10, 0.0000, 120, 140, 80
L 3096.91, -1056.10, 0.0000, 3118.38, -1025.44, 0.0000, 120, 140, 80
L 3118.38, -1025.44, 0.0000, 3134.19, -991.52, 0.0000, 120, 140, 80
L 3134.19, -991.52, 0.0000, 3143.88, -955.37, 0.0000, 120, 140, 80
L 3143.88, -955.37, 0.0000, 3147.14, -918.09, 0.0000, 120, 140, 80
L 2932.44, -918.09, 0.0000, 2932.44, -1108.09, 0.0000, 95, 70, 45
L 2932.44, -918.09, 0.0000, 3013.05, -998.70, 0.0000, 120, 140, 80
L 2932.44, -918.09, 0.0000, 3122.44, -918.09, 0.0000, 95, 70, 45
L 2932.44, -918.09, 0.0000, 3013.05, -837.48, 0.0000, 120, 140, 80
L 2932.44, -918.09, 0.0000, 2932.44, -728.09, 0.0000, 95, 70, 45
L 2932.44, -918.09, 0.0000, 2851.83, -837.48, 0.0000, 120, 140, 80
L 2932.44, -918.09, 0.0000, 2742.44, -918.09, 0.0000, 95, 70, 45
L 2932.44, -918.09, 0.0000, 2851.83, -998.70, 0.0000, 120, 140, 80
L 2959.80, -918.09, 0.0000, 2956.14, -904.41, 0.0000, 215, 165, 75
L 2956.14, -904.41, 0.0000, 2946.12, -894.40, 0.0000, 215, 165, 75
L 2946.12, -894.40, 0.0000, 2932.44, -890.73, 0.0000, 215, 165, 75
L 2932.44, -890.73, 0.0000, 2918.76, -894.40, 0.0000, 215, 165, 75
L 2918.76, -894.40, 0.0000, 2908.75, -904.41, 0.0000, 215, 165, 75
L 2908.75, -904.41, 0.0000, 2905.08, -918.09, 0.0000, 215, 165, 75
L 2905.08, -918.09, 0.0000, 2908.75, -931.77, 0.0000, 215, 165, 75
L 2908.75, -931.77, 0.0000, 2918.76, -941.78, 0.0000, 215, 165, 75
L 2918.76, -941.78, 0.0000, 2932.44, -945.45, 0.0000, 215, 165, 75
L 2932.44, -945.45, 0.0000, 2946.12, -941.78, 0.0000, 215, 165, 75
L 2946.12, -941.78, 0.0000, 2956.14, -931.77, 0.0000, 215, 165, 75
L 2956.14, -931.77, 0.0000, 2959.80, -918.09, 0.0000, 215, 165, 75
L 2962.84, -918.09, 0.0000, 2993.24, -918.09, 0.0000, 215, 165, 75
L 2958.77, -902.89, 0.0000, 2985.10, -887.69, 0.0000, 90, 120, 70
L 2947.64, -891.76, 0.0000, 2962.84, -865.44, 0.0000, 90, 120, 70
L 2932.44, -887.69, 0.0000, 2932.44, -857.29, 0.0000, 215, 165, 75
L 2917.24, -891.76, 0.0000, 2902.04, -865.44, 0.0000, 90, 120, 70
L 2906.11, -902.89, 0.0000, 2879.79, -887.69, 0.0000, 90, 120, 70
L 2902.04, -918.09, 0.0000, 2871.64, -918.09, 0.0000, 215, 165, 75
L 2906.11, -933.29, 0.0000, 2879.79, -948.49, 0.0000, 90, 120, 70
L 2917.24, -944.42, 0.0000, 2902.04, -970.74, 0.0000, 90, 120, 70
L 2932.44, -948.49, 0.0000, 2932.44, -978.89, 0.0000, 215, 165, 75
L 2947.64, -944.42, 0.0000, 2962.84, -970.74, 0.0000, 90, 120, 70
L 2958.77, -933.29, 0.0000, 2985.10, -948.49, 0.0000, 90, 120, 70
L 2932.44, -1013.09, 0.0000, 2932.44, -1089.09, 0.0000, 95, 70, 45
L 2924.44, -1070.09, 0.0000, 2932.44, -1096.69, 0.0000, 95, 70, 45
L 2940.44, -1070.09, 0.0000, 2932.44, -1096.69, 0.0000, 95, 70, 45
P 2932.44, -1161.29, 0.0000, 95, 70, 45, 3, N
P 2932.44, -674.89, 0.0000, 95, 70, 45, 1, S
P 3175.64, -918.09, 0.0000, 95, 70, 45, 1, E
P 2689.24, -918.09, 0.0000, 95, 70, 45, 1, W
