L -600.00, -279.88, 0.0000, -600.00, 447.81, 0.0000, 120, 120, 142
L -480.00, -279.88, 0.0000, -480.00, 447.81, 0.0000, 120, 120, 142
L -360.00, -279.88, 0.0000, -360.00, 447.81, 0.0000, 120, 120, 142
L -240.00, -279.88, 0.0000, -240.00, 447.81, 0.0000, 120, 120, 142
L -120.00, -279.88, 0.0000, -120.00, 447.81, 0.0000, 120, 120, 142
L 0.00, -279.88, 0.0000, 0.00, 447.81, 0.0000, 120, 120, 142
L 120.00, -279.88, 0.0000, 120.00, 447.81, 0.0000, 120, 120, 142
L -615.75, -120.00, 0.0000, 195.91, -120.00, 0.0000, 120, 120, 142
L -615.75, 0.00, 0.0000, 195.91, 0.00, 0.0000, 120, 120, 142
L -615.75, 120.00, 0.0000, 195.91, 120.00, 0.0000, 120, 120, 142
L -615.75, 240.00, 0.0000, 195.91, 240.00, 0.0000, 120, 120, 142
L -615.75, 360.00, 0.0000, 195.91, 360.00, 0.0000, 120, 120, 142
L -615.75, 447.81, 0.0000, 195.91, 447.81, 0.0000, 120, 120, 142
L -615.75, -279.88, 0.0000, -615.75, 447.81, 0.0000, 120, 120, 142
L 195.91, -279.88, 0.0000, 195.91, 447.81, 0.0000, 120, 120, 142
L -765.75, -429.88, 0.0000, -642.23, -405.71, 0.0000, 56, 52, 76
L -642.23, -405.71, 0.0000, -518.71, -429.88, 0.0000, 56, 52, 76
L -518.71, -429.88, 0.0000, -395.20, -412.04, 0.0000, 56, 52, 76
L -395.20, -412.04, 0.0000, -271.68, -429.88, 0.0000, 56, 52, 76
L -271.68, -429.88, 0.0000, -148.16, -417.62, 0.0000, 56, 52, 76
L -148.16, -417.62, 0.0000, -24.64, -429.88, 0.0000, 56, 52, 76
L -24.64, -429.88, 0.0000, 98.87, -404.13, 0.0000, 56, 52, 76
L 98.87, -404.13, 0.0000, 222.39, -429.88, 0.0000, 56, 52, 76
L 222.39, -429.88, 0.0000, 345.91, -418.25, 0.0000, 56, 52, 76
L 345.91, -429.88, 0.0000, 319.15, -301.42, 0.0000, 56, 52, 76
L 319.15, -301.42, 0.0000, 345.91, -172.96, 0.0000, 56, 52, 76
L 345.91, -172.96, 0.0000, 332.50, -44.50, 0.0000, 56, 52, 76
L 332.50, -44.50, 0.0000, 345.91, 83.97, 0.0000, 56, 52, 76
L 345.91, 83.97, 0.0000, 320.61, 212.43, 0.0000, 56, 52, 76
L 320.61, 212.43, 0.0000, 345.91, 340.89, 0.0000, 56, 52, 76
L 345.91, 340.89, 0.0000, 334.38, 469.35, 0.0000, 56, 52, 76
L 334.38, 469.35, 0.0000, 345.91, 597.81, 0.0000, 56, 52, 76
L 345.91, 597.81, 0.0000, 222.39, 582.10, 0.0000, 56, 52, 76
L 222.39, 582.10, 0.0000, 98.87, 597.81, 0.0000, 56, 52, 76
L 98.87, 597.81, 0.0000, -24.64, 573.71, 0.0000, 56, 52, 76
L -24.64, 573.71, 0.0000, -148.16, 597.81, 0.0000, 56, 52, 76
L -148.16, 597.81, 0.0000, -271.68, 584.44, 0.0000, 56, 52, 76
L -271.68, 584.44, 0.0000, -395.20, 597.81, 0.0000, 56, 52, 76
L -395.20, 597.81, 0.0000, -518.71, 586.22, 0.0000, 56, 52, 76
L -518.71, 586.22, 0.0000, -642.23, 597.81, 0.0000, 56, 52, 76
L -642.23, 597.81, 0.0000, -765.75, 572.29, 0.0000, 56, 52, 76
L -765.75, 597.81, 0.0000, -739.16, 469.35, 0.0000, 56, 52, 76
L -739.16, 469.35, 0.0000, -765.75, 340.89, 0.0000, 56, 52, 76
L -765.75, 340.89, 0.0000, -743.54, 212.43, 0.0000, 56, 52, 76
L -743.54, 212.43, 0.0000, -765.75, 83.96, 0.0000, 56, 52, 76
L -765.75, 83.96, 0.0000, -747.60, -44.50, 0.0000, 56, 52, 76
L -747.60, -44.50, 0.0000, -765.75, -172.96, 0.0000, 56, 52, 76
L -765.75, -172.96, 0.0000, -736.99, -301.42, 0.0000, 56, 52, 76
L -736.99, -301.42, 0.0000, -765.75, -429.88, 0.0000, 56, 52, 76
L -725.75, -389.88, 0.0000, -553.81, -378.75, 0.0000, 150, 92, 178
L 133.97, -376.17, 0.0000, 305.91, -389.88, 0.0000, 150, 92, 178
L 305.91, -389.88, 0.0000, 295.63, -231.93, 0.0000, 150, 92, 178
L 295.63, -231.93, 0.0000, 305.91, -73.98, 0.0000, 150, 92, 178
L 305.91, -73.98, 0.0000, 296.34, 83.96, 0.0000, 150, 92, 178
L 296.34, 83.96, 0.0000, 305.91, 241.91, 0.0000, 150, 92, 178
L 305.91, 241.91, 0.0000, 293.22, 399.86, 0.0000, 150, 92, 178
L 293.22, 399.86, 0.0000, 305.91, 557.81, 0.0000, 150, 92, 178
L 305.91, 557.81, 0.0000, 133.97, 548.59, 0.0000, 150, 92, 178
L 133.97, 548.59, 0.0000, -37.98, 557.81, 0.0000, 150, 92, 178
L -37.98, 557.81, 0.0000, -209.92, 549.90, 0.0000, 150, 92, 178
L -209.92, 549.90, 0.0000, -381.86, 557.81, 0.0000, 150, 92, 178
L -381.86, 557.81, 0.0000, -553.81, 547.58, 0.0000, 150, 92, 178
L -553.81, 547.58, 0.0000, -725.75, 557.81, 0.0000, 150, 92, 178
L -725.75, 557.81, 0.0000, -717.27, 399.86, 0.0000, 150, 92, 178
L -717.27, 399.86, 0.0000, -725.75, 241.91, 0.0000, 150, 92, 178
L -725.75, 241.91, 0.0000, -710.82, 83.96, 0.0000, 150, 92, 178
L -710.82, 83.96, 0.0000, -725.75, -73.98, 0.0000, 150, 92, 178
L -725.75, -73.98, 0.0000, -716.69, -231.93, 0.0000, 150, 92, 178
L -716.69, -231.93, 0.0000, -725.75, -389.88, 0.0000, 150, 92, 178
L -556.40, -300.52, 0.0000, -564.13, -309.88, 0.0000, 96, 62, 124
L -548.40, -290.52, 0.0000, -556.13, -299.88, 0.0000, 150, 92, 178
L -564.13, -309.88, 0.0000, -578.03, -309.88, 0.0000, 96, 62, 124
L -556.13, -299.88, 0.0000, -570.03, -299.88, 0.0000, 150, 92, 178
L -578.03, -309.88, 0.0000, -585.75, -295.84, 0.0000, 96, 62, 124
L -570.03, -299.88, 0.0000, -577.75, -285.84, 0.0000, 150, 92, 178
L -585.75, -295.84, 0.0000, -585.75, -277.12, 0.0000, 96, 62, 124
L -577.75, -285.84, 0.0000, -577.75, -267.12, 0.0000, 150, 92, 178
L -585.75, -277.12, 0.0000, -578.03, -263.08, 0.0000, 96, 62, 124
L -577.75, -267.12, 0.0000, -570.03, -253.08, 0.0000, 150, 92, 178
L -578.03, -263.08, 0.0000, -564.13, -263.08, 0.0000, 96, 62, 124
L -570.03, -253.08, 0.0000, -556.13, -253.08, 0.0000, 150, 92, 178
L -564.13, -263.08, 0.0000, -556.40, -272.44, 0.0000, 96, 62, 124
L -556.13, -253.08, 0.0000, -548.40, -262.44, 0.0000, 150, 92, 178
L -537.70, -263.08, 0.0000, -522.25, -309.88, 0.0000, 96, 62, 124
L -529.70, -253.08, 0.0000, -514.25, -299.88, 0.0000, 150, 92, 178
L -522.25, -309.88, 0.0000, -506.81, -263.08, 0.0000, 96, 62, 124
L -514.25, -299.88, 0.0000, -498.81, -253.08, 0.0000, 150, 92, 178
L -529.98, -281.80, 0.0000, -514.53, -281.80, 0.0000, 96, 62, 124
L -521.98, -271.80, 0.0000, -506.53, -271.80, 0.0000, 150, 92, 178
L -458.76, -302.86, 0.0000, -464.94, -309.88, 0.0000, 96, 62, 124
L -450.76, -292.86, 0.0000, -456.94, -299.88, 0.0000, 150, 92, 178
L -464.94, -309.88, 0.0000, -483.47, -309.88, 0.0000, 96, 62, 124
L -456.94, -299.88, 0.0000, -475.47, -299.88, 0.0000, 150, 92, 178
L -483.47, -309.88, 0.0000, -489.65, -301.46, 0.0000, 96, 62, 124
L -475.47, -299.88, 0.0000, -481.65, -291.46, 0.0000, 150, 92, 178
L -489.65, -301.46, 0.0000, -489.65, -291.16, 0.0000, 96, 62, 124
L -481.65, -291.46, 0.0000, -481.65, -281.16, 0.0000, 150, 92, 178
L -489.65, -291.16, 0.0000, -483.47, -286.48, 0.0000, 96, 62, 124
L -481.65, -281.16, 0.0000, -475.47, -276.48, 0.0000, 150, 92, 178
L -483.47, -286.48, 0.0000, -464.94, -286.48, 0.0000, 96, 62, 124
L -475.47, -276.48, 0.0000, -456.94, -276.48, 0.0000, 150, 92, 178
L -464.94, -286.48, 0.0000, -458.76, -280.86, 0.0000, 96, 62, 124
L -456.94, -276.48, 0.0000, -450.76, -270.86, 0.0000, 150, 92, 178
L -458.76, -280.86, 0.0000, -458.76, -270.57, 0.0000, 96, 62, 124
L -450.76, -270.86, 0.0000, -450.76, -260.57, 0.0000, 150, 92, 178
L -458.76, -270.57, 0.0000, -464.94, -263.08, 0.0000, 96, 62, 124
L -450.76, -260.57, 0.0000, -456.94, -253.08, 0.0000, 150, 92, 178
L -464.94, -263.08, 0.0000, -483.47, -263.08, 0.0000, 96, 62, 124
L -456.94, -253.08, 0.0000, -475.47, -253.08, 0.0000, 150, 92, 178
L -483.47, -263.08, 0.0000, -489.65, -270.57, 0.0000, 96, 62, 124
L -475.47, -253.08, 0.0000, -481.65, -260.57, 0.0000, 150, 92, 178
L -441.60, -309.88, 0.0000, -410.71, -309.88, 0.0000, 96, 62, 124
L -433.60, -299.88, 0.0000, -402.71, -299.88, 0.0000, 150, 92, 178
L -426.15, -309.88, 0.0000, -426.15, -263.08, 0.0000, 96, 62, 124
L -418.15, -299.88, 0.0000, -418.15, -253.08, 0.0000, 150, 92, 178
L -393.54, -309.88, 0.0000, -393.54, -263.08, 0.0000, 96, 62, 124
L -385.54, -299.88, 0.0000, -385.54, -253.08, 0.0000, 150, 92, 178
L -393.54, -263.08, 0.0000, -368.83, -263.08, 0.0000, 96, 62, 124
L -385.54, -253.08, 0.0000, -360.83, -253.08, 0.0000, 150, 92, 178
L -314.60, -309.88, 0.0000, -345.49, -309.88, 0.0000, 96, 62, 124
L -306.60, -299.88, 0.0000, -337.49, -299.88, 0.0000, 150, 92, 178
L -345.49, -309.88, 0.0000, -345.49, -263.08, 0.0000, 96, 62, 124
L -337.49, -299.88, 0.0000, -337.49, -253.08, 0.0000, 150, 92, 178
L -345.49, -263.08, 0.0000, -314.60, -263.08, 0.0000, 96, 62, 124
L -337.49, -253.08, 0.0000, -306.60, -253.08, 0.0000, 150, 92, 178
L -345.49, -286.48, 0.0000, -323.87, -286.48, 0.0000, 96, 62, 124
L -337.49, -276.48, 0.0000, -315.87, -276.48, 0.0000, 150, 92, 178
L -249.39, -263.08, 0.0000, -249.39, -309.88, 0.0000, 96, 62, 124
L -241.39, -253.08, 0.0000, -241.39, -299.88, 0.0000, 150, 92, 178
L -249.39, -309.88, 0.0000, -233.95, -284.14, 0.0000, 96, 62, 124
L -241.39, -299.88, 0.0000, -225.95, -274.14, 0.0000, 150, 92, 178
L -233.95, -284.14, 0.0000, -218.50, -309.88, 0.0000, 96, 62, 124
L -225.95, -274.14, 0.0000, -210.50, -299.88, 0.0000, 150, 92, 178
L -218.50, -309.88, 0.0000, -218.50, -263.08, 0.0000, 96, 62, 124
L -210.50, -299.88, 0.0000, -210.50, -253.08, 0.0000, 150, 92, 178
L -185.89, -263.08, 0.0000, -185.89, -309.88, 0.0000, 96, 62, 124
L -177.89, -253.08, 0.0000, -177.89, -299.88, 0.0000, 150, 92, 178
L -195.16, -309.88, 0.0000, -176.63, -309.88, 0.0000, 96, 62, 124
L -187.16, -299.88, 0.0000, -168.63, -299.88, 0.0000, 150, 92, 178
L -195.16, -263.08, 0.0000, -176.63, -263.08, 0.0000, 96, 62, 124
L -187.16, -253.08, 0.0000, -168.63, -253.08, 0.0000, 150, 92, 178
L -122.40, -302.86, 0.0000, -128.58, -309.88, 0.0000, 96, 62, 124
L -114.40, -292.86, 0.0000, -120.58, -299.88, 0.0000, 150, 92, 178
L -128.58, -309.88, 0.0000, -147.11, -309.88, 0.0000, 96, 62, 124
L -120.58, -299.88, 0.0000, -139.11, -299.88, 0.0000, 150, 92, 178
L -147.11, -309.88, 0.0000, -153.29, -301.46, 0.0000, 96, 62, 124
L -139.11, -299.88, 0.0000, -145.29, -291.46, 0.0000, 150, 92, 178
L -153.29, -301.46, 0.0000, -153.29, -291.16, 0.0000, 96, 62, 124
L -145.29, -291.46, 0.0000, -145.29, -281.16, 0.0000, 150, 92, 178
L -153.29, -291.16, 0.0000, -147.11, -286.48, 0.0000, 96, 62, 124
L -145.29, -281.16, 0.0000, -139.11, -276.48, 0.0000, 150, 92, 178
L -147.11, -286.48, 0.0000, -128.58, -286.48, 0.0000, 96, 62, 124
L -139.11, -276.48, 0.0000, -120.58, -276.48, 0.0000, 150, 92, 178
L -128.58, -286.48, 0.0000, -122.40, -280.86, 0.0000, 96, 62, 124
L -120.58, -276.48, 0.0000, -114.40, -270.86, 0.0000, 150, 92, 178
L -122.40, -280.86, 0.0000, -122.40, -270.57, 0.0000, 96, 62, 124
L -114.40, -270.86, 0.0000, -114.40, -260.57, 0.0000, 150, 92, 178
L -122.40, -270.57, 0.0000, -128.58, -263.08, 0.0000, 96, 62, 124
L -114.40, -260.57, 0.0000, -120.58, -253.08, 0.0000, 150, 92, 178
L -128.58, -263.08, 0.0000, -147.11, -263.08, 0.0000, 96, 62, 124
L -120.58, -253.08, 0.0000, -139.11, -253.08, 0.0000, 150, 92, 178
L -147.11, -263.08, 0.0000, -153.29, -270.57, 0.0000, 96, 62, 124
L -139.11, -253.08, 0.0000, -145.29, -260.57, 0.0000, 150, 92, 178
L -105.24, -309.88, 0.0000, -74.35, -309.88, 0.0000, 96, 62, 124
L -97.24, -299.88, 0.0000, -66.35, -299.88, 0.0000, 150, 92, 178
L -89.79, -309.88, 0.0000, -89.79, -263.08, 0.0000, 96, 62, 124
L -81.79, -299.88, 0.0000, -81.79, -253.08, 0.0000, 150, 92, 178
L -57.19, -263.08, 0.0000, -57.19, -309.88, 0.0000, 96, 62, 124
L -49.19, -253.08, 0.0000, -49.19, -299.88, 0.0000, 150, 92, 178
L -57.19, -309.88, 0.0000, -41.74, -284.14, 0.0000, 96, 62, 124
L -49.19, -299.88, 0.0000, -33.74, -274.14, 0.0000, 150, 92, 178
L -41.74, -284.14, 0.0000, -26.30, -309.88, 0.0000, 96, 62, 124
L -33.74, -274.14, 0.0000, -18.30, -299.88, 0.0000, 150, 92, 178
L -26.30, -309.88, 0.0000, -26.30, -263.08, 0.0000, 96, 62, 124
L -18.30, -299.88, 0.0000, -18.30, -253.08, 0.0000, 150, 92, 178
L -1.41, -263.08, 0.0000, 14.03, -263.08, 0.0000, 96, 62, 124
L 6.59, -253.08, 0.0000, 22.03, -253.08, 0.0000, 150, 92, 178
L 14.03, -263.08, 0.0000, 21.76, -277.12, 0.0000, 96, 62, 124
L 22.03, -253.08, 0.0000, 29.76, -267.12, 0.0000, 150, 92, 178
L 21.76, -277.12, 0.0000, 21.76, -295.84, 0.0000, 96, 62, 124
L 29.76, -267.12, 0.0000, 29.76, -285.84, 0.0000, 150, 92, 178
L 21.76, -295.84, 0.0000, 14.03, -309.88, 0.0000, 96, 62, 124
L 29.76, -285.84, 0.0000, 22.03, -299.88, 0.0000, 150, 92, 178
L 14.03, -309.88, 0.0000, -1.41, -309.88, 0.0000, 96, 62, 124
L 22.03, -299.88, 0.0000, 6.59, -299.88, 0.0000, 150, 92, 178
L -1.41, -309.88, 0.0000, -9.13, -295.84, 0.0000, 96, 62, 124
L 6.59, -299.88, 0.0000, -1.13, -285.84, 0.0000, 150, 92, 178
L -9.13, -295.84, 0.0000, -9.13, -277.12, 0.0000, 96, 62, 124
L -1.13, -285.84, 0.0000, -1.13, -267.12, 0.0000, 150, 92, 178
L -9.13, -277.12, 0.0000, -1.41, -263.08, 0.0000, 96, 62, 124
L -1.13, -267.12, 0.0000, 6.59, -253.08, 0.0000, 150, 92, 178
L 46.64, -263.08, 0.0000, 62.08, -263.08, 0.0000, 96, 62, 124
L 54.64, -253.08, 0.0000, 70.08, -253.08, 0.0000, 150, 92, 178
L 62.08, -263.08, 0.0000, 69.81, -277.12, 0.0000, 96, 62, 124
L 70.08, -253.08, 0.0000, 77.81, -267.12, 0.0000, 150, 92, 178
L 69.81, -277.12, 0.0000, 69.81, -295.84, 0.0000, 96, 62, 124
L 77.81, -267.12, 0.0000, 77.81, -285.84, 0.0000, 150, 92, 178
L 69.81, -295.84, 0.0000, 62.08, -309.88, 0.0000, 96, 62, 124
L 77.81, -285.84, 0.0000, 70.08, -299.88, 0.0000, 150, 92, 178
L 62.08, -309.88, 0.0000, 46.64, -309.88, 0.0000, 96, 62, 124
L 70.08, -299.88, 0.0000, 54.64, -299.88, 0.0000, 150, 92, 178
L 46.64, -309.88, 0.0000, 38.92, -295.84, 0.0000, 96, 62, 124
L 54.64, -299.88, 0.0000, 46.92, -285.84, 0.0000, 150, 92, 178
L 38.92, -295.84, 0.0000, 38.92, -277.12, 0.0000, 96, 62, 124
L 46.92, -285.84, 0.0000, 46.92, -267.12, 0.0000, 150, 92, 178
L 38.92, -277.12, 0.0000, 46.64, -263.08, 0.0000, 96, 62, 124
L 46.92, -267.12, 0.0000, 54.64, -253.08, 0.0000, 150, 92, 178
L 86.97, -263.08, 0.0000, 86.97, -309.88, 0.0000, 96, 62, 124
L 94.97, -253.08, 0.0000, 94.97, -299.88, 0.0000, 150, 92, 178
L 86.97, -309.88, 0.0000, 108.59, -309.88, 0.0000, 96, 62, 124
L 94.97, -299.88, 0.0000, 116.59, -299.88, 0.0000, 150, 92, 178
L 108.59, -309.88, 0.0000, 116.31, -300.52, 0.0000, 96, 62, 124
L 116.59, -299.88, 0.0000, 124.31, -290.52, 0.0000, 150, 92, 178
L 116.31, -300.52, 0.0000, 108.59, -288.82, 0.0000, 96, 62, 124
L 124.31, -290.52, 0.0000, 116.59, -278.82, 0.0000, 150, 92, 178
L 108.59, -288.82, 0.0000, 86.97, -288.82, 0.0000, 96, 62, 124
L 116.59, -278.82, 0.0000, 94.97, -278.82, 0.0000, 150, 92, 178
L 97.78, -288.82, 0.0000, 117.86, -263.08, 0.0000, 96, 62, 124
L 105.78, -278.82, 0.0000, 125.86, -253.08, 0.0000, 150, 92, 178
L 165.91, -309.88, 0.0000, 135.02, -309.88, 0.0000, 96, 62, 124
L 173.91, -299.88, 0.0000, 143.02, -299.88, 0.0000, 150, 92, 178
L 135.02, -309.88, 0.0000, 135.02, -263.08, 0.0000, 96, 62, 124
L 143.02, -299.88, 0.0000, 143.02, -253.08, 0.0000, 150, 92, 178
L 135.02, -263.08, 0.0000, 165.91, -263.08, 0.0000, 96, 62, 124
L 143.02, -253.08, 0.0000, 173.91, -253.08, 0.0000, 150, 92, 178
L 135.02, -286.48, 0.0000, 156.64, -286.48, 0.0000, 96, 62, 124
L 143.02, -276.48, 0.0000, 164.64, -276.48, 0.0000, 150, 92, 178
L -615.75, -217.08, 0.0000, 195.91, -217.08, 0.0000, 150, 92, 178
L -615.75, -351.88, 0.0000, 195.91, -351.88, 0.0000, 150, 92, 178
L -600.75, 502.81, 0.0000, -601.81, 514.97, 0.0000, 56, 52, 76
L -601.81, 514.97, 0.0000, -604.97, 526.75, 0.0000, 56, 52, 76
L -604.97, 526.75, 0.0000, -610.13, 537.81, 0.0000, 56, 52, 76
L -610.13, 537.81, 0.0000, -617.13, 547.81, 0.0000, 56, 52, 76
L -617.13, 547.81, 0.0000, -625.75, 556.43, 0.0000, 56, 52, 76
L -625.75, 556.43, 0.0000, -635.75, 563.43, 0.0000, 56, 52, 76
L -635.75, 563.43, 0.0000, -646.81, 568.59, 0.0000, 56, 52, 76
L -646.81, 568.59, 0.0000, -658.59, 571.75, 0.0000, 56, 52, 76
L -658.59, 571.75, 0.0000, -670.75, 572.81, 0.0000, 56, 52, 76
L -670.75, 572.81, 0.0000, -682.91, 571.75, 0.0000, 56, 52, 76
L -682.91, 571.75, 0.0000, -694.69, 568.59, 0.0000, 56, 52, 76
L -694.69, 568.59, 0.0000, -705.75, 563.43, 0.0000, 56, 52, 76
L -705.75, 563.43, 0.0000, -715.75, 556.43, 0.0000, 56, 52, 76
L -715.75, 556.43, 0.0000, -724.37, 547.81, 0.0000, 56, 52, 76
L -724.37, 547.81, 0.0000, -731.37, 537.81, 0.0000, 56, 52, 76
L -731.37, 537.81, 0.0000, -736.53, 526.75, 0.0000, 56, 52, 76
L -736.53, 526.75, 0.0000, -739.69, 514.97, 0.0000, 56, 52, 76
L -739.69, 514.97, 0.0000, -740.75, 502.81, 0.0000, 56, 52, 76
L -740.75, 502.81, 0.0000, -739.69, 490.65, 0.0000, 56, 52, 76
L -739.69, 490.65, 0.0000, -736.53, 478.87, 0.0000, 56, 52, 76
L -736.53, 478.87, 0.0000, -731.37, 467.81, 0.0000, 56, 52, 76
L -731.37, 467.81, 0.0000, -724.37, 457.81, 0.0000, 56, 52, 76
L -724.37, 457.81, 0.0000, -715.75, 449.19, 0.0000, 56, 52, 76
L -715.75, 449.19, 0.0000, -705.75, 442.19, 0.0000, 56, 52, 76
L -705.75, 442.19, 0.0000, -694.69, 437.03, 0.0000, 56, 52, 76
L -694.69, 437.03, 0.0000, -682.91, 433.87, 0.0000, 56, 52, 76
L -682.91, 433.87, 0.0000, -670.75, 432.81, 0.0000, 56, 52, 76
L -670.75, 432.81, 0.0000, -658.59, 433.87, 0.0000, 56, 52, 76
L -658.59, 433.87, 0.0000, -646.81, 437.03, 0.0000, 56, 52, 76
L -646.81, 437.03, 0.0000, -635.75, 442.19, 0.0000, 56, 52, 76
L -635.75, 442.19, 0.0000, -625.75, 449.19, 0.0000, 56, 52, 76
L -625.75, 449.19, 0.0000, -617.13, 457.81, 0.0000, 56, 52, 76
L -617.13, 457.81, 0.0000, -610.13, 467.81, 0.0000, 56, 52, 76
L -610.13, 467.81, 0.0000, -604.97, 478.87, 0.0000, 56, 52, 76
L -604.97, 478.87, 0.0000, -601.81, 490.65, 0.0000, 56, 52, 76
L -601.81, 490.65, 0.0000, -600.75, 502.81, 0.0000, 56, 52, 76
L -591.65, 502.81, 0.0000, -592.85, 516.55, 0.0000, 150, 92, 178
L -592.85, 516.55, 0.0000, -596.42, 529.86, 0.0000, 150, 92, 178
L -596.42, 529.86, 0.0000, -602.25, 542.36, 0.0000, 150, 92, 178
L -602.25, 542.36, 0.0000, -610.16, 553.65, 0.0000, 150, 92, 178
L -610.16, 553.65, 0.0000, -619.91, 563.40, 0.0000, 150, 92, 178
L -619.91, 563.40, 0.0000, -631.20, 571.31, 0.0000, 150, 92, 178
L -631.20, 571.31, 0.0000, -643.70, 577.14, 0.0000, 150, 92, 178
L -643.70, 577.14, 0.0000, -657.01, 580.71, 0.0000, 150, 92, 178
L -657.01, 580.71, 0.0000, -670.75, 581.91, 0.0000, 150, 92, 178
L -670.75, 581.91, 0.0000, -684.49, 580.71, 0.0000, 150, 92, 178
L -684.49, 580.71, 0.0000, -697.80, 577.14, 0.0000, 150, 92, 178
L -697.80, 577.14, 0.0000, -710.30, 571.31, 0.0000, 150, 92, 178
L -710.30, 571.31, 0.0000, -721.59, 563.40, 0.0000, 150, 92, 178
L -721.59, 563.40, 0.0000, -731.34, 553.65, 0.0000, 150, 92, 178
L -731.34, 553.65, 0.0000, -739.25, 542.36, 0.0000, 150, 92, 178
L -739.25, 542.36, 0.0000, -745.08, 529.86, 0.0000, 150, 92, 178
L -745.08, 529.86, 0.0000, -748.65, 516.55, 0.0000, 150, 92, 178
L -748.65, 516.55, 0.0000, -749.85, 502.81, 0.0000, 150, 92, 178
L -749.85, 502.81, 0.0000, -748.65, 489.07, 0.0000, 150, 92, 178
L -748.65, 489.07, 0.0000, -745.08, 475.76, 0.0000, 150, 92, 178
L -745.08, 475.76, 0.0000, -739.25, 463.26, 0.0000, 150, 92, 178
L -739.25, 463.26, 0.0000, -731.34, 451.97, 0.0000, 150, 92, 178
L -731.34, 451.97, 0.0000, -721.59, 442.22, 0.0000, 150, 92, 178
L -721.59, 442.22, 0.0000, -710.30, 434.31, 0.0000, 150, 92, 178
L -710.30, 434.31, 0.0000, -697.80, 428.48, 0.0000, 150, 92, 178
L -697.80, 428.48, 0.0000, -684.49, 424.91, 0.0000, 150, 92, 178
L -684.49, 424.91, 0.0000, -670.75, 423.71, 0.0000, 150, 92, 178
L -670.75, 423.71, 0.0000, -657.01, 424.91, 0.0000, 150, 92, 178
L -657.01, 424.91, 0.0000, -643.70, 428.48, 0.0000, 150, 92, 178
L -643.70, 428.48, 0.0000, -631.20, 434.31, 0.0000, 150, 92, 178
L -631.20, 434.31, 0.0000, -619.91, 442.22, 0.0000, 150, 92, 178
L -619.91, 442.22, 0.0000, -610.16, 451.97, 0.0000, 150, 92, 178
L -610.16, 451.97, 0.0000, -602.25, 463.26, 0.0000, 150, 92, 178
L -602.25, 463.26, 0.0000, -596.42, 475.76, 0.0000, 150, 92, 178
L -596.42, 475.76, 0.0000, -592.85, 489.07, 0.0000, 150, 92, 178
L -592.85, 489.07, 0.0000, -591.65, 502.81, 0.0000, 150, 92, 178
L -670.75, 502.81, 0.0000, -670.75, 432.81, 0.0000, 150, 92, 178
L -670.75, 502.81, 0.0000, -641.05, 473.11, 0.0000, 120, 120, 142
L -670.75, 502.81, 0.0000, -600.75, 502.81, 0.0000, 150, 92, 178
L -670.75, 502.81, 0.0000, -641.05, 532.51, 0.0000, 120, 120, 142
L -670.75, 502.81, 0.0000, -670.75, 572.81, 0.0000, 150, 92, 178
L -670.75, 502.81, 0.0000, -700.45, 532.51, 0.0000, 120, 120, 142
L -670.75, 502.81, 0.0000, -740.75, 502.81, 0.0000, 150, 92, 178
L -670.75, 502.81, 0.0000, -700.45, 473.11, 0.0000, 120, 120, 142
L -670.75, 467.81, 0.0000, -670.75, 439.81, 0.0000, 96, 62, 124
L -678.75, 446.81, 0.0000, -670.75, 437.01, 0.0000, 96, 62, 124
L -662.75, 446.81, 0.0000, -670.75, 437.01, 0.0000, 96, 62, 124
P -670.75, 413.21, 0.0000, 96, 62, 124, 3, N
P -670.75, 592.41, 0.0000, 56, 52, 76, 1, S
P -581.15, 502.81, 0.0000, 56, 52, 76, 1, E
P -760.35, 502.81, 0.0000, 56, 52, 76, 1, W
