P -856.2097, 17.6164, -0.8014, 160, 105, 0, 3, To_Lavastorm_Mountains
P -105.0000, -353.0000, 3.8100, 110, 0, 60, 3, Najena_(Mistress_Mag_35)
P 222.0000, 35.0000, 3.8100, 110, 0, 60, 3, Drelzna_(SK_25_JBoots)
P -220.0000, -460.0000, 3.8100, 110, 0, 60, 3, The_Widowmistress_(34)
P 224.0000, -187.0000, -11.0000, 110, 0, 60, 2, The_Blood_Artist_(Necro_27)
P -187.0000, -52.0000, 3.8100, 165, 60, 20, 2, Guard_Captain_(Shiny_Metal_Key)
P 73.0000, -372.0000, 3.8100, 165, 60, 20, 2, Akksstaff_(Mag_30)
P 92.0000, 6.0000, -13.0000, 165, 60, 20, 2, Moosh_(Guard_Keyring)
P -360.0000, 26.0000, 5.0000, 165, 60, 20, 2, Unbound_Flame_(Fire_Elem_25)
P -343.3800, -132.5300, 3.8100, 165, 60, 20, 2, The_Tenderizer_(Ogre_22)
P -286.8500, -117.6500, 3.8100, 165, 60, 20, 2, Lost_Crusader_(SK_25)
P -109.0000, -245.0000, 3.8100, 30, 70, 90, 2, Froglok_Ghoul
P -175.0000, -357.0000, 3.8100, 30, 70, 90, 2, Crystal_Room_(#4)
P -111.9700, -195.9100, -24.0000, 110, 0, 60, 2, Trazdon_(Necro_24_Room_7)
P -173.8900, -211.6900, -24.1900, 165, 60, 20, 2, BoneCracker_(Dull_Bone_Key)
P -209.9100, -41.9700, 3.8100, 165, 60, 20, 2, Officer_Grush_(near_Captain)
P 109.9700, 165.9400, 3.8100, 110, 0, 60, 3, Rathyl_(Necro_27_Room_11)
P 109.9700, 127.9400, 3.8100, 110, 0, 60, 2, Rathyl_Reincarnate_(30)
P 109.9700, 127.9400, -13.0000, 165, 60, 20, 2, Ekeros_(Rogue_26_caged)
P 70.0000, 20.0000, -13.0000, 30, 70, 90, 2, Linara_Parlone_(Prisoner)
P -153.9400, -461.8100, 3.8100, 30, 70, 90, 2, Goblin_Camps_(caves)
P -55.0000, -330.0000, 3.8100, 30, 70, 90, 2, Torture_Rooms_(#3)
