L 240.00, -239.91, 0.0000, 240.00, 321.88, 0.0000, 120, 110, 130
L 360.00, -239.91, 0.0000, 360.00, 321.88, 0.0000, 120, 110, 130
L 480.00, -239.91, 0.0000, 480.00, 321.88, 0.0000, 120, 110, 130
L 600.00, -239.91, 0.0000, 600.00, 321.88, 0.0000, 120, 110, 130
L 720.00, -239.91, 0.0000, 720.00, 321.88, 0.0000, 120, 110, 130
L 840.00, -239.91, 0.0000, 840.00, 321.88, 0.0000, 120, 110, 130
L 960.00, -239.91, 0.0000, 960.00, 321.88, 0.0000, 120, 110, 130
L 1080.00, -239.91, 0.0000, 1080.00, 321.88, 0.0000, 120, 110, 130
L 1200.00, -239.91, 0.0000, 1200.00, 321.88, 0.0000, 120, 110, 130
L 237.91, -120.00, 0.0000, 1273.50, -120.00, 0.0000, 120, 110, 130
L 237.91, 0.00, 0.0000, 1273.50, 0.00, 0.0000, 120, 110, 130
L 237.91, 120.00, 0.0000, 1273.50, 120.00, 0.0000, 120, 110, 130
L 237.91, 240.00, 0.0000, 1273.50, 240.00, 0.0000, 120, 110, 130
L 237.91, -239.91, 0.0000, 1273.50, -239.91, 0.0000, 120, 110, 130
L 237.91, 321.88, 0.0000, 1273.50, 321.88, 0.0000, 120, 110, 130
L 237.91, -239.91, 0.0000, 237.91, 321.88, 0.0000, 120, 110, 130
L 1273.50, -239.91, 0.0000, 1273.50, 321.88, 0.0000, 120, 110, 130
L 72.91, -404.91, 0.0000, 197.05, -393.29, 0.0000, 50, 40, 64
L 197.05, -393.29, 0.0000, 321.20, -404.91, 0.0000, 50, 40, 64
L 321.20, -404.91, 0.0000, 445.34, -390.21, 0.0000, 50, 40, 64
L 445.34, -390.21, 0.0000, 569.49, -404.91, 0.0000, 50, 40, 64
L 569.49, -404.91, 0.0000, 693.63, -390.08, 0.0000, 50, 40, 64
L 693.63, -390.08, 0.0000, 817.78, -404.91, 0.0000, 50, 40, 64
L 817.78, -404.91, 0.0000, 941.92, -380.44, 0.0000, 50, 40, 64
L 941.92, -380.44, 0.0000, 1066.07, -404.91, 0.0000, 50, 40, 64
L 1066.07, -404.91, 0.0000, 1190.21, -390.70, 0.0000, 50, 40, 64
L 1190.21, -390.70, 0.0000, 1314.36, -404.91, 0.0000, 50, 40, 64
L 1314.36, -404.91, 0.0000, 1438.50, -393.37, 0.0000, 50, 40, 64
L 1438.50, -404.91, 0.0000, 1422.23, -277.51, 0.0000, 50, 40, 64
L 1422.23, -277.51, 0.0000, 1438.50, -150.11, 0.0000, 50, 40, 64
L 1438.50, -150.11, 0.0000, 1424.19, -22.71, 0.0000, 50, 40, 64
L 1424.19, -22.71, 0.0000, 1438.50, 104.68, 0.0000, 50, 40, 64
L 1438.50, 104.68, 0.0000, 1413.79, 232.08, 0.0000, 50, 40, 64
L 1413.79, 232.08, 0.0000, 1438.50, 359.48, 0.0000, 50, 40, 64
L 1438.50, 359.48, 0.0000, 1424.62, 486.88, 0.0000, 50, 40, 64
L 1438.50, 486.88, 0.0000, 1314.36, 474.57, 0.0000, 50, 40, 64
L 1314.36, 474.57, 0.0000, 1190.21, 486.88, 0.0000, 50, 40, 64
L 1190.21, 486.88, 0.0000, 1066.07, 474.67, 0.0000, 50, 40, 64
L 1066.07, 474.67, 0.0000, 941.92, 486.88, 0.0000, 50, 40, 64
L 941.92, 486.88, 0.0000, 817.78, 462.91, 0.0000, 50, 40, 64
L 817.78, 462.91, 0.0000, 693.63, 486.88, 0.0000, 50, 40, 64
L 693.63, 486.88, 0.0000, 569.49, 473.36, 0.0000, 50, 40, 64
L 569.49, 473.36, 0.0000, 445.34, 486.88, 0.0000, 50, 40, 64
L 445.34, 486.88, 0.0000, 321.20, 462.65, 0.0000, 50, 40, 64
L 321.20, 462.65, 0.0000, 197.05, 486.88, 0.0000, 50, 40, 64
L 197.05, 486.88, 0.0000, 72.91, 472.99, 0.0000, 50, 40, 64
L 72.91, 486.88, 0.0000, 98.30, 359.48, 0.0000, 50, 40, 64
L 98.30, 359.48, 0.0000, 72.91, 232.08, 0.0000, 50, 40, 64
L 72.91, 232.08, 0.0000, 93.83, 104.68, 0.0000, 50, 40, 64
L 93.83, 104.68, 0.0000, 72.91, -22.71, 0.0000, 50, 40, 64
L 72.91, -22.71, 0.0000, 99.15, -150.11, 0.0000, 50, 40, 64
L 99.15, -150.11, 0.0000, 72.91, -277.51, 0.0000, 50, 40, 64
L 72.91, -277.51, 0.0000, 92.51, -404.91, 0.0000, 50, 40, 64
L 123.91, -353.91, 0.0000, 281.86, -340.12, 0.0000, 120, 90, 150
L 281.86, -340.12, 0.0000, 439.81, -353.91, 0.0000, 120, 90, 150
L 439.81, -353.91, 0.0000, 597.76, -340.72, 0.0000, 120, 90, 150
L 597.76, -340.72, 0.0000, 755.70, -353.91, 0.0000, 120, 90, 150
L 755.70, -353.91, 0.0000, 913.65, -339.74, 0.0000, 120, 90, 150
L 913.65, -339.74, 0.0000, 1071.60, -353.91, 0.0000, 120, 90, 150
L 1071.60, -353.91, 0.0000, 1229.55, -347.19, 0.0000, 120, 90, 150
L 1229.55, -347.19, 0.0000, 1387.50, -353.91, 0.0000, 120, 90, 150
L 1387.50, -353.91, 0.0000, 1375.00, -195.95, 0.0000, 120, 90, 150
L 1375.00, -195.95, 0.0000, 1387.50, -37.99, 0.0000, 120, 90, 150
L 1387.50, -37.99, 0.0000, 1381.06, 119.96, 0.0000, 120, 90, 150
L 1381.06, 119.96, 0.0000, 1387.50, 277.92, 0.0000, 120, 90, 150
L 1387.50, 277.92, 0.0000, 1372.53, 435.88, 0.0000, 120, 90, 150
L 1387.50, 435.88, 0.0000, 1229.55, 428.47, 0.0000, 120, 90, 150
L 1229.55, 428.47, 0.0000, 1071.60, 435.88, 0.0000, 120, 90, 150
L 1071.60, 435.88, 0.0000, 913.65, 420.46, 0.0000, 120, 90, 150
L 913.65, 420.46, 0.0000, 755.71, 435.88, 0.0000, 120, 90, 150
L 755.71, 435.88, 0.0000, 597.76, 428.23, 0.0000, 120, 90, 150
L 597.76, 428.23, 0.0000, 439.81, 435.88, 0.0000, 120, 90, 150
L 439.81, 435.88, 0.0000, 281.86, 426.51, 0.0000, 120, 90, 150
L 281.86, 426.51, 0.0000, 123.91, 435.88, 0.0000, 120, 90, 150
L 123.91, 435.88, 0.0000, 139.06, 277.92, 0.0000, 120, 90, 150
L 139.06, 277.92, 0.0000, 123.91, 119.96, 0.0000, 120, 90, 150
L 123.91, 119.96, 0.0000, 133.41, -37.99, 0.0000, 120, 90, 150
L 133.41, -37.99, 0.0000, 123.91, -195.95, 0.0000, 120, 90, 150
L 123.91, -195.95, 0.0000, 138.15, -353.91, 0.0000, 120, 90, 150
L 252.91, -213.12, 0.0000, 252.91, -284.91, 0.0000, 90, 60, 120
L 260.91, -203.12, 0.0000, 260.91, -274.91, 0.0000, 120, 90, 150
L 252.91, -284.91, 0.0000, 300.29, -213.12, 0.0000, 90, 60, 120
L 260.91, -274.91, 0.0000, 308.29, -203.12, 0.0000, 120, 90, 150
L 300.29, -213.12, 0.0000, 300.29, -284.91, 0.0000, 90, 60, 120
L 308.29, -203.12, 0.0000, 308.29, -274.91, 0.0000, 120, 90, 150
L 374.00, -284.91, 0.0000, 326.62, -284.91, 0.0000, 90, 60, 120
L 382.00, -274.91, 0.0000, 334.62, -274.91, 0.0000, 120, 90, 150
L 326.62, -284.91, 0.0000, 326.62, -213.12, 0.0000, 90, 60, 120
L 334.62, -274.91, 0.0000, 334.62, -203.12, 0.0000, 120, 90, 150
L 326.62, -213.12, 0.0000, 374.00, -213.12, 0.0000, 90, 60, 120
L 334.62, -203.12, 0.0000, 382.00, -203.12, 0.0000, 120, 90, 150
L 326.62, -249.01, 0.0000, 359.79, -249.01, 0.0000, 90, 60, 120
L 334.62, -239.01, 0.0000, 367.79, -239.01, 0.0000, 120, 90, 150
L 400.33, -213.12, 0.0000, 400.33, -284.91, 0.0000, 90, 60, 120
L 408.33, -203.12, 0.0000, 408.33, -274.91, 0.0000, 120, 90, 150
L 400.33, -284.91, 0.0000, 433.50, -284.91, 0.0000, 90, 60, 120
L 408.33, -274.91, 0.0000, 441.50, -274.91, 0.0000, 120, 90, 150
L 433.50, -284.91, 0.0000, 445.34, -270.55, 0.0000, 90, 60, 120
L 441.50, -274.91, 0.0000, 453.34, -260.55, 0.0000, 120, 90, 150
L 445.34, -270.55, 0.0000, 433.50, -252.60, 0.0000, 90, 60, 120
L 453.34, -260.55, 0.0000, 441.50, -242.60, 0.0000, 120, 90, 150
L 433.50, -252.60, 0.0000, 400.33, -252.60, 0.0000, 90, 60, 120
L 441.50, -242.60, 0.0000, 408.33, -242.60, 0.0000, 120, 90, 150
L 416.91, -252.60, 0.0000, 447.71, -213.12, 0.0000, 90, 60, 120
L 424.91, -242.60, 0.0000, 455.71, -203.12, 0.0000, 120, 90, 150
L 497.73, -213.12, 0.0000, 497.73, -284.91, 0.0000, 90, 60, 120
L 505.73, -203.12, 0.0000, 505.73, -274.91, 0.0000, 120, 90, 150
L 483.51, -284.91, 0.0000, 511.94, -284.91, 0.0000, 90, 60, 120
L 491.51, -274.91, 0.0000, 519.94, -274.91, 0.0000, 120, 90, 150
L 483.51, -213.12, 0.0000, 511.94, -213.12, 0.0000, 90, 60, 120
L 491.51, -203.12, 0.0000, 519.94, -203.12, 0.0000, 120, 90, 150
L 547.74, -213.12, 0.0000, 571.43, -284.91, 0.0000, 90, 60, 120
L 555.74, -203.12, 0.0000, 579.43, -274.91, 0.0000, 120, 90, 150
L 571.43, -284.91, 0.0000, 595.13, -213.12, 0.0000, 90, 60, 120
L 579.43, -274.91, 0.0000, 603.13, -203.12, 0.0000, 120, 90, 150
L 559.59, -241.83, 0.0000, 583.28, -241.83, 0.0000, 90, 60, 120
L 567.59, -231.83, 0.0000, 591.28, -231.83, 0.0000, 120, 90, 150
L 621.45, -213.12, 0.0000, 621.45, -284.91, 0.0000, 90, 60, 120
L 629.45, -203.12, 0.0000, 629.45, -274.91, 0.0000, 120, 90, 150
L 621.45, -245.42, 0.0000, 661.73, -284.91, 0.0000, 90, 60, 120
L 629.45, -235.42, 0.0000, 669.73, -274.91, 0.0000, 120, 90, 150
L 633.30, -252.60, 0.0000, 664.10, -213.12, 0.0000, 90, 60, 120
L 641.30, -242.60, 0.0000, 672.10, -203.12, 0.0000, 120, 90, 150
L 813.88, -270.55, 0.0000, 802.04, -284.91, 0.0000, 90, 60, 120
L 821.88, -260.55, 0.0000, 810.04, -274.91, 0.0000, 120, 90, 150
L 802.04, -284.91, 0.0000, 780.71, -284.91, 0.0000, 90, 60, 120
L 810.04, -274.91, 0.0000, 788.71, -274.91, 0.0000, 120, 90, 150
L 780.71, -284.91, 0.0000, 768.87, -263.37, 0.0000, 90, 60, 120
L 788.71, -274.91, 0.0000, 776.87, -253.37, 0.0000, 120, 90, 150
L 768.87, -263.37, 0.0000, 768.87, -234.65, 0.0000, 90, 60, 120
L 776.87, -253.37, 0.0000, 776.87, -224.65, 0.0000, 120, 90, 150
L 768.87, -234.65, 0.0000, 780.71, -213.12, 0.0000, 90, 60, 120
L 776.87, -224.65, 0.0000, 788.71, -203.12, 0.0000, 120, 90, 150
L 780.71, -213.12, 0.0000, 802.04, -213.12, 0.0000, 90, 60, 120
L 788.71, -203.12, 0.0000, 810.04, -203.12, 0.0000, 120, 90, 150
L 802.04, -213.12, 0.0000, 813.88, -227.48, 0.0000, 90, 60, 120
L 810.04, -203.12, 0.0000, 821.88, -217.48, 0.0000, 120, 90, 150
L 854.42, -213.12, 0.0000, 878.11, -213.12, 0.0000, 90, 60, 120
L 862.42, -203.12, 0.0000, 886.11, -203.12, 0.0000, 120, 90, 150
L 878.11, -213.12, 0.0000, 889.96, -234.65, 0.0000, 90, 60, 120
L 886.11, -203.12, 0.0000, 897.96, -224.65, 0.0000, 120, 90, 150
L 889.96, -234.65, 0.0000, 889.96, -263.37, 0.0000, 90, 60, 120
L 897.96, -224.65, 0.0000, 897.96, -253.37, 0.0000, 120, 90, 150
L 889.96, -263.37, 0.0000, 878.11, -284.91, 0.0000, 90, 60, 120
L 897.96, -253.37, 0.0000, 886.11, -274.91, 0.0000, 120, 90, 150
L 878.11, -284.91, 0.0000, 854.42, -284.91, 0.0000, 90, 60, 120
L 886.11, -274.91, 0.0000, 862.42, -274.91, 0.0000, 120, 90, 150
L 854.42, -284.91, 0.0000, 842.58, -263.37, 0.0000, 90, 60, 120
L 862.42, -274.91, 0.0000, 850.58, -253.37, 0.0000, 120, 90, 150
L 842.58, -263.37, 0.0000, 842.58, -234.65, 0.0000, 90, 60, 120
L 850.58, -253.37, 0.0000, 850.58, -224.65, 0.0000, 120, 90, 150
L 842.58, -234.65, 0.0000, 854.42, -213.12, 0.0000, 90, 60, 120
L 850.58, -224.65, 0.0000, 862.42, -203.12, 0.0000, 120, 90, 150
L 916.28, -213.12, 0.0000, 916.28, -284.91, 0.0000, 90, 60, 120
L 924.28, -203.12, 0.0000, 924.28, -274.91, 0.0000, 120, 90, 150
L 916.28, -284.91, 0.0000, 939.98, -245.42, 0.0000, 90, 60, 120
L 924.28, -274.91, 0.0000, 947.98, -235.42, 0.0000, 120, 90, 150
L 939.98, -245.42, 0.0000, 963.67, -284.91, 0.0000, 90, 60, 120
L 947.98, -235.42, 0.0000, 971.67, -274.91, 0.0000, 120, 90, 150
L 963.67, -284.91, 0.0000, 963.67, -213.12, 0.0000, 90, 60, 120
L 971.67, -274.91, 0.0000, 971.67, -203.12, 0.0000, 120, 90, 150
L 989.99, -213.12, 0.0000, 989.99, -284.91, 0.0000, 90, 60, 120
L 997.99, -203.12, 0.0000, 997.99, -274.91, 0.0000, 120, 90, 150
L 989.99, -284.91, 0.0000, 1013.68, -245.42, 0.0000, 90, 60, 120
L 997.99, -274.91, 0.0000, 1021.68, -235.42, 0.0000, 120, 90, 150
L 1013.68, -245.42, 0.0000, 1037.38, -284.91, 0.0000, 90, 60, 120
L 1021.68, -235.42, 0.0000, 1045.38, -274.91, 0.0000, 120, 90, 150
L 1037.38, -284.91, 0.0000, 1037.38, -213.12, 0.0000, 90, 60, 120
L 1045.38, -274.91, 0.0000, 1045.38, -203.12, 0.0000, 120, 90, 150
L 1075.55, -213.12, 0.0000, 1099.24, -213.12, 0.0000, 90, 60, 120
L 1083.55, -203.12, 0.0000, 1107.24, -203.12, 0.0000, 120, 90, 150
L 1099.24, -213.12, 0.0000, 1111.08, -234.65, 0.0000, 90, 60, 120
L 1107.24, -203.12, 0.0000, 1119.08, -224.65, 0.0000, 120, 90, 150
L 1111.08, -234.65, 0.0000, 1111.08, -263.37, 0.0000, 90, 60, 120
L 1119.08, -224.65, 0.0000, 1119.08, -253.37, 0.0000, 120, 90, 150
L 1111.08, -263.37, 0.0000, 1099.24, -284.91, 0.0000, 90, 60, 120
L 1119.08, -253.37, 0.0000, 1107.24, -274.91, 0.0000, 120, 90, 150
L 1099.24, -284.91, 0.0000, 1075.55, -284.91, 0.0000, 90, 60, 120
L 1107.24, -274.91, 0.0000, 1083.55, -274.91, 0.0000, 120, 90, 150
L 1075.55, -284.91, 0.0000, 1063.70, -263.37, 0.0000, 90, 60, 120
L 1083.55, -274.91, 0.0000, 1071.70, -253.37, 0.0000, 120, 90, 150
L 1063.70, -263.37, 0.0000, 1063.70, -234.65, 0.0000, 90, 60, 120
L 1071.70, -253.37, 0.0000, 1071.70, -224.65, 0.0000, 120, 90, 150
L 1063.70, -234.65, 0.0000, 1075.55, -213.12, 0.0000, 90, 60, 120
L 1071.70, -224.65, 0.0000, 1083.55, -203.12, 0.0000, 120, 90, 150
L 1137.41, -213.12, 0.0000, 1137.41, -284.91, 0.0000, 90, 60, 120
L 1145.41, -203.12, 0.0000, 1145.41, -274.91, 0.0000, 120, 90, 150
L 1137.41, -284.91, 0.0000, 1184.79, -213.12, 0.0000, 90, 60, 120
L 1145.41, -274.91, 0.0000, 1192.79, -203.12, 0.0000, 120, 90, 150
L 1184.79, -213.12, 0.0000, 1184.79, -284.91, 0.0000, 90, 60, 120
L 1192.79, -203.12, 0.0000, 1192.79, -274.91, 0.0000, 120, 90, 150
L 1258.50, -274.14, 0.0000, 1249.02, -284.91, 0.0000, 90, 60, 120
L 1266.50, -264.14, 0.0000, 1257.02, -274.91, 0.0000, 120, 90, 150
L 1249.02, -284.91, 0.0000, 1220.59, -284.91, 0.0000, 90, 60, 120
L 1257.02, -274.91, 0.0000, 1228.59, -274.91, 0.0000, 120, 90, 150
L 1220.59, -284.91, 0.0000, 1211.12, -271.99, 0.0000, 90, 60, 120
L 1228.59, -274.91, 0.0000, 1219.12, -261.99, 0.0000, 120, 90, 150
L 1211.12, -271.99, 0.0000, 1211.12, -256.19, 0.0000, 90, 60, 120
L 1219.12, -261.99, 0.0000, 1219.12, -246.19, 0.0000, 120, 90, 150
L 1211.12, -256.19, 0.0000, 1220.59, -249.01, 0.0000, 90, 60, 120
L 1219.12, -246.19, 0.0000, 1228.59, -239.01, 0.0000, 120, 90, 150
L 1220.59, -249.01, 0.0000, 1249.02, -249.01, 0.0000, 90, 60, 120
L 1228.59, -239.01, 0.0000, 1257.02, -239.01, 0.0000, 120, 90, 150
L 1249.02, -249.01, 0.0000, 1258.50, -240.40, 0.0000, 90, 60, 120
L 1257.02, -239.01, 0.0000, 1266.50, -230.40, 0.0000, 120, 90, 150
L 1258.50, -240.40, 0.0000, 1258.50, -224.60, 0.0000, 90, 60, 120
L 1266.50, -230.40, 0.0000, 1266.50, -214.60, 0.0000, 120, 90, 150
L 1258.50, -224.60, 0.0000, 1249.02, -213.12, 0.0000, 90, 60, 120
L 1266.50, -214.60, 0.0000, 1257.02, -203.12, 0.0000, 120, 90, 150
L 1249.02, -213.12, 0.0000, 1220.59, -213.12, 0.0000, 90, 60, 120
L 1257.02, -203.12, 0.0000, 1228.59, -203.12, 0.0000, 120, 90, 150
L 1220.59, -213.12, 0.0000, 1211.12, -224.60, 0.0000, 90, 60, 120
L 1228.59, -203.12, 0.0000, 1219.12, -214.60, 0.0000, 120, 90, 150
L 222.91, -167.12, 0.0000, 1288.50, -167.12, 0.0000, 120, 90, 150
L 222.91, -326.91, 0.0000, 1288.50, -326.91, 0.0000, 120, 90, 150
L 388.41, 261.38, 0.0000, 387.04, 277.01, 0.0000, 50, 40, 64
L 387.04, 277.01, 0.0000, 382.98, 292.16, 0.0000, 50, 40, 64
L 382.98, 292.16, 0.0000, 376.35, 306.38, 0.0000, 50, 40, 64
L 376.35, 306.38, 0.0000, 367.35, 319.23, 0.0000, 50, 40, 64
L 367.35, 319.23, 0.0000, 356.26, 330.32, 0.0000, 50, 40, 64
L 356.26, 330.32, 0.0000, 343.41, 339.32, 0.0000, 50, 40, 64
L 343.41, 339.32, 0.0000, 329.19, 345.95, 0.0000, 50, 40, 64
L 329.19, 345.95, 0.0000, 314.04, 350.01, 0.0000, 50, 40, 64
L 314.04, 350.01, 0.0000, 298.41, 351.38, 0.0000, 50, 40, 64
L 298.41, 351.38, 0.0000, 282.78, 350.01, 0.0000, 50, 40, 64
L 282.78, 350.01, 0.0000, 267.63, 345.95, 0.0000, 50, 40, 64
L 267.63, 345.95, 0.0000, 253.41, 339.32, 0.0000, 50, 40, 64
L 253.41, 339.32, 0.0000, 240.56, 330.32, 0.0000, 50, 40, 64
L 240.56, 330.32, 0.0000, 229.47, 319.23, 0.0000, 50, 40, 64
L 229.47, 319.23, 0.0000, 220.47, 306.38, 0.0000, 50, 40, 64
L 220.47, 306.38, 0.0000, 213.84, 292.16, 0.0000, 50, 40, 64
L 213.84, 292.16, 0.0000, 209.78, 277.01, 0.0000, 50, 40, 64
L 209.78, 277.01, 0.0000, 208.41, 261.38, 0.0000, 50, 40, 64
L 208.41, 261.38, 0.0000, 209.78, 245.75, 0.0000, 50, 40, 64
L 209.78, 245.75, 0.0000, 213.84, 230.60, 0.0000, 50, 40, 64
L 213.84, 230.60, 0.0000, 220.47, 216.38, 0.0000, 50, 40, 64
L 220.47, 216.38, 0.0000, 229.47, 203.53, 0.0000, 50, 40, 64
L 229.47, 203.53, 0.0000, 240.56, 192.44, 0.0000, 50, 40, 64
L 240.56, 192.44, 0.0000, 253.41, 183.44, 0.0000, 50, 40, 64
L 253.41, 183.44, 0.0000, 267.63, 176.81, 0.0000, 50, 40, 64
L 267.63, 176.81, 0.0000, 282.78, 172.75, 0.0000, 50, 40, 64
L 282.78, 172.75, 0.0000, 298.41, 171.38, 0.0000, 50, 40, 64
L 298.41, 171.38, 0.0000, 314.04, 172.75, 0.0000, 50, 40, 64
L 314.04, 172.75, 0.0000, 329.19, 176.81, 0.0000, 50, 40, 64
L 329.19, 176.81, 0.0000, 343.41, 183.44, 0.0000, 50, 40, 64
L 343.41, 183.44, 0.0000, 356.26, 192.44, 0.0000, 50, 40, 64
L 356.26, 192.44, 0.0000, 367.35, 203.53, 0.0000, 50, 40, 64
L 367.35, 203.53, 0.0000, 376.35, 216.38, 0.0000, 50, 40, 64
L 376.35, 216.38, 0.0000, 382.98, 230.60, 0.0000, 50, 40, 64
L 382.98, 230.60, 0.0000, 387.04, 245.75, 0.0000, 50, 40, 64
L 387.04, 245.75, 0.0000, 388.41, 261.38, 0.0000, 50, 40, 64
L 400.11, 261.38, 0.0000, 398.56, 279.04, 0.0000, 120, 90, 150
L 398.56, 279.04, 0.0000, 393.98, 296.16, 0.0000, 120, 90, 150
L 393.98, 296.16, 0.0000, 386.48, 312.23, 0.0000, 120, 90, 150
L 386.48, 312.23, 0.0000, 376.32, 326.75, 0.0000, 120, 90, 150
L 376.32, 326.75, 0.0000, 363.78, 339.29, 0.0000, 120, 90, 150
L 363.78, 339.29, 0.0000, 349.26, 349.45, 0.0000, 120, 90, 150
L 349.26, 349.45, 0.0000, 333.19, 356.95, 0.0000, 120, 90, 150
L 333.19, 356.95, 0.0000, 316.07, 361.53, 0.0000, 120, 90, 150
L 316.07, 361.53, 0.0000, 298.41, 363.08, 0.0000, 120, 90, 150
L 298.41, 363.08, 0.0000, 280.75, 361.53, 0.0000, 120, 90, 150
L 280.75, 361.53, 0.0000, 263.63, 356.95, 0.0000, 120, 90, 150
L 263.63, 356.95, 0.0000, 247.56, 349.45, 0.0000, 120, 90, 150
L 247.56, 349.45, 0.0000, 233.04, 339.29, 0.0000, 120, 90, 150
L 233.04, 339.29, 0.0000, 220.50, 326.75, 0.0000, 120, 90, 150
L 220.50, 326.75, 0.0000, 210.34, 312.23, 0.0000, 120, 90, 150
L 210.34, 312.23, 0.0000, 202.84, 296.16, 0.0000, 120, 90, 150
L 202.84, 296.16, 0.0000, 198.26, 279.04, 0.0000, 120, 90, 150
L 198.26, 279.04, 0.0000, 196.71, 261.38, 0.0000, 120, 90, 150
L 196.71, 261.38, 0.0000, 198.26, 243.72, 0.0000, 120, 90, 150
L 198.26, 243.72, 0.0000, 202.84, 226.60, 0.0000, 120, 90, 150
L 202.84, 226.60, 0.0000, 210.34, 210.53, 0.0000, 120, 90, 150
L 210.34, 210.53, 0.0000, 220.50, 196.01, 0.0000, 120, 90, 150
L 220.50, 196.01, 0.0000, 233.04, 183.47, 0.0000, 120, 90, 150
L 233.04, 183.47, 0.0000, 247.56, 173.31, 0.0000, 120, 90, 150
L 247.56, 173.31, 0.0000, 263.63, 165.81, 0.0000, 120, 90, 150
L 263.63, 165.81, 0.0000, 280.75, 161.23, 0.0000, 120, 90, 150
L 280.75, 161.23, 0.0000, 298.41, 159.68, 0.0000, 120, 90, 150
L 298.41, 159.68, 0.0000, 316.07, 161.23, 0.0000, 120, 90, 150
L 316.07, 161.23, 0.0000, 333.19, 165.81, 0.0000, 120, 90, 150
L 333.19, 165.81, 0.0000, 349.26, 173.31, 0.0000, 120, 90, 150
L 349.26, 173.31, 0.0000, 363.78, 183.47, 0.0000, 120, 90, 150
L 363.78, 183.47, 0.0000, 376.32, 196.01, 0.0000, 120, 90, 150
L 376.32, 196.01, 0.0000, 386.48, 210.53, 0.0000, 120, 90, 150
L 386.48, 210.53, 0.0000, 393.98, 226.60, 0.0000, 120, 90, 150
L 393.98, 226.60, 0.0000, 398.56, 243.72, 0.0000, 120, 90, 150
L 398.56, 243.72, 0.0000, 400.11, 261.38, 0.0000, 120, 90, 150
L 298.41, 261.38, 0.0000, 298.41, 171.38, 0.0000, 120, 90, 150
L 298.41, 261.38, 0.0000, 336.59, 223.20, 0.0000, 120, 110, 130
L 298.41, 261.38, 0.0000, 388.41, 261.38, 0.0000, 120, 90, 150
L 298.41, 261.38, 0.0000, 336.59, 299.56, 0.0000, 120, 110, 130
L 298.41, 261.38, 0.0000, 298.41, 351.38, 0.0000, 120, 90, 150
L 298.41, 261.38, 0.0000, 260.23, 299.56, 0.0000, 120, 110, 130
L 298.41, 261.38, 0.0000, 208.41, 261.38, 0.0000, 120, 90, 150
L 298.41, 261.38, 0.0000, 260.23, 223.20, 0.0000, 120, 110, 130
L 298.41, 216.38, 0.0000, 298.41, 180.38, 0.0000, 90, 60, 120
L 290.41, 189.38, 0.0000, 298.41, 176.78, 0.0000, 90, 60, 120
L 306.41, 189.38, 0.0000, 298.41, 176.78, 0.0000, 90, 60, 120
P 298.41, 146.18, 0.0000, 90, 60, 120, 3, N
P 298.41, 376.58, 0.0000, 50, 40, 64, 1, S
P 413.61, 261.38, 0.0000, 50, 40, 64, 1, E
P 183.21, 261.38, 0.0000, 50, 40, 64, 1, W
