L -120.00, -291.88, 0.0000, -120.00, 616.75, 0.0000, 120, 110, 130
L 0.00, -291.88, 0.0000, 0.00, 616.75, 0.0000, 120, 110, 130
L 120.00, -291.88, 0.0000, 120.00, 616.75, 0.0000, 120, 110, 130
L 240.00, -291.88, 0.0000, 240.00, 616.75, 0.0000, 120, 110, 130
L 360.00, -291.88, 0.0000, 360.00, 616.75, 0.0000, 120, 110, 130
L 480.00, -291.88, 0.0000, 480.00, 616.75, 0.0000, 120, 110, 130
L -209.91, 0.00, 0.0000, 527.78, 0.00, 0.0000, 120, 110, 130
L -209.91, 120.00, 0.0000, 527.78, 120.00, 0.0000, 120, 110, 130
L -209.91, 240.00, 0.0000, 527.78, 240.00, 0.0000, 120, 110, 130
L -209.91, 360.00, 0.0000, 527.78, 360.00, 0.0000, 120, 110, 130
L -209.91, 480.00, 0.0000, 527.78, 480.00, 0.0000, 120, 110, 130
L -209.91, 600.00, 0.0000, 527.78, 600.00, 0.0000, 120, 110, 130
L -209.91, 616.75, 0.0000, 527.78, 616.75, 0.0000, 120, 110, 130
L -209.91, -291.88, 0.0000, -209.91, 616.75, 0.0000, 120, 110, 130
L 527.78, -291.88, 0.0000, 527.78, 616.75, 0.0000, 120, 110, 130
L -359.91, -441.88, 0.0000, -230.20, -413.46, 0.0000, 50, 40, 64
L -230.20, -413.46, 0.0000, -100.49, -441.88, 0.0000, 50, 40, 64
L -100.49, -441.88, 0.0000, 29.22, -418.72, 0.0000, 50, 40, 64
L 29.22, -418.72, 0.0000, 158.94, -441.88, 0.0000, 50, 40, 64
L 158.94, -441.88, 0.0000, 288.65, -429.21, 0.0000, 50, 40, 64
L 288.65, -429.21, 0.0000, 418.36, -441.88, 0.0000, 50, 40, 64
L 418.36, -441.88, 0.0000, 548.07, -425.61, 0.0000, 50, 40, 64
L 548.07, -425.61, 0.0000, 677.78, -441.88, 0.0000, 50, 40, 64
L 677.78, -441.88, 0.0000, 664.01, -321.02, 0.0000, 50, 40, 64
L 664.01, -321.02, 0.0000, 677.78, -200.15, 0.0000, 50, 40, 64
L 677.78, -200.15, 0.0000, 667.20, -79.29, 0.0000, 50, 40, 64
L 667.20, -79.29, 0.0000, 677.78, 41.57, 0.0000, 50, 40, 64
L 677.78, 41.57, 0.0000, 663.66, 162.44, 0.0000, 50, 40, 64
L 663.66, 162.44, 0.0000, 677.78, 283.30, 0.0000, 50, 40, 64
L 677.78, 283.30, 0.0000, 651.26, 404.16, 0.0000, 50, 40, 64
L 651.26, 404.16, 0.0000, 677.78, 525.02, 0.0000, 50, 40, 64
L 677.78, 525.02, 0.0000, 659.21, 645.89, 0.0000, 50, 40, 64
L 659.21, 645.89, 0.0000, 677.78, 766.75, 0.0000, 50, 40, 64
L 677.78, 766.75, 0.0000, 548.07, 752.20, 0.0000, 50, 40, 64
L 548.07, 752.20, 0.0000, 418.36, 766.75, 0.0000, 50, 40, 64
L 418.36, 766.75, 0.0000, 288.65, 737.95, 0.0000, 50, 40, 64
L 288.65, 737.95, 0.0000, 158.93, 766.75, 0.0000, 50, 40, 64
L 158.93, 766.75, 0.0000, 29.22, 740.03, 0.0000, 50, 40, 64
L 29.22, 740.03, 0.0000, -100.49, 766.75, 0.0000, 50, 40, 64
L -100.49, 766.75, 0.0000, -230.20, 739.43, 0.0000, 50, 40, 64
L -230.20, 739.43, 0.0000, -359.91, 766.75, 0.0000, 50, 40, 64
L -359.91, 766.75, 0.0000, -338.95, 645.89, 0.0000, 50, 40, 64
L -338.95, 645.89, 0.0000, -359.91, 525.02, 0.0000, 50, 40, 64
L -359.91, 525.02, 0.0000, -345.20, 404.16, 0.0000, 50, 40, 64
L -345.20, 404.16, 0.0000, -359.91, 283.30, 0.0000, 50, 40, 64
L -359.91, 283.30, 0.0000, -347.21, 162.43, 0.0000, 50, 40, 64
L -347.21, 162.43, 0.0000, -359.91, 41.57, 0.0000, 50, 40, 64
L -359.91, 41.57, 0.0000, -335.07, -79.29, 0.0000, 50, 40, 64
L -335.07, -79.29, 0.0000, -359.91, -200.15, 0.0000, 50, 40, 64
L -359.91, -200.15, 0.0000, -342.60, -321.02, 0.0000, 50, 40, 64
L -342.60, -321.02, 0.0000, -359.91, -441.88, 0.0000, 50, 40, 64
L 632.78, -396.88, 0.0000, 626.38, -237.08, 0.0000, 120, 90, 150
L 626.38, -237.08, 0.0000, 632.78, -77.27, 0.0000, 120, 90, 150
L 632.78, -77.27, 0.0000, 618.81, 82.53, 0.0000, 120, 90, 150
L 618.81, 82.53, 0.0000, 632.78, 242.34, 0.0000, 120, 90, 150
L 632.78, 242.34, 0.0000, 621.38, 402.14, 0.0000, 120, 90, 150
L 621.38, 402.14, 0.0000, 632.78, 561.95, 0.0000, 120, 90, 150
L 632.78, 561.95, 0.0000, 626.27, 721.75, 0.0000, 120, 90, 150
L 632.78, 721.75, 0.0000, 474.83, 711.54, 0.0000, 120, 90, 150
L 474.83, 711.54, 0.0000, 316.88, 721.75, 0.0000, 120, 90, 150
L 316.88, 721.75, 0.0000, 158.94, 710.34, 0.0000, 120, 90, 150
L 158.94, 710.34, 0.0000, 0.99, 721.75, 0.0000, 120, 90, 150
L 0.99, 721.75, 0.0000, -156.96, 708.53, 0.0000, 120, 90, 150
L -156.96, 708.53, 0.0000, -314.91, 721.75, 0.0000, 120, 90, 150
L -314.91, 721.75, 0.0000, -304.97, 561.95, 0.0000, 120, 90, 150
L -304.97, 561.95, 0.0000, -314.91, 402.14, 0.0000, 120, 90, 150
L -314.91, 402.14, 0.0000, -306.12, 242.34, 0.0000, 120, 90, 150
L -306.12, 242.34, 0.0000, -314.91, 82.53, 0.0000, 120, 90, 150
L -314.91, 82.53, 0.0000, -306.68, -77.27, 0.0000, 120, 90, 150
L -306.68, -77.27, 0.0000, -314.91, -237.08, 0.0000, 120, 90, 150
L -314.91, -237.08, 0.0000, -305.57, -396.88, 0.0000, 120, 90, 150
L -179.91, -204.90, 0.0000, -179.91, -321.88, 0.0000, 90, 60, 120
L -171.91, -194.90, 0.0000, -171.91, -311.88, 0.0000, 120, 90, 150
L -179.91, -321.88, 0.0000, -102.70, -204.90, 0.0000, 90, 60, 120
L -171.91, -311.88, 0.0000, -94.70, -194.90, 0.0000, 120, 90, 150
L -102.70, -204.90, 0.0000, -102.70, -321.88, 0.0000, 90, 60, 120
L -94.70, -194.90, 0.0000, -94.70, -311.88, 0.0000, 120, 90, 150
L 17.39, -321.88, 0.0000, -59.81, -321.88, 0.0000, 90, 60, 120
L 25.39, -311.88, 0.0000, -51.81, -311.88, 0.0000, 120, 90, 150
L -59.81, -321.88, 0.0000, -59.81, -204.90, 0.0000, 90, 60, 120
L -51.81, -311.88, 0.0000, -51.81, -194.90, 0.0000, 120, 90, 150
L -59.81, -204.90, 0.0000, 17.39, -204.90, 0.0000, 90, 60, 120
L -51.81, -194.90, 0.0000, 25.39, -194.90, 0.0000, 120, 90, 150
L -59.81, -263.39, 0.0000, -5.77, -263.39, 0.0000, 90, 60, 120
L -51.81, -253.39, 0.0000, 2.23, -253.39, 0.0000, 120, 90, 150
L 60.28, -204.90, 0.0000, 60.28, -321.88, 0.0000, 90, 60, 120
L 68.28, -194.90, 0.0000, 68.28, -311.88, 0.0000, 120, 90, 150
L 60.28, -321.88, 0.0000, 114.33, -321.88, 0.0000, 90, 60, 120
L 68.28, -311.88, 0.0000, 122.33, -311.88, 0.0000, 120, 90, 150
L 114.33, -321.88, 0.0000, 133.63, -298.48, 0.0000, 90, 60, 120
L 122.33, -311.88, 0.0000, 141.63, -288.48, 0.0000, 120, 90, 150
L 133.63, -298.48, 0.0000, 114.33, -269.24, 0.0000, 90, 60, 120
L 141.63, -288.48, 0.0000, 122.33, -259.24, 0.0000, 120, 90, 150
L 114.33, -269.24, 0.0000, 60.28, -269.24, 0.0000, 90, 60, 120
L 122.33, -259.24, 0.0000, 68.28, -259.24, 0.0000, 120, 90, 150
L 87.31, -269.24, 0.0000, 137.49, -204.90, 0.0000, 90, 60, 120
L 95.31, -259.24, 0.0000, 145.49, -194.90, 0.0000, 120, 90, 150
L 218.98, -204.90, 0.0000, 218.98, -321.88, 0.0000, 90, 60, 120
L 226.98, -194.90, 0.0000, 226.98, -311.88, 0.0000, 120, 90, 150
L 195.82, -321.88, 0.0000, 242.15, -321.88, 0.0000, 90, 60, 120
L 203.82, -311.88, 0.0000, 250.15, -311.88, 0.0000, 120, 90, 150
L 195.82, -204.90, 0.0000, 242.15, -204.90, 0.0000, 90, 60, 120
L 203.82, -194.90, 0.0000, 250.15, -194.90, 0.0000, 120, 90, 150
L 300.48, -204.90, 0.0000, 339.08, -321.88, 0.0000, 90, 60, 120
L 308.48, -194.90, 0.0000, 347.08, -311.88, 0.0000, 120, 90, 150
L 339.08, -321.88, 0.0000, 377.68, -204.90, 0.0000, 90, 60, 120
L 347.08, -311.88, 0.0000, 385.68, -194.90, 0.0000, 120, 90, 150
L 319.78, -251.69, 0.0000, 358.38, -251.69, 0.0000, 90, 60, 120
L 327.78, -241.69, 0.0000, 366.38, -241.69, 0.0000, 120, 90, 150
L 420.57, -204.90, 0.0000, 420.57, -321.88, 0.0000, 90, 60, 120
L 428.57, -194.90, 0.0000, 428.57, -311.88, 0.0000, 120, 90, 150
L 420.57, -257.54, 0.0000, 486.20, -321.88, 0.0000, 90, 60, 120
L 428.57, -247.54, 0.0000, 494.20, -311.88, 0.0000, 120, 90, 150
L 439.88, -269.24, 0.0000, 490.06, -204.90, 0.0000, 90, 60, 120
L 447.88, -259.24, 0.0000, 498.06, -194.90, 0.0000, 120, 90, 150
L -209.91, -158.90, 0.0000, 527.78, -158.90, 0.0000, 120, 90, 150
L -209.91, -363.88, 0.0000, 527.78, -363.88, 0.0000, 120, 90, 150
L -192.41, 669.25, 0.0000, -193.47, 681.41, 0.0000, 50, 40, 64
L -193.47, 681.41, 0.0000, -196.63, 693.19, 0.0000, 50, 40, 64
L -196.63, 693.19, 0.0000, -201.79, 704.25, 0.0000, 50, 40, 64
L -201.79, 704.25, 0.0000, -208.79, 714.25, 0.0000, 50, 40, 64
L -208.79, 714.25, 0.0000, -217.41, 722.87, 0.0000, 50, 40, 64
L -217.41, 722.87, 0.0000, -227.41, 729.87, 0.0000, 50, 40, 64
L -227.41, 729.87, 0.0000, -238.47, 735.03, 0.0000, 50, 40, 64
L -238.47, 735.03, 0.0000, -250.25, 738.19, 0.0000, 50, 40, 64
L -250.25, 738.19, 0.0000, -262.41, 739.25, 0.0000, 50, 40, 64
L -262.41, 739.25, 0.0000, -274.57, 738.19, 0.0000, 50, 40, 64
L -274.57, 738.19, 0.0000, -286.35, 735.03, 0.0000, 50, 40, 64
L -286.35, 735.03, 0.0000, -297.41, 729.87, 0.0000, 50, 40, 64
L -297.41, 729.87, 0.0000, -307.41, 722.87, 0.0000, 50, 40, 64
L -307.41, 722.87, 0.0000, -316.03, 714.25, 0.0000, 50, 40, 64
L -316.03, 714.25, 0.0000, -323.03, 704.25, 0.0000, 50, 40, 64
L -323.03, 704.25, 0.0000, -328.19, 693.19, 0.0000, 50, 40, 64
L -328.19, 693.19, 0.0000, -331.35, 681.41, 0.0000, 50, 40, 64
L -331.35, 681.41, 0.0000, -332.41, 669.25, 0.0000, 50, 40, 64
L -332.41, 669.25, 0.0000, -331.35, 657.09, 0.0000, 50, 40, 64
L -331.35, 657.09, 0.0000, -328.19, 645.31, 0.0000, 50, 40, 64
L -328.19, 645.31, 0.0000, -323.03, 634.25, 0.0000, 50, 40, 64
L -323.03, 634.25, 0.0000, -316.03, 624.25, 0.0000, 50, 40, 64
L -316.03, 624.25, 0.0000, -307.41, 615.63, 0.0000, 50, 40, 64
L -307.41, 615.63, 0.0000, -297.41, 608.63, 0.0000, 50, 40, 64
L -297.41, 608.63, 0.0000, -286.35, 603.47, 0.0000, 50, 40, 64
L -286.35, 603.47, 0.0000, -274.57, 600.31, 0.0000, 50, 40, 64
L -274.57, 600.31, 0.0000, -262.41, 599.25, 0.0000, 50, 40, 64
L -262.41, 599.25, 0.0000, -250.25, 600.31, 0.0000, 50, 40, 64
L -250.25, 600.31, 0.0000, -238.47, 603.47, 0.0000, 50, 40, 64
L -238.47, 603.47, 0.0000, -227.41, 608.63, 0.0000, 50, 40, 64
L -227.41, 608.63, 0.0000, -217.41, 615.63, 0.0000, 50, 40, 64
L -217.41, 615.63, 0.0000, -208.79, 624.25, 0.0000, 50, 40, 64
L -208.79, 624.25, 0.0000, -201.79, 634.25, 0.0000, 50, 40, 64
L -201.79, 634.25, 0.0000, -196.63, 645.31, 0.0000, 50, 40, 64
L -196.63, 645.31, 0.0000, -193.47, 657.09, 0.0000, 50, 40, 64
L -193.47, 657.09, 0.0000, -192.41, 669.25, 0.0000, 50, 40, 64
L -183.31, 669.25, 0.0000, -184.51, 682.99, 0.0000, 120, 90, 150
L -184.51, 682.99, 0.0000, -188.08, 696.30, 0.0000, 120, 90, 150
L -188.08, 696.30, 0.0000, -193.91, 708.80, 0.0000, 120, 90, 150
L -193.91, 708.80, 0.0000, -201.82, 720.09, 0.0000, 120, 90, 150
L -201.82, 720.09, 0.0000, -211.57, 729.84, 0.0000, 120, 90, 150
L -211.57, 729.84, 0.0000, -222.86, 737.75, 0.0000, 120, 90, 150
L -222.86, 737.75, 0.0000, -235.36, 743.58, 0.0000, 120, 90, 150
L -235.36, 743.58, 0.0000, -248.67, 747.15, 0.0000, 120, 90, 150
L -248.67, 747.15, 0.0000, -262.41, 748.35, 0.0000, 120, 90, 150
L -262.41, 748.35, 0.0000, -276.15, 747.15, 0.0000, 120, 90, 150
L -276.15, 747.15, 0.0000, -289.46, 743.58, 0.0000, 120, 90, 150
L -289.46, 743.58, 0.0000, -301.96, 737.75, 0.0000, 120, 90, 150
L -301.96, 737.75, 0.0000, -313.25, 729.84, 0.0000, 120, 90, 150
L -313.25, 729.84, 0.0000, -323.00, 720.09, 0.0000, 120, 90, 150
L -323.00, 720.09, 0.0000, -330.91, 708.80, 0.0000, 120, 90, 150
L -330.91, 708.80, 0.0000, -336.74, 696.30, 0.0000, 120, 90, 150
L -336.74, 696.30, 0.0000, -340.31, 682.99, 0.0000, 120, 90, 150
L -340.31, 682.99, 0.0000, -341.51, 669.25, 0.0000, 120, 90, 150
L -341.51, 669.25, 0.0000, -340.31, 655.51, 0.0000, 120, 90, 150
L -340.31, 655.51, 0.0000, -336.74, 642.20, 0.0000, 120, 90, 150
L -336.74, 642.20, 0.0000, -330.91, 629.70, 0.0000, 120, 90, 150
L -330.91, 629.70, 0.0000, -323.00, 618.41, 0.0000, 120, 90, 150
L -323.00, 618.41, 0.0000, -313.25, 608.66, 0.0000, 120, 90, 150
L -313.25, 608.66, 0.0000, -301.96, 600.75, 0.0000, 120, 90, 150
L -301.96, 600.75, 0.0000, -289.46, 594.92, 0.0000, 120, 90, 150
L -289.46, 594.92, 0.0000, -276.15, 591.35, 0.0000, 120, 90, 150
L -276.15, 591.35, 0.0000, -262.41, 590.15, 0.0000, 120, 90, 150
L -262.41, 590.15, 0.0000, -248.67, 591.35, 0.0000, 120, 90, 150
L -248.67, 591.35, 0.0000, -235.36, 594.92, 0.0000, 120, 90, 150
L -235.36, 594.92, 0.0000, -222.86, 600.75, 0.0000, 120, 90, 150
L -222.86, 600.75, 0.0000, -211.57, 608.66, 0.0000, 120, 90, 150
L -211.57, 608.66, 0.0000, -201.82, 618.41, 0.0000, 120, 90, 150
L -201.82, 618.41, 0.0000, -193.91, 629.70, 0.0000, 120, 90, 150
L -193.91, 629.70, 0.0000, -188.08, 642.20, 0.0000, 120, 90, 150
L -188.08, 642.20, 0.0000, -184.51, 655.51, 0.0000, 120, 90, 150
L -184.51, 655.51, 0.0000, -183.31, 669.25, 0.0000, 120, 90, 150
L -262.41, 669.25, 0.0000, -262.41, 599.25, 0.0000, 120, 90, 150
L -262.41, 669.25, 0.0000, -232.71, 639.55, 0.0000, 120, 110, 130
L -262.41, 669.25, 0.0000, -192.41, 669.25, 0.0000, 120, 90, 150
L -262.41, 669.25, 0.0000, -232.71, 698.95, 0.0000, 120, 110, 130
L -262.41, 669.25, 0.0000, -262.41, 739.25, 0.0000, 120, 90, 150
L -262.41, 669.25, 0.0000, -292.11, 698.95, 0.0000, 120, 110, 130
L -262.41, 669.25, 0.0000, -332.41, 669.25, 0.0000, 120, 90, 150
L -262.41, 669.25, 0.0000, -292.11, 639.55, 0.0000, 120, 110, 130
L -262.41, 634.25, 0.0000, -262.41, 606.25, 0.0000, 90, 60, 120
L -270.41, 613.25, 0.0000, -262.41, 603.45, 0.0000, 90, 60, 120
L -254.41, 613.25, 0.0000, -262.41, 603.45, 0.0000, 90, 60, 120
P -262.41, 579.65, 0.0000, 90, 60, 120, 3, N
P -262.41, 758.85, 0.0000, 50, 40, 64, 1, S
P -172.81, 669.25, 0.0000, 50, 40, 64, 1, E
P -352.01, 669.25, 0.0000, 50, 40, 64, 1, W
