P 89.7700, 5.0000, 3.8100, 28, 48, 112, 3, Task_Master`s_Quarters
P 163.9100, -132.0100, 3.8100, 40, 26, 58, 2, Silk_Underground
P 196.6200, -189.5600, 17.8100, 40, 26, 58, 2, Slugs_Tavern
P 98.7800, -151.6200, 2.8100, 40, 26, 58, 2, The_Smugglers_Inn
P 244.4300, -121.1600, 3.8100, 40, 26, 58, 2, Drana`s_Bread_n`_Butcher
P 268.9100, 344.4200, -0.1900, 40, 26, 58, 2, Bulls_Pit
P 188.8000, 303.5900, 3.8100, 40, 26, 58, 2, Shinie_Tings
P 375.4900, 251.1500, 6.8100, 40, 26, 58, 2, Bronk`s
P 134.1000, 349.0900, 3.8100, 40, 26, 58, 2, Bites_n`_Pieces
P 437.4600, 296.2700, 18.8100, 40, 26, 58, 2, Pig_Sticker
P 419.8000, 466.4200, 4.8100, 28, 48, 112, 3, Southern_Guard_House
P 175.9350, -249.5600, 0.0000, 70, 22, 96, 3, Northern_Quarter
P 304.0933, 191.1500, 0.0000, 70, 22, 96, 3, Southern_Quarter
