P 1517.8500, -772.7200, -80.1500, 40, 26, 58, 2, The_Rock
P 1447.9700, -761.9900, -80.1500, 40, 26, 58, 2, Cuisine_Excelsior
P 1420.2500, -823.8700, -80.1500, 40, 26, 58, 2, The_Bauble
P 1452.4000, -883.2300, -80.1500, 40, 26, 58, 2, The_Maiden's_Fancy
P 1444.1700, -868.4600, -108.1500, 40, 26, 58, 2, Underground_Brothel
P 1322.2600, -764.1600, -80.1500, 40, 26, 58, 2, Furrier_Royale
P 1336.6100, -701.3700, -80.1500, 40, 26, 58, 2, The_Ebon_Mask
P 1315.0100, -857.6900, -66.1500, 28, 48, 112, 3, Library
P 1199.5500, -762.6400, -80.1500, 28, 48, 112, 3, Third_Gate
P 812.4000, -465.6100, -52.1500, 70, 22, 96, 3, Temple_of_Hate
P 1640.0000, -1320.0000, -80.1500, 70, 22, 96, 3, Embassy
