P 1013.1700, 156.9500, -38.1500, 40, 26, 58, 2, Toadstool
P 1132.8600, 27.8400, -24.1900, 62, 24, 92, 3, The_Indigo_Brotherhood
P 1030.2300, 28.1000, -38.1500, 28, 48, 112, 3, House_of_D`Abth
P 930.4300, -59.7100, -38.1500, 104, 56, 26, 2, Forge_House
P 951.5900, -32.6100, -38.1500, 40, 26, 58, 2, Neriak_Down_Under_2
P 925.4000, -25.9700, -52.1500, 40, 26, 58, 2, The_Burnished_Coin
P 879.3500, -63.6100, -52.1500, 40, 26, 58, 2, The_Refined_Palate
P 879.2500, -36.4400, -52.1500, 40, 26, 58, 2, Bounty_of_the_Earth
P 851.3200, -29.9600, -52.1500, 40, 26, 58, 2, The_Blind_Fish
P 813.2000, -76.5000, -38.1500, 40, 26, 58, 2, Neriak_Down_Under_1
P 1090.2600, 147.4100, -37.1500, 40, 26, 58, 2, The_Bleek_Fletcher
P 899.4800, -34.7900, -38.1500, 40, 26, 58, 2, Adamant_Armor
