P -153.5400, -29.0400, -1.0000, 96, 0, 140, 3, to_Nektulos_Forest
P 342.4600, -83.9800, -1.0000, 96, 0, 140, 3, to_Neriak_Commons
P 454.5000, 252.4300, -1.0000, 96, 0, 140, 3, to_Neriak_Commons
P -157.0000, 3.0000, -1.0000, 112, 68, 20, 3, Succor_(to_Nektulos)
P 104.0000, -159.0000, -1.0000, 24, 62, 78, 2, Merchant_(Alcohol+Food)
P 238.0000, -106.0000, -1.0000, 24, 62, 78, 2, Merchant_(Food+Baking)
P 244.0000, -210.0000, -1.0000, 24, 62, 78, 2, Merchant_(Alcohol+Food)
P 57.0000, -199.0000, -1.0000, 24, 62, 78, 2, Merchant_(Shoes+Bags)_Farlain
P 172.0000, 268.0000, -1.0000, 24, 62, 78, 2, Merchant_(Jewelry+Gems)
P 125.0000, 323.0000, -1.0000, 24, 62, 78, 2, Merchant_(Food)_The_Gobbler
P 455.0000, 291.0000, -1.0000, 24, 62, 78, 2, Merchant_(Weapons)_Thrack
P 388.0000, 242.0000, -1.0000, 24, 62, 78, 2, Merchant_(Ogre/Troll_goods)
P -1.0000, -15.0000, -1.0000, 28, 48, 112, 3, City_Entrance_(Guard_SKor)
P 194.0000, 336.0000, -1.0000, 28, 48, 112, 2, Arena_(PvP)
P 30.0000, 0.0000, -1.0000, 104, 56, 26, 2, XTa_Tempi/Timpi/Tompi_(40_Necro,_Robe)
P 237.0000, 261.0000, -1.0000, 122, 20, 52, 2, Jacker_(44_SK)
P 222.0000, 311.0000, -1.0000, 122, 20, 52, 2, Mrak_(48_Warrior)
P 317.0000, 372.0000, -1.0000, 122, 20, 52, 2, Uglan_(50_Warrior)
P 438.0000, 367.0000, -1.0000, 122, 20, 52, 2, Oosa_Shadowthumper_(42_SK)
P 209.0000, 340.0000, -1.0000, 122, 20, 52, 2, Svunsa_(50_Warrior)
P 418.0288, 603.7653, 23.8130, 24, 62, 78, 2, Spell_Vendors
P 437.0000, 562.0000, 1.0009, 24, 62, 78, 2, Zumzal_(Merchant)
