P 143.9682, -646.3381, -23.9360,  150, 0, 200,  3,  to_The_Northern_Desert_of_Ro_(click)
L 162.0000, -106.0000, -24.0400,  168.0000, -100.0000, -24.0400,  70, 165, 75
L 168.0000, -100.0000, -24.0400,  162.0000, -94.0000, -24.0400,  70, 165, 75
L 162.0000, -94.0000, -24.0400,  156.0000, -100.0000, -24.0400,  70, 165, 75
L 156.0000, -100.0000, -24.0400,  162.0000, -106.0000, -24.0400,  70, 165, 75
L 198.0000, -92.0000, -24.0000,  204.0000, -86.0000, -24.0000,  70, 165, 75
L 204.0000, -86.0000, -24.0000,  198.0000, -80.0000, -24.0000,  70, 165, 75
L 198.0000, -80.0000, -24.0000,  192.0000, -86.0000, -24.0000,  70, 165, 75
L 192.0000, -86.0000, -24.0000,  198.0000, -92.0000, -24.0000,  70, 165, 75
L 69.0000, -246.0000, -24.0000,  75.0000, -240.0000, -24.0000,  70, 165, 75
L 75.0000, -240.0000, -24.0000,  69.0000, -234.0000, -24.0000,  70, 165, 75
L 69.0000, -234.0000, -24.0000,  63.0000, -240.0000, -24.0000,  70, 165, 75
L 63.0000, -240.0000, -24.0000,  69.0000, -246.0000, -24.0000,  70, 165, 75
L 91.0000, -152.0000, -24.0000,  97.0000, -146.0000, -24.0000,  70, 165, 75
L 97.0000, -146.0000, -24.0000,  91.0000, -140.0000, -24.0000,  70, 165, 75
L 91.0000, -140.0000, -24.0000,  85.0000, -146.0000, -24.0000,  70, 165, 75
L 85.0000, -146.0000, -24.0000,  91.0000, -152.0000, -24.0000,  70, 165, 75
L 128.0000, -246.0000, -24.0000,  134.0000, -240.0000, -24.0000,  70, 165, 75
L 134.0000, -240.0000, -24.0000,  128.0000, -234.0000, -24.0000,  70, 165, 75
L 128.0000, -234.0000, -24.0000,  122.0000, -240.0000, -24.0000,  70, 165, 75
L 122.0000, -240.0000, -24.0000,  128.0000, -246.0000, -24.0000,  70, 165, 75
L 219.0000, -149.0000, -24.0000,  225.0000, -143.0000, -24.0000,  70, 165, 75
L 225.0000, -143.0000, -24.0000,  219.0000, -137.0000, -24.0000,  70, 165, 75
L 219.0000, -137.0000, -24.0000,  213.0000, -143.0000, -24.0000,  70, 165, 75
L 213.0000, -143.0000, -24.0000,  219.0000, -149.0000, -24.0000,  70, 165, 75
L 139.0000, -124.0000, -24.0400,  145.0000, -118.0000, -24.0400,  70, 165, 75
L 145.0000, -118.0000, -24.0400,  139.0000, -112.0000, -24.0400,  70, 165, 75
L 139.0000, -112.0000, -24.0400,  133.0000, -118.0000, -24.0400,  70, 165, 75
L 133.0000, -118.0000, -24.0400,  139.0000, -124.0000, -24.0400,  70, 165, 75
L 117.0000, -92.0000, -24.0000,  123.0000, -86.0000, -24.0000,  70, 165, 75
L 123.0000, -86.0000, -24.0000,  117.0000, -80.0000, -24.0000,  70, 165, 75
L 117.0000, -80.0000, -24.0000,  111.0000, -86.0000, -24.0000,  70, 165, 75
L 111.0000, -86.0000, -24.0000,  117.0000, -92.0000, -24.0000,  70, 165, 75
L 145.0000, -213.0000, -24.0000,  151.0000, -207.0000, -24.0000,  70, 165, 75
L 151.0000, -207.0000, -24.0000,  145.0000, -201.0000, -24.0000,  70, 165, 75
L 145.0000, -201.0000, -24.0000,  139.0000, -207.0000, -24.0000,  70, 165, 75
L 139.0000, -207.0000, -24.0000,  145.0000, -213.0000, -24.0000,  70, 165, 75
L 84.0000, -210.0000, -24.0000,  90.0000, -204.0000, -24.0000,  70, 165, 75
L 90.0000, -204.0000, -24.0000,  84.0000, -198.0000, -24.0000,  70, 165, 75
L 84.0000, -198.0000, -24.0000,  78.0000, -204.0000, -24.0000,  70, 165, 75
L 78.0000, -204.0000, -24.0000,  84.0000, -210.0000, -24.0000,  70, 165, 75
L 115.0000, -284.0000, -24.0000,  121.0000, -278.0000, -24.0000,  70, 165, 75
L 121.0000, -278.0000, -24.0000,  115.0000, -272.0000, -24.0000,  70, 165, 75
L 115.0000, -272.0000, -24.0000,  109.0000, -278.0000, -24.0000,  70, 165, 75
L 109.0000, -278.0000, -24.0000,  115.0000, -284.0000, -24.0000,  70, 165, 75
L 155.0000, -122.0000, -19.9500,  161.0000, -116.0000, -19.9500,  70, 165, 75
L 161.0000, -116.0000, -19.9500,  155.0000, -110.0000, -19.9500,  70, 165, 75
L 155.0000, -110.0000, -19.9500,  149.0000, -116.0000, -19.9500,  70, 165, 75
L 149.0000, -116.0000, -19.9500,  155.0000, -122.0000, -19.9500,  70, 165, 75
L 81.0000, -177.0000, -24.0000,  91.0000, -177.0000, -24.0000,  120, 150, 70
L 91.0000, -177.0000, -24.0000,  91.0000, -167.0000, -24.0000,  120, 150, 70
L 91.0000, -167.0000, -24.0000,  81.0000, -167.0000, -24.0000,  120, 150, 70
L 81.0000, -167.0000, -24.0000,  81.0000, -177.0000, -24.0000,  120, 150, 70
L 110.0000, -285.0000, -24.0000,  120.0000, -285.0000, -24.0000,  120, 150, 70
L 120.0000, -285.0000, -24.0000,  120.0000, -275.0000, -24.0000,  120, 150, 70
L 120.0000, -275.0000, -24.0000,  110.0000, -275.0000, -24.0000,  120, 150, 70
L 110.0000, -275.0000, -24.0000,  110.0000, -285.0000, -24.0000,  120, 150, 70
L 95.0000, -302.0000, -24.0000,  105.0000, -302.0000, -24.0000,  120, 150, 70
L 105.0000, -302.0000, -24.0000,  105.0000, -292.0000, -24.0000,  120, 150, 70
L 105.0000, -292.0000, -24.0000,  95.0000, -292.0000, -24.0000,  120, 150, 70
L 95.0000, -292.0000, -24.0000,  95.0000, -302.0000, -24.0000,  120, 150, 70
L 65.0000, -302.0000, -24.0000,  75.0000, -302.0000, -24.0000,  120, 150, 70
L 75.0000, -302.0000, -24.0000,  75.0000, -292.0000, -24.0000,  120, 150, 70
L 75.0000, -292.0000, -24.0000,  65.0000, -292.0000, -24.0000,  120, 150, 70
L 65.0000, -292.0000, -24.0000,  65.0000, -302.0000, -24.0000,  120, 150, 70
L 47.0000, -285.0000, -24.0000,  57.0000, -285.0000, -24.0000,  120, 150, 70
L 57.0000, -285.0000, -24.0000,  57.0000, -275.0000, -24.0000,  120, 150, 70
L 57.0000, -275.0000, -24.0000,  47.0000, -275.0000, -24.0000,  120, 150, 70
L 47.0000, -275.0000, -24.0000,  47.0000, -285.0000, -24.0000,  120, 150, 70
L 146.0000, -182.0000, -19.2800,  144.8541, -178.4733, -19.2800,  205, 165, 55
L 144.8541, -178.4733, -19.2800,  141.8541, -176.2937, -19.2800,  205, 165, 55
L 141.8541, -176.2937, -19.2800,  138.1459, -176.2937, -19.2800,  205, 165, 55
L 138.1459, -176.2937, -19.2800,  135.1459, -178.4733, -19.2800,  205, 165, 55
L 135.1459, -178.4733, -19.2800,  134.0000, -182.0000, -19.2800,  205, 165, 55
L 134.0000, -182.0000, -19.2800,  135.1459, -185.5267, -19.2800,  205, 165, 55
L 135.1459, -185.5267, -19.2800,  138.1459, -187.7063, -19.2800,  205, 165, 55
L 138.1459, -187.7063, -19.2800,  141.8541, -187.7063, -19.2800,  205, 165, 55
L 141.8541, -187.7063, -19.2800,  144.8541, -185.5267, -19.2800,  205, 165, 55
L 144.8541, -185.5267, -19.2800,  146.0000, -182.0000, -19.2800,  205, 165, 55
L 137.6000, -182.0000, -19.2800,  142.4000, -182.0000, -19.2800,  205, 165, 55
L 158.0000, -519.2000, -18.5100,  165.0000, -511.5000, -18.5100,  55, 150, 150
L 165.0000, -511.5000, -18.5100,  172.0000, -519.2000, -18.5100,  55, 150, 150
L 158.0000, -519.2000, -18.5100,  172.0000, -519.2000, -18.5100,  55, 150, 150
L 112.0000, -623.2000, -24.0000,  119.0000, -615.5000, -24.0000,  55, 150, 150
L 119.0000, -615.5000, -24.0000,  126.0000, -623.2000, -24.0000,  55, 150, 150
L 112.0000, -623.2000, -24.0000,  126.0000, -623.2000, -24.0000,  55, 150, 150
L 118.0000, -515.2000, -24.0000,  125.0000, -507.5000, -24.0000,  55, 150, 150
L 125.0000, -507.5000, -24.0000,  132.0000, -515.2000, -24.0000,  55, 150, 150
L 118.0000, -515.2000, -24.0000,  132.0000, -515.2000, -24.0000,  55, 150, 150
L 111.0000, -575.2000, -18.5100,  118.0000, -567.5000, -18.5100,  55, 150, 150
L 118.0000, -567.5000, -18.5100,  125.0000, -575.2000, -18.5100,  55, 150, 150
L 111.0000, -575.2000, -18.5100,  125.0000, -575.2000, -18.5100,  55, 150, 150
L 161.0000, -620.2000, -19.2800,  168.0000, -612.5000, -19.2800,  55, 150, 150
L 168.0000, -612.5000, -19.2800,  175.0000, -620.2000, -19.2800,  55, 150, 150
L 161.0000, -620.2000, -19.2800,  175.0000, -620.2000, -19.2800,  55, 150, 150
L 162.0000, -579.2000, -24.0000,  169.0000, -571.5000, -24.0000,  55, 150, 150
L 169.0000, -571.5000, -24.0000,  176.0000, -579.2000, -24.0000,  55, 150, 150
L 162.0000, -579.2000, -24.0000,  176.0000, -579.2000, -24.0000,  55, 150, 150
L 137.0000, -489.2000, -24.0000,  144.0000, -481.5000, -24.0000,  55, 150, 150
L 144.0000, -481.5000, -24.0000,  151.0000, -489.2000, -24.0000,  55, 150, 150
L 137.0000, -489.2000, -24.0000,  151.0000, -489.2000, -24.0000,  55, 150, 150
L 156.0000, -600.0000, -24.0000,  154.8541, -596.4733, -24.0000,  205, 165, 55
L 154.8541, -596.4733, -24.0000,  151.8541, -594.2937, -24.0000,  205, 165, 55
L 151.8541, -594.2937, -24.0000,  148.1459, -594.2937, -24.0000,  205, 165, 55
L 148.1459, -594.2937, -24.0000,  145.1459, -596.4733, -24.0000,  205, 165, 55
L 145.1459, -596.4733, -24.0000,  144.0000, -600.0000, -24.0000,  205, 165, 55
L 144.0000, -600.0000, -24.0000,  145.1459, -603.5267, -24.0000,  205, 165, 55
L 145.1459, -603.5267, -24.0000,  148.1459, -605.7063, -24.0000,  205, 165, 55
L 148.1459, -605.7063, -24.0000,  151.8541, -605.7063, -24.0000,  205, 165, 55
L 151.8541, -605.7063, -24.0000,  154.8541, -603.5267, -24.0000,  205, 165, 55
L 154.8541, -603.5267, -24.0000,  156.0000, -600.0000, -24.0000,  205, 165, 55
L 147.6000, -600.0000, -24.0000,  152.4000, -600.0000, -24.0000,  205, 165, 55
L 133.9682, -630.3381, -23.9360,  143.9682, -644.3381, -23.9360,  230, 140, 40
L 143.9682, -644.3381, -23.9360,  153.9682, -630.3381, -23.9360,  230, 140, 40
L 143.9682, -644.3381, -23.9360,  143.9682, -624.3381, -23.9360,  230, 140, 40
L -485.0000, -606.0000, -23.0000,  -473.0000, -606.0000, -23.0000,  55, 150, 150
L -473.0000, -606.0000, -23.0000,  -473.0000, -594.0000, -23.0000,  55, 150, 150
L -473.0000, -594.0000, -23.0000,  -485.0000, -594.0000, -23.0000,  55, 150, 150
L -485.0000, -594.0000, -23.0000,  -485.0000, -606.0000, -23.0000,  55, 150, 150
L -485.0000, -580.0000, -23.0000,  -473.0000, -580.0000, -23.0000,  70, 165, 75
L -473.0000, -580.0000, -23.0000,  -473.0000, -568.0000, -23.0000,  70, 165, 75
L -473.0000, -568.0000, -23.0000,  -485.0000, -568.0000, -23.0000,  70, 165, 75
L -485.0000, -568.0000, -23.0000,  -485.0000, -580.0000, -23.0000,  70, 165, 75
L -485.0000, -554.0000, -23.0000,  -473.0000, -554.0000, -23.0000,  120, 150, 70
L -473.0000, -554.0000, -23.0000,  -473.0000, -542.0000, -23.0000,  120, 150, 70
L -473.0000, -542.0000, -23.0000,  -485.0000, -542.0000, -23.0000,  120, 150, 70
L -485.0000, -542.0000, -23.0000,  -485.0000, -554.0000, -23.0000,  120, 150, 70
L -485.0000, -528.0000, -23.0000,  -473.0000, -528.0000, -23.0000,  205, 165, 55
L -473.0000, -528.0000, -23.0000,  -473.0000, -516.0000, -23.0000,  205, 165, 55
L -473.0000, -516.0000, -23.0000,  -485.0000, -516.0000, -23.0000,  205, 165, 55
L -485.0000, -516.0000, -23.0000,  -485.0000, -528.0000, -23.0000,  205, 165, 55
L -485.0000, -502.0000, -23.0000,  -473.0000, -502.0000, -23.0000,  230, 140, 40
L -473.0000, -502.0000, -23.0000,  -473.0000, -490.0000, -23.0000,  230, 140, 40
L -473.0000, -490.0000, -23.0000,  -485.0000, -490.0000, -23.0000,  230, 140, 40
L -485.0000, -490.0000, -23.0000,  -485.0000, -502.0000, -23.0000,  230, 140, 40
P 171.0000, -103.0000, -24.0400,  70, 165, 75,  2,  Cleric_Spells
P 207.0000, -89.0000, -24.0000,  70, 165, 75,  2,  Magician_Spells
P 78.0000, -243.0000, -24.0000,  70, 165, 75,  2,  ShadowKnight_Spells
P 100.0000, -149.0000, -24.0000,  70, 165, 75,  2,  Wizard_Spells
P 137.0000, -243.0000, -24.0000,  70, 165, 75,  2,  Beastlord_Spells
P 228.0000, -146.0000, -24.0000,  70, 165, 75,  2,  Necromancer_Spells
P 148.0000, -121.0000, -24.0400,  70, 165, 75,  2,  Shaman_Spells
P 126.0000, -89.0000, -24.0000,  70, 165, 75,  2,  Enchanter_Spells
P 154.0000, -210.0000, -24.0000,  70, 165, 75,  2,  Bard_Songs
P 93.0000, -207.0000, -24.0000,  70, 165, 75,  2,  Ranger_Spells
P 124.0000, -281.0000, -24.0000,  70, 165, 75,  2,  Paladin_Spells
P 164.0000, -119.0000, -19.9500,  70, 165, 75,  2,  Druid_Spells
P 95.0000, -175.0000, -24.0000,  120, 150, 70,  2,  Supplies_&_Parcels
P 124.0000, -283.0000, -24.0000,  120, 150, 70,  2,  Smithing_Supplies
P 109.0000, -300.0000, -24.0000,  120, 150, 70,  2,  Smithing_Supplies
P 79.0000, -300.0000, -24.0000,  120, 150, 70,  2,  Tailoring_Supplies
P 61.0000, -283.0000, -24.0000,  120, 150, 70,  2,  Tailoring_Supplies
P 149.0000, -185.0000, -19.2800,  205, 165, 55,  2,  Banker
P 149.0000, -170.0000, -19.2800,  193, 163, 81,  1,  Quartermaster_Zevrex
P 174.0000, -518.0000, -18.5100,  55, 150, 150,  2,  Warrior_Guild
P 174.0000, -503.0000, -18.5100,  81, 152, 152,  1,  Commander_Riteb
P 128.0000, -622.0000, -24.0000,  55, 150, 150,  2,  Shaman_Guild
P 128.0000, -607.0000, -24.0000,  81, 152, 152,  1,  Hierophant_Oxyln
P 134.0000, -514.0000, -24.0000,  55, 150, 150,  2,  ShadowKnight_Guild
P 134.0000, -499.0000, -24.0000,  81, 152, 152,  1,  Lady_Zleka
P 127.0000, -574.0000, -18.5100,  55, 150, 150,  2,  Monk_Guild
P 127.0000, -559.0000, -18.5100,  81, 152, 152,  1,  Master_Xalg
P 177.0000, -619.0000, -19.2800,  55, 150, 150,  2,  Necromancer_Guild
P 177.0000, -604.0000, -19.2800,  81, 152, 152,  1,  Mistress_Drozlen
P 178.0000, -578.0000, -24.0000,  55, 150, 150,  2,  Beastlord_Guild
P 178.0000, -563.0000, -24.0000,  81, 152, 152,  1,  Patriarch_Zevlex
P 153.0000, -488.0000, -24.0000,  55, 150, 150,  2,  Trooper_(patrol)
P 153.0000, -473.0000, -24.0000,  81, 152, 152,  1,  Trooper_Kraer
P 159.0000, -603.0000, -24.0000,  205, 165, 55,  2,  Mote_Exchange
P 159.0000, -588.0000, -24.0000,  193, 163, 81,  1,  Constructed_Potential
P 155.9682, -626.3381, -23.9360,  230, 140, 40,  3,  EXIT
P -486.0000, -618.0000, -23.0000,  60, 54, 48,  2,  -_LEGEND_-
P -466.0000, -596.0000, -23.0000,  55, 50, 45,  1,  Guild_/_Guard
P -466.0000, -570.0000, -23.0000,  55, 50, 45,  1,  Spell_Vendor
P -466.0000, -544.0000, -23.0000,  55, 50, 45,  1,  Craft_Supply
P -466.0000, -518.0000, -23.0000,  55, 50, 45,  1,  Banker_/_Mote
P -466.0000, -492.0000, -23.0000,  55, 50, 45,  1,  Zone_Exit
