L -1327.3458, 551.9377, 0.0000, -1194.3458, 684.9377, 0.0000, 150, 90, 150
L -1194.3458, 684.9377, 0.0000, -1327.3458, 817.9377, 0.0000, 150, 90, 150
L -1327.3458, 817.9377, 0.0000, -1460.3458, 684.9377, 0.0000, 150, 90, 150
L -1460.3458, 684.9377, 0.0000, -1327.3458, 551.9377, 0.0000, 150, 90, 150
L -1393.8458, 871.1377, 0.0000, -1260.8458, 871.1377, 0.0000, 150, 90, 150
P -1114.5458, 684.9377, 0.0000, 150, 90, 150, 3, Bandit_Hills
L 1045.2323, 2410.0652, 0.0000, 1178.2323, 2543.0652, 0.0000, 150, 90, 150
L 1178.2323, 2543.0652, 0.0000, 1045.2323, 2676.0652, 0.0000, 150, 90, 150
L 1045.2323, 2676.0652, 0.0000, 912.2323, 2543.0652, 0.0000, 150, 90, 150
L 912.2323, 2543.0652, 0.0000, 1045.2323, 2410.0652, 0.0000, 150, 90, 150
L 978.7323, 2729.2652, 0.0000, 1111.7323, 2729.2652, 0.0000, 150, 90, 150
P 1258.0323, 2543.0652, 0.0000, 150, 90, 150, 3, Spirit_Talkers_Wood
