L -1827.5023, -2355.7981, 0.0000, -1711.5023, -2239.7981, 0.0000, 150, 90, 150
L -1711.5023, -2239.7981, 0.0000, -1827.5023, -2123.7981, 0.0000, 150, 90, 150
L -1827.5023, -2123.7981, 0.0000, -1943.5023, -2239.7981, 0.0000, 150, 90, 150
L -1943.5023, -2239.7981, 0.0000, -1827.5023, -2355.7981, 0.0000, 150, 90, 150
L -1885.5023, -2077.3981, 0.0000, -1769.5023, -2077.3981, 0.0000, 150, 90, 150
P -1641.9023, -2239.7981, 0.0000, 150, 90, 150, 3, Deathfist_Citadel
L -448.6035, -1056.5844, 0.0000, -332.6035, -940.5844, 0.0000, 150, 90, 150
L -332.6035, -940.5844, 0.0000, -448.6035, -824.5844, 0.0000, 150, 90, 150
L -448.6035, -824.5844, 0.0000, -564.6035, -940.5844, 0.0000, 150, 90, 150
L -564.6035, -940.5844, 0.0000, -448.6035, -1056.5844, 0.0000, 150, 90, 150
L -506.6035, -778.1844, 0.0000, -390.6035, -778.1844, 0.0000, 150, 90, 150
P -263.0035, -940.5844, 0.0000, 150, 90, 150, 3, Muniels_Tea_Garden
L -1396.5964, 502.4721, 0.0000, -1280.5964, 618.4721, 0.0000, 150, 90, 150
L -1280.5964, 618.4721, 0.0000, -1396.5964, 734.4721, 0.0000, 150, 90, 150
L -1396.5964, 734.4721, 0.0000, -1512.5964, 618.4721, 0.0000, 150, 90, 150
L -1512.5964, 618.4721, 0.0000, -1396.5964, 502.4721, 0.0000, 150, 90, 150
L -1454.5964, 780.8721, 0.0000, -1338.5964, 780.8721, 0.0000, 150, 90, 150
P -1210.9964, 618.4721, 0.0000, 150, 90, 150, 3, Northwestern_Ro
