L -176.2400, -363.9485, 0.0000, -146.3334, -309.5728, 0.0000, 150, 90, 150
L -146.3334, -309.5728, 0.0000, -176.2400, -255.1971, 0.0000, 150, 90, 150
L -176.2400, -255.1971, 0.0000, -206.1466, -309.5728, 0.0000, 150, 90, 150
L -206.1466, -309.5728, 0.0000, -176.2400, -363.9485, 0.0000, 150, 90, 150
P -83.8013, -309.5728, 0.0000, 150, 90, 150, 2, Oasis
L -2147.4478, -2626.1778, 0.0000, -2433.0721, -2911.8022, 0.0000, 150, 90, 150
L -2433.0721, -2911.8022, 0.0000, -2339.3288, -2888.3663, 0.0000, 150, 90, 150
L -2433.0721, -2911.8022, 0.0000, -2409.6363, -2818.0588, 0.0000, 150, 90, 150
P -2147.4478, -2530.9767, 0.0000, 150, 90, 150, 3, To_Chiktar_Hive
L -2088.2930, -1060.3300, 0.0000, -2492.2269, -1060.3300, 0.0000, 150, 90, 150
L -2492.2269, -1060.3300, 0.0000, -2409.3687, -1110.0449, 0.0000, 150, 90, 150
L -2492.2269, -1060.3300, 0.0000, -2409.3687, -1010.6151, 0.0000, 150, 90, 150
P -2088.2930, -965.1289, 0.0000, 150, 90, 150, 3, To_Tak'Xiv_West
L -2107.1674, 465.2374, 0.0000, -2473.3525, 831.4226, 0.0000, 150, 90, 150
L -2473.3525, 831.4226, 0.0000, -2444.0577, 714.2433, 0.0000, 150, 90, 150
L -2473.3525, 831.4226, 0.0000, -2356.1733, 802.1277, 0.0000, 150, 90, 150
P -2107.1674, 560.4386, 0.0000, 150, 90, 150, 4, To_Takish'Hiz
L -2147.4478, 2214.1778, 0.0000, -2433.0721, 2499.8022, 0.0000, 150, 90, 150
L -2433.0721, 2499.8022, 0.0000, -2409.6363, 2406.0588, 0.0000, 150, 90, 150
L -2433.0721, 2499.8022, 0.0000, -2339.3288, 2476.3663, 0.0000, 150, 90, 150
P -2147.4478, 2309.3789, 0.0000, 150, 90, 150, 3, To_Burial_Mounds
L -1440.2500, 2538.3879, 0.0000, -1440.2500, 3056.2519, 0.0000, 150, 90, 150
L -1440.2500, 3056.2519, 0.0000, -1502.3937, 2952.6791, 0.0000, 150, 90, 150
L -1440.2500, 3056.2519, 0.0000, -1378.1063, 2952.6791, 0.0000, 150, 90, 150
P -1440.2500, 2633.5890, 0.0000, 150, 90, 150, 4, To_Sea_of_Lions
L 1087.7700, 2595.3530, 0.0000, 1087.7700, 2999.2868, 0.0000, 150, 90, 150
L 1087.7700, 2999.2868, 0.0000, 1038.0551, 2916.4286, 0.0000, 150, 90, 150
L 1087.7700, 2999.2868, 0.0000, 1137.4849, 2916.4286, 0.0000, 150, 90, 150
P 1087.7700, 2690.5541, 0.0000, 150, 90, 150, 3, To_Ant_Colonies
L 1794.9678, -2626.1778, 0.0000, 2080.5921, -2911.8022, 0.0000, 150, 90, 150
L 2080.5921, -2911.8022, 0.0000, 2057.1563, -2818.0588, 0.0000, 150, 90, 150
L 2080.5921, -2911.8022, 0.0000, 1986.8488, -2888.3663, 0.0000, 150, 90, 150
P 1794.9678, -2530.9767, 0.0000, 150, 90, 150, 3, To_Sycamore_Joy's_Rest
L 1678.8480, -1060.3300, 0.0000, 2196.7119, -1060.3300, 0.0000, 150, 90, 150
L 2196.7119, -1060.3300, 0.0000, 2093.1391, -998.1863, 0.0000, 150, 90, 150
L 2196.7119, -1060.3300, 0.0000, 2093.1391, -1122.4737, 0.0000, 150, 90, 150
P 1678.8480, -965.1289, 0.0000, 150, 90, 150, 4, To_Great_Waste
L 1794.9678, 505.5178, 0.0000, 2080.5921, 791.1422, 0.0000, 150, 90, 150
L 2080.5921, 791.1422, 0.0000, 1986.8488, 767.7063, 0.0000, 150, 90, 150
L 2080.5921, 791.1422, 0.0000, 2057.1563, 697.3988, 0.0000, 150, 90, 150
P 1794.9678, 600.7189, 0.0000, 150, 90, 150, 3, To_Slithar_Hive
L 1794.9678, 2214.1778, 0.0000, 2080.5921, 2499.8022, 0.0000, 150, 90, 150
L 2080.5921, 2499.8022, 0.0000, 1986.8488, 2476.3663, 0.0000, 150, 90, 150
L 2080.5921, 2499.8022, 0.0000, 2057.1563, 2406.0588, 0.0000, 150, 90, 150
P 1794.9678, 2309.3789, 0.0000, 150, 90, 150, 3, To_Sslathis
