L -1000.00, -908.62, 0.0000, -1000.00, 521.78, 0.0000, 186, 172, 140
L -800.00, -908.62, 0.0000, -800.00, 521.78, 0.0000, 186, 172, 140
L -600.00, -908.62, 0.0000, -600.00, 521.78, 0.0000, 186, 172, 140
L -400.00, -908.62, 0.0000, -400.00, 521.78, 0.0000, 186, 172, 140
L -200.00, -908.62, 0.0000, -200.00, 521.78, 0.0000, 186, 172, 140
L 0.00, -908.62, 0.0000, 0.00, 521.78, 0.0000, 186, 172, 140
L 200.00, -908.62, 0.0000, 200.00, 521.78, 0.0000, 186, 172, 140
L 400.00, -908.62, 0.0000, 400.00, 521.78, 0.0000, 186, 172, 140
L -1178.53, -800.00, 0.0000, 412.84, -800.00, 0.0000, 186, 172, 140
L -1178.53, -600.00, 0.0000, 412.84, -600.00, 0.0000, 186, 172, 140
L -1178.53, -400.00, 0.0000, 412.84, -400.00, 0.0000, 186, 172, 140
L -1178.53, -200.00, 0.0000, 412.84, -200.00, 0.0000, 186, 172, 140
L -1178.53, 0.00, 0.0000, 412.84, 0.00, 0.0000, 186, 172, 140
L -1178.53, 200.00, 0.0000, 412.84, 200.00, 0.0000, 186, 172, 140
L -1178.53, 400.00, 0.0000, 412.84, 400.00, 0.0000, 186, 172, 140
L -1178.53, -908.62, 0.0000, 412.84, -908.62, 0.0000, 186, 172, 140
L -1178.53, 521.78, 0.0000, 412.84, 521.78, 0.0000, 186, 172, 140
L -1178.53, -908.62, 0.0000, -1178.53, 521.78, 0.0000, 186, 172, 140
L 412.84, -908.62, 0.0000, 412.84, 521.78, 0.0000, 186, 172, 140
L -1432.53, -1162.62, 0.0000, -1309.04, -1145.75, 0.0000, 120, 96, 54
L -1309.04, -1145.75, 0.0000, -1185.55, -1162.62, 0.0000, 120, 96, 54
L -1185.55, -1162.62, 0.0000, -1062.05, -1137.27, 0.0000, 120, 96, 54
L -1062.05, -1137.27, 0.0000, -938.56, -1162.62, 0.0000, 120, 96, 54
L -938.56, -1162.62, 0.0000, -815.07, -1146.17, 0.0000, 120, 96, 54
L -815.07, -1146.17, 0.0000, -691.58, -1162.62, 0.0000, 120, 96, 54
L -691.58, -1162.62, 0.0000, -568.08, -1147.28, 0.0000, 120, 96, 54
L -568.08, -1147.28, 0.0000, -444.59, -1162.62, 0.0000, 120, 96, 54
L -444.59, -1162.62, 0.0000, -321.10, -1143.53, 0.0000, 120, 96, 54
L -321.10, -1143.53, 0.0000, -197.61, -1162.62, 0.0000, 120, 96, 54
L -197.61, -1162.62, 0.0000, -74.11, -1135.42, 0.0000, 120, 96, 54
L -74.11, -1135.42, 0.0000, 49.38, -1162.62, 0.0000, 120, 96, 54
L 49.38, -1162.62, 0.0000, 172.87, -1143.60, 0.0000, 120, 96, 54
L 172.87, -1143.60, 0.0000, 296.36, -1162.62, 0.0000, 120, 96, 54
L 296.36, -1162.62, 0.0000, 419.86, -1135.33, 0.0000, 120, 96, 54
L 419.86, -1135.33, 0.0000, 543.35, -1162.62, 0.0000, 120, 96, 54
L 543.35, -1162.62, 0.0000, 666.84, -1141.35, 0.0000, 120, 96, 54
L 666.84, -1162.62, 0.0000, 637.64, -1041.47, 0.0000, 120, 96, 54
L 637.64, -1041.47, 0.0000, 666.84, -920.32, 0.0000, 120, 96, 54
L 666.84, -920.32, 0.0000, 641.82, -799.17, 0.0000, 120, 96, 54
L 641.82, -799.17, 0.0000, 666.84, -678.02, 0.0000, 120, 96, 54
L 666.84, -678.02, 0.0000, 638.38, -556.87, 0.0000, 120, 96, 54
L 638.38, -556.87, 0.0000, 666.84, -435.72, 0.0000, 120, 96, 54
L 666.84, -435.72, 0.0000, 651.41, -314.57, 0.0000, 120, 96, 54
L 651.41, -314.57, 0.0000, 666.84, -193.42, 0.0000, 120, 96, 54
L 666.84, -193.42, 0.0000, 653.81, -72.27, 0.0000, 120, 96, 54
L 653.81, -72.27, 0.0000, 666.84, 48.88, 0.0000, 120, 96, 54
L 666.84, 48.88, 0.0000, 642.22, 170.03, 0.0000, 120, 96, 54
L 642.22, 170.03, 0.0000, 666.84, 291.18, 0.0000, 120, 96, 54
L 666.84, 291.18, 0.0000, 652.41, 412.33, 0.0000, 120, 96, 54
L 652.41, 412.33, 0.0000, 666.84, 533.48, 0.0000, 120, 96, 54
L 666.84, 533.48, 0.0000, 644.96, 654.63, 0.0000, 120, 96, 54
L 644.96, 654.63, 0.0000, 666.84, 775.78, 0.0000, 120, 96, 54
L 666.84, 775.78, 0.0000, 543.35, 754.54, 0.0000, 120, 96, 54
L 543.35, 754.54, 0.0000, 419.86, 775.78, 0.0000, 120, 96, 54
L 419.86, 775.78, 0.0000, 296.36, 746.05, 0.0000, 120, 96, 54
L 296.36, 746.05, 0.0000, 172.87, 775.78, 0.0000, 120, 96, 54
L 172.87, 775.78, 0.0000, 49.38, 745.07, 0.0000, 120, 96, 54
L 49.38, 745.07, 0.0000, -74.11, 775.78, 0.0000, 120, 96, 54
L -74.11, 775.78, 0.0000, -197.61, 764.05, 0.0000, 120, 96, 54
L -197.61, 764.05, 0.0000, -321.10, 775.78, 0.0000, 120, 96, 54
L -321.10, 775.78, 0.0000, -444.59, 759.89, 0.0000, 120, 96, 54
L -444.59, 759.89, 0.0000, -568.08, 775.78, 0.0000, 120, 96, 54
L -568.08, 775.78, 0.0000, -691.58, 762.96, 0.0000, 120, 96, 54
L -691.58, 762.96, 0.0000, -815.07, 775.78, 0.0000, 120, 96, 54
L -815.07, 775.78, 0.0000, -938.56, 755.95, 0.0000, 120, 96, 54
L -938.56, 755.95, 0.0000, -1062.05, 775.78, 0.0000, 120, 96, 54
L -1062.05, 775.78, 0.0000, -1185.55, 763.70, 0.0000, 120, 96, 54
L -1185.55, 763.70, 0.0000, -1309.04, 775.78, 0.0000, 120, 96, 54
L -1309.04, 775.78, 0.0000, -1432.53, 750.74, 0.0000, 120, 96, 54
L -1432.53, 775.78, 0.0000, -1413.10, 654.63, 0.0000, 120, 96, 54
L -1413.10, 654.63, 0.0000, -1432.53, 533.48, 0.0000, 120, 96, 54
L -1432.53, 533.48, 0.0000, -1421.27, 412.33, 0.0000, 120, 96, 54
L -1421.27, 412.33, 0.0000, -1432.53, 291.18, 0.0000, 120, 96, 54
L -1432.53, 291.18, 0.0000, -1411.46, 170.03, 0.0000, 120, 96, 54
L -1411.46, 170.03, 0.0000, -1432.53, 48.88, 0.0000, 120, 96, 54
L -1432.53, 48.88, 0.0000, -1415.25, -72.27, 0.0000, 120, 96, 54
L -1415.25, -72.27, 0.0000, -1432.53, -193.42, 0.0000, 120, 96, 54
L -1432.53, -193.42, 0.0000, -1408.76, -314.57, 0.0000, 120, 96, 54
L -1408.76, -314.57, 0.0000, -1432.53, -435.72, 0.0000, 120, 96, 54
L -1432.53, -435.72, 0.0000, -1402.15, -556.87, 0.0000, 120, 96, 54
L -1402.15, -556.87, 0.0000, -1432.53, -678.02, 0.0000, 120, 96, 54
L -1432.53, -678.02, 0.0000, -1414.32, -799.17, 0.0000, 120, 96, 54
L -1414.32, -799.17, 0.0000, -1432.53, -920.32, 0.0000, 120, 96, 54
L -1432.53, -920.32, 0.0000, -1412.84, -1041.47, 0.0000, 120, 96, 54
L -1412.84, -1041.47, 0.0000, -1432.53, -1162.62, 0.0000, 120, 96, 54
L -1353.53, -1083.62, 0.0000, -1191.75, -1074.62, 0.0000, 176, 146, 74
L -1191.75, -1074.62, 0.0000, -1029.97, -1083.62, 0.0000, 176, 146, 74
L -1029.97, -1083.62, 0.0000, -868.19, -1075.58, 0.0000, 176, 146, 74
L -868.19, -1075.58, 0.0000, -706.41, -1083.62, 0.0000, 176, 146, 74
L -706.41, -1083.62, 0.0000, -544.63, -1067.63, 0.0000, 176, 146, 74
L -544.63, -1067.63, 0.0000, -382.85, -1083.62, 0.0000, 176, 146, 74
L -382.85, -1083.62, 0.0000, -221.06, -1075.56, 0.0000, 176, 146, 74
L -221.06, -1075.56, 0.0000, -59.28, -1083.62, 0.0000, 176, 146, 74
L -59.28, -1083.62, 0.0000, 102.50, -1075.54, 0.0000, 176, 146, 74
L 102.50, -1075.54, 0.0000, 264.28, -1083.62, 0.0000, 176, 146, 74
L 264.28, -1083.62, 0.0000, 426.06, -1074.71, 0.0000, 176, 146, 74
L 426.06, -1074.71, 0.0000, 587.84, -1083.62, 0.0000, 176, 146, 74
L 587.84, -1083.62, 0.0000, 575.29, -921.77, 0.0000, 176, 146, 74
L 575.29, -921.77, 0.0000, 587.84, -759.91, 0.0000, 176, 146, 74
L 587.84, -759.91, 0.0000, 577.77, -598.06, 0.0000, 176, 146, 74
L 577.77, -598.06, 0.0000, 587.84, -436.20, 0.0000, 176, 146, 74
L 587.84, -436.20, 0.0000, 573.48, -274.35, 0.0000, 176, 146, 74
L 573.48, -274.35, 0.0000, 587.84, -112.49, 0.0000, 176, 146, 74
L 587.84, -112.49, 0.0000, 577.06, 49.36, 0.0000, 176, 146, 74
L 577.06, 49.36, 0.0000, 587.84, 211.22, 0.0000, 176, 146, 74
L 587.84, 211.22, 0.0000, 577.96, 373.07, 0.0000, 176, 146, 74
L 577.96, 373.07, 0.0000, 587.84, 534.93, 0.0000, 176, 146, 74
L 587.84, 534.93, 0.0000, 573.78, 696.78, 0.0000, 176, 146, 74
L 587.84, 696.78, 0.0000, 426.06, 682.49, 0.0000, 176, 146, 74
L 426.06, 682.49, 0.0000, 264.28, 696.78, 0.0000, 176, 146, 74
L 264.28, 696.78, 0.0000, 102.50, 688.74, 0.0000, 176, 146, 74
L 102.50, 688.74, 0.0000, -59.28, 696.78, 0.0000, 176, 146, 74
L -59.28, 696.78, 0.0000, -221.06, 683.93, 0.0000, 176, 146, 74
L -221.06, 683.93, 0.0000, -382.85, 696.78, 0.0000, 176, 146, 74
L -382.85, 696.78, 0.0000, -544.63, 683.06, 0.0000, 176, 146, 74
L -544.63, 683.06, 0.0000, -706.41, 696.78, 0.0000, 176, 146, 74
L -706.41, 696.78, 0.0000, -868.19, 689.96, 0.0000, 176, 146, 74
L -868.19, 689.96, 0.0000, -1029.97, 696.78, 0.0000, 176, 146, 74
L -1029.97, 696.78, 0.0000, -1191.75, 681.24, 0.0000, 176, 146, 74
L -1191.75, 681.24, 0.0000, -1353.53, 696.78, 0.0000, 176, 146, 74
L -1353.53, 696.78, 0.0000, -1346.07, 534.93, 0.0000, 176, 146, 74
L -1346.07, 534.93, 0.0000, -1353.53, 373.07, 0.0000, 176, 146, 74
L -1353.53, 373.07, 0.0000, -1343.50, 211.22, 0.0000, 176, 146, 74
L -1343.50, 211.22, 0.0000, -1353.53, 49.36, 0.0000, 176, 146, 74
L -1353.53, 49.36, 0.0000, -1340.85, -112.49, 0.0000, 176, 146, 74
L -1340.85, -112.49, 0.0000, -1353.53, -274.35, 0.0000, 176, 146, 74
L -1353.53, -274.35, 0.0000, -1340.88, -436.20, 0.0000, 176, 146, 74
L -1340.88, -436.20, 0.0000, -1353.53, -598.06, 0.0000, 176, 146, 74
L -1353.53, -598.06, 0.0000, -1347.56, -759.91, 0.0000, 176, 146, 74
L -1347.56, -759.91, 0.0000, -1353.53, -921.77, 0.0000, 176, 146, 74
L -1353.53, -921.77, 0.0000, -1342.43, -1083.62, 0.0000, 176, 146, 74
L -649.05, -922.62, 0.0000, -609.45, -922.62, 0.0000, 150, 110, 50
L -641.05, -912.62, 0.0000, -601.45, -912.62, 0.0000, 176, 146, 74
L -609.45, -922.62, 0.0000, -589.64, -958.62, 0.0000, 150, 110, 50
L -601.45, -912.62, 0.0000, -581.64, -948.62, 0.0000, 176, 146, 74
L -589.64, -958.62, 0.0000, -589.64, -1006.62, 0.0000, 150, 110, 50
L -581.64, -948.62, 0.0000, -581.64, -996.62, 0.0000, 176, 146, 74
L -589.64, -1006.62, 0.0000, -609.45, -1042.62, 0.0000, 150, 110, 50
L -581.64, -996.62, 0.0000, -601.45, -1032.62, 0.0000, 176, 146, 74
L -609.45, -1042.62, 0.0000, -649.05, -1042.62, 0.0000, 150, 110, 50
L -601.45, -1032.62, 0.0000, -641.05, -1032.62, 0.0000, 176, 146, 74
L -649.05, -1042.62, 0.0000, -668.85, -1006.62, 0.0000, 150, 110, 50
L -641.05, -1032.62, 0.0000, -660.85, -996.62, 0.0000, 176, 146, 74
L -668.85, -1006.62, 0.0000, -668.85, -958.62, 0.0000, 150, 110, 50
L -660.85, -996.62, 0.0000, -660.85, -948.62, 0.0000, 176, 146, 74
L -668.85, -958.62, 0.0000, -649.05, -922.62, 0.0000, 150, 110, 50
L -660.85, -948.62, 0.0000, -641.05, -912.62, 0.0000, 176, 146, 74
L -470.40, -1018.62, 0.0000, -490.20, -1042.62, 0.0000, 150, 110, 50
L -462.40, -1008.62, 0.0000, -482.20, -1032.62, 0.0000, 176, 146, 74
L -490.20, -1042.62, 0.0000, -525.85, -1042.62, 0.0000, 150, 110, 50
L -482.20, -1032.62, 0.0000, -517.85, -1032.62, 0.0000, 176, 146, 74
L -525.85, -1042.62, 0.0000, -545.64, -1006.62, 0.0000, 150, 110, 50
L -517.85, -1032.62, 0.0000, -537.64, -996.62, 0.0000, 176, 146, 74
L -545.64, -1006.62, 0.0000, -545.64, -958.62, 0.0000, 150, 110, 50
L -537.64, -996.62, 0.0000, -537.64, -948.62, 0.0000, 176, 146, 74
L -545.64, -958.62, 0.0000, -525.85, -922.62, 0.0000, 150, 110, 50
L -537.64, -948.62, 0.0000, -517.85, -912.62, 0.0000, 176, 146, 74
L -525.85, -922.62, 0.0000, -490.20, -922.62, 0.0000, 150, 110, 50
L -517.85, -912.62, 0.0000, -482.20, -912.62, 0.0000, 176, 146, 74
L -490.20, -922.62, 0.0000, -470.40, -952.62, 0.0000, 150, 110, 50
L -482.20, -912.62, 0.0000, -462.40, -942.62, 0.0000, 176, 146, 74
L -470.40, -952.62, 0.0000, -470.40, -976.62, 0.0000, 150, 110, 50
L -462.40, -942.62, 0.0000, -462.40, -966.62, 0.0000, 176, 146, 74
L -470.40, -976.62, 0.0000, -498.12, -976.62, 0.0000, 150, 110, 50
L -462.40, -966.62, 0.0000, -490.12, -966.62, 0.0000, 176, 146, 74
L -347.20, -1018.62, 0.0000, -367.00, -1042.62, 0.0000, 150, 110, 50
L -339.20, -1008.62, 0.0000, -359.00, -1032.62, 0.0000, 176, 146, 74
L -367.00, -1042.62, 0.0000, -402.64, -1042.62, 0.0000, 150, 110, 50
L -359.00, -1032.62, 0.0000, -394.64, -1032.62, 0.0000, 176, 146, 74
L -402.64, -1042.62, 0.0000, -422.44, -1006.62, 0.0000, 150, 110, 50
L -394.64, -1032.62, 0.0000, -414.44, -996.62, 0.0000, 176, 146, 74
L -422.44, -1006.62, 0.0000, -422.44, -958.62, 0.0000, 150, 110, 50
L -414.44, -996.62, 0.0000, -414.44, -948.62, 0.0000, 176, 146, 74
L -422.44, -958.62, 0.0000, -402.64, -922.62, 0.0000, 150, 110, 50
L -414.44, -948.62, 0.0000, -394.64, -912.62, 0.0000, 176, 146, 74
L -402.64, -922.62, 0.0000, -367.00, -922.62, 0.0000, 150, 110, 50
L -394.64, -912.62, 0.0000, -359.00, -912.62, 0.0000, 176, 146, 74
L -367.00, -922.62, 0.0000, -347.20, -952.62, 0.0000, 150, 110, 50
L -359.00, -912.62, 0.0000, -339.20, -942.62, 0.0000, 176, 146, 74
L -347.20, -952.62, 0.0000, -347.20, -976.62, 0.0000, 150, 110, 50
L -339.20, -942.62, 0.0000, -339.20, -966.62, 0.0000, 176, 146, 74
L -347.20, -976.62, 0.0000, -374.93, -976.62, 0.0000, 150, 110, 50
L -339.20, -966.62, 0.0000, -366.93, -966.62, 0.0000, 176, 146, 74
L -279.44, -922.62, 0.0000, -239.84, -922.62, 0.0000, 150, 110, 50
L -271.44, -912.62, 0.0000, -231.84, -912.62, 0.0000, 176, 146, 74
L -239.84, -922.62, 0.0000, -220.05, -958.62, 0.0000, 150, 110, 50
L -231.84, -912.62, 0.0000, -212.05, -948.62, 0.0000, 176, 146, 74
L -220.05, -958.62, 0.0000, -220.05, -1006.62, 0.0000, 150, 110, 50
L -212.05, -948.62, 0.0000, -212.05, -996.62, 0.0000, 176, 146, 74
L -220.05, -1006.62, 0.0000, -239.84, -1042.62, 0.0000, 150, 110, 50
L -212.05, -996.62, 0.0000, -231.84, -1032.62, 0.0000, 176, 146, 74
L -239.84, -1042.62, 0.0000, -279.44, -1042.62, 0.0000, 150, 110, 50
L -231.84, -1032.62, 0.0000, -271.44, -1032.62, 0.0000, 176, 146, 74
L -279.44, -1042.62, 0.0000, -299.25, -1006.62, 0.0000, 150, 110, 50
L -271.44, -1032.62, 0.0000, -291.25, -996.62, 0.0000, 176, 146, 74
L -299.25, -1006.62, 0.0000, -299.25, -958.62, 0.0000, 150, 110, 50
L -291.25, -996.62, 0.0000, -291.25, -948.62, 0.0000, 176, 146, 74
L -299.25, -958.62, 0.0000, -279.44, -922.62, 0.0000, 150, 110, 50
L -291.25, -948.62, 0.0000, -271.44, -912.62, 0.0000, 176, 146, 74
L -176.05, -922.62, 0.0000, -176.05, -1042.62, 0.0000, 150, 110, 50
L -168.05, -912.62, 0.0000, -168.05, -1032.62, 0.0000, 176, 146, 74
L -176.05, -976.62, 0.0000, -108.73, -1042.62, 0.0000, 150, 110, 50
L -168.05, -966.62, 0.0000, -100.73, -1032.62, 0.0000, 176, 146, 74
L -156.25, -988.62, 0.0000, -104.77, -922.62, 0.0000, 150, 110, 50
L -148.25, -978.62, 0.0000, -96.77, -912.62, 0.0000, 176, 146, 74
L -698.85, -876.62, 0.0000, -66.85, -876.62, 0.0000, 176, 146, 74
L -698.85, -1084.62, 0.0000, -66.85, -1084.62, 0.0000, 176, 146, 74
L -1056.03, 489.28, 0.0000, -1057.40, 504.91, 0.0000, 120, 96, 54
L -1057.40, 504.91, 0.0000, -1061.46, 520.06, 0.0000, 120, 96, 54
L -1061.46, 520.06, 0.0000, -1068.09, 534.28, 0.0000, 120, 96, 54
L -1068.09, 534.28, 0.0000, -1077.09, 547.13, 0.0000, 120, 96, 54
L -1077.09, 547.13, 0.0000, -1088.18, 558.22, 0.0000, 120, 96, 54
L -1088.18, 558.22, 0.0000, -1101.03, 567.22, 0.0000, 120, 96, 54
L -1101.03, 567.22, 0.0000, -1115.25, 573.85, 0.0000, 120, 96, 54
L -1115.25, 573.85, 0.0000, -1130.40, 577.91, 0.0000, 120, 96, 54
L -1130.40, 577.91, 0.0000, -1146.03, 579.28, 0.0000, 120, 96, 54
L -1146.03, 579.28, 0.0000, -1161.66, 577.91, 0.0000, 120, 96, 54
L -1161.66, 577.91, 0.0000, -1176.81, 573.85, 0.0000, 120, 96, 54
L -1176.81, 573.85, 0.0000, -1191.03, 567.22, 0.0000, 120, 96, 54
L -1191.03, 567.22, 0.0000, -1203.88, 558.22, 0.0000, 120, 96, 54
L -1203.88, 558.22, 0.0000, -1214.97, 547.13, 0.0000, 120, 96, 54
L -1214.97, 547.13, 0.0000, -1223.97, 534.28, 0.0000, 120, 96, 54
L -1223.97, 534.28, 0.0000, -1230.60, 520.06, 0.0000, 120, 96, 54
L -1230.60, 520.06, 0.0000, -1234.66, 504.91, 0.0000, 120, 96, 54
L -1234.66, 504.91, 0.0000, -1236.03, 489.28, 0.0000, 120, 96, 54
L -1236.03, 489.28, 0.0000, -1234.66, 473.65, 0.0000, 120, 96, 54
L -1234.66, 473.65, 0.0000, -1230.60, 458.50, 0.0000, 120, 96, 54
L -1230.60, 458.50, 0.0000, -1223.97, 444.28, 0.0000, 120, 96, 54
L -1223.97, 444.28, 0.0000, -1214.97, 431.43, 0.0000, 120, 96, 54
L -1214.97, 431.43, 0.0000, -1203.88, 420.34, 0.0000, 120, 96, 54
L -1203.88, 420.34, 0.0000, -1191.03, 411.34, 0.0000, 120, 96, 54
L -1191.03, 411.34, 0.0000, -1176.81, 404.71, 0.0000, 120, 96, 54
L -1176.81, 404.71, 0.0000, -1161.66, 400.65, 0.0000, 120, 96, 54
L -1161.66, 400.65, 0.0000, -1146.03, 399.28, 0.0000, 120, 96, 54
L -1146.03, 399.28, 0.0000, -1130.40, 400.65, 0.0000, 120, 96, 54
L -1130.40, 400.65, 0.0000, -1115.25, 404.71, 0.0000, 120, 96, 54
L -1115.25, 404.71, 0.0000, -1101.03, 411.34, 0.0000, 120, 96, 54
L -1101.03, 411.34, 0.0000, -1088.18, 420.34, 0.0000, 120, 96, 54
L -1088.18, 420.34, 0.0000, -1077.09, 431.43, 0.0000, 120, 96, 54
L -1077.09, 431.43, 0.0000, -1068.09, 444.28, 0.0000, 120, 96, 54
L -1068.09, 444.28, 0.0000, -1061.46, 458.50, 0.0000, 120, 96, 54
L -1061.46, 458.50, 0.0000, -1057.40, 473.65, 0.0000, 120, 96, 54
L -1057.40, 473.65, 0.0000, -1056.03, 489.28, 0.0000, 120, 96, 54
L -1044.33, 489.28, 0.0000, -1045.88, 506.94, 0.0000, 176, 146, 74
L -1045.88, 506.94, 0.0000, -1050.46, 524.06, 0.0000, 176, 146, 74
L -1050.46, 524.06, 0.0000, -1057.96, 540.13, 0.0000, 176, 146, 74
L -1057.96, 540.13, 0.0000, -1068.12, 554.65, 0.0000, 176, 146, 74
L -1068.12, 554.65, 0.0000, -1080.66, 567.19, 0.0000, 176, 146, 74
L -1080.66, 567.19, 0.0000, -1095.18, 577.35, 0.0000, 176, 146, 74
L -1095.18, 577.35, 0.0000, -1111.25, 584.85, 0.0000, 176, 146, 74
L -1111.25, 584.85, 0.0000, -1128.37, 589.43, 0.0000, 176, 146, 74
L -1128.37, 589.43, 0.0000, -1146.03, 590.98, 0.0000, 176, 146, 74
L -1146.03, 590.98, 0.0000, -1163.69, 589.43, 0.0000, 176, 146, 74
L -1163.69, 589.43, 0.0000, -1180.81, 584.85, 0.0000, 176, 146, 74
L -1180.81, 584.85, 0.0000, -1196.88, 577.35, 0.0000, 176, 146, 74
L -1196.88, 577.35, 0.0000, -1211.40, 567.19, 0.0000, 176, 146, 74
L -1211.40, 567.19, 0.0000, -1223.94, 554.65, 0.0000, 176, 146, 74
L -1223.94, 554.65, 0.0000, -1234.10, 540.13, 0.0000, 176, 146, 74
L -1234.10, 540.13, 0.0000, -1241.60, 524.06, 0.0000, 176, 146, 74
L -1241.60, 524.06, 0.0000, -1246.18, 506.94, 0.0000, 176, 146, 74
L -1246.18, 506.94, 0.0000, -1247.73, 489.28, 0.0000, 176, 146, 74
L -1247.73, 489.28, 0.0000, -1246.18, 471.62, 0.0000, 176, 146, 74
L -1246.18, 471.62, 0.0000, -1241.60, 454.50, 0.0000, 176, 146, 74
L -1241.60, 454.50, 0.0000, -1234.10, 438.43, 0.0000, 176, 146, 74
L -1234.10, 438.43, 0.0000, -1223.94, 423.91, 0.0000, 176, 146, 74
L -1223.94, 423.91, 0.0000, -1211.40, 411.37, 0.0000, 176, 146, 74
L -1211.40, 411.37, 0.0000, -1196.88, 401.21, 0.0000, 176, 146, 74
L -1196.88, 401.21, 0.0000, -1180.81, 393.71, 0.0000, 176, 146, 74
L -1180.81, 393.71, 0.0000, -1163.69, 389.13, 0.0000, 176, 146, 74
L -1163.69, 389.13, 0.0000, -1146.03, 387.58, 0.0000, 176, 146, 74
L -1146.03, 387.58, 0.0000, -1128.37, 389.13, 0.0000, 176, 146, 74
L -1128.37, 389.13, 0.0000, -1111.25, 393.71, 0.0000, 176, 146, 74
L -1111.25, 393.71, 0.0000, -1095.18, 401.21, 0.0000, 176, 146, 74
L -1095.18, 401.21, 0.0000, -1080.66, 411.37, 0.0000, 176, 146, 74
L -1080.66, 411.37, 0.0000, -1068.12, 423.91, 0.0000, 176, 146, 74
L -1068.12, 423.91, 0.0000, -1057.96, 438.43, 0.0000, 176, 146, 74
L -1057.96, 438.43, 0.0000, -1050.46, 454.50, 0.0000, 176, 146, 74
L -1050.46, 454.50, 0.0000, -1045.88, 471.62, 0.0000, 176, 146, 74
L -1045.88, 471.62, 0.0000, -1044.33, 489.28, 0.0000, 176, 146, 74
L -1146.03, 489.28, 0.0000, -1146.03, 399.28, 0.0000, 176, 146, 74
L -1146.03, 489.28, 0.0000, -1107.85, 451.10, 0.0000, 186, 172, 140
L -1146.03, 489.28, 0.0000, -1056.03, 489.28, 0.0000, 176, 146, 74
L -1146.03, 489.28, 0.0000, -1107.85, 527.46, 0.0000, 186, 172, 140
L -1146.03, 489.28, 0.0000, -1146.03, 579.28, 0.0000, 176, 146, 74
L -1146.03, 489.28, 0.0000, -1184.21, 527.46, 0.0000, 186, 172, 140
L -1146.03, 489.28, 0.0000, -1236.03, 489.28, 0.0000, 176, 146, 74
L -1146.03, 489.28, 0.0000, -1184.21, 451.10, 0.0000, 186, 172, 140
L -1146.03, 444.28, 0.0000, -1146.03, 408.28, 0.0000, 150, 110, 50
L -1154.03, 417.28, 0.0000, -1146.03, 404.68, 0.0000, 150, 110, 50
L -1138.03, 417.28, 0.0000, -1146.03, 404.68, 0.0000, 150, 110, 50
P -1146.03, 374.08, 0.0000, 150, 110, 50, 3, N
P -1146.03, 604.48, 0.0000, 120, 96, 54, 1, S
P -1030.83, 489.28, 0.0000, 120, 96, 54, 1, E
P -1261.23, 489.28, 0.0000, 120, 96, 54, 1, W
