L -818.2790, -1489.6211, 0.0000, -1010.0000, -1489.6211, 0.0000, 150, 90, 150
L -1010.0000, -1489.6211, 0.0000, -971.6558, -1512.6276, 0.0000, 150, 90, 150
L -1010.0000, -1489.6211, 0.0000, -971.6558, -1466.6146, 0.0000, 150, 90, 150
P -818.2790, -1456.7060, 0.0000, 150, 90, 150, 4, To_Abysmal_Sea
L -904.2576, -772.0782, 0.0000, -1010.0000, -666.3358, 0.0000, 150, 90, 150
L -1010.0000, -666.3358, 0.0000, -1001.3237, -701.0410, 0.0000, 150, 90, 150
L -1010.0000, -666.3358, 0.0000, -975.2948, -675.0121, 0.0000, 150, 90, 150
P -904.2576, -739.1631, 0.0000, 150, 90, 150, 3, To_The_Hunt
L 21.0000, -483.5424, 0.0000, 21.0000, -334.0000, 0.0000, 150, 90, 150
L 21.0000, -334.0000, 0.0000, 2.5948, -364.6754, 0.0000, 150, 90, 150
L 21.0000, -334.0000, 0.0000, 39.4052, -364.6754, 0.0000, 150, 90, 150
P 21.0000, -450.6273, 0.0000, 150, 90, 150, 3, To_Stone_of_Morthalis
L 21.0000, -1653.3328, 0.0000, 21.0000, -1802.8752, 0.0000, 150, 90, 150
L 21.0000, -1802.8752, 0.0000, 39.4052, -1772.1998, 0.0000, 150, 90, 150
L 21.0000, -1802.8752, 0.0000, 2.5948, -1772.1998, 0.0000, 150, 90, 150
P 21.0000, -1620.4177, 0.0000, 150, 90, 150, 3, To_South_Toxxulia
