L -200.00, -1455.41, 0.0000, -200.00, 207.91, 0.0000, 150, 130, 100
L 0.00, -1455.41, 0.0000, 0.00, 207.91, 0.0000, 150, 130, 100
L 200.00, -1455.41, 0.0000, 200.00, 207.91, 0.0000, 150, 130, 100
L 400.00, -1455.41, 0.0000, 400.00, 207.91, 0.0000, 150, 130, 100
L -337.88, -1200.00, 0.0000, 463.81, -1200.00, 0.0000, 150, 130, 100
L -337.88, -1000.00, 0.0000, 463.81, -1000.00, 0.0000, 150, 130, 100
L -337.88, -800.00, 0.0000, 463.81, -800.00, 0.0000, 150, 130, 100
L -337.88, -600.00, 0.0000, 463.81, -600.00, 0.0000, 150, 130, 100
L -337.88, -400.00, 0.0000, 463.81, -400.00, 0.0000, 150, 130, 100
L -337.88, -200.00, 0.0000, 463.81, -200.00, 0.0000, 150, 130, 100
L -337.88, 0.00, 0.0000, 463.81, 0.00, 0.0000, 150, 130, 100
L -337.88, 200.00, 0.0000, 463.81, 200.00, 0.0000, 150, 130, 100
L -337.88, 207.91, 0.0000, 463.81, 207.91, 0.0000, 150, 130, 100
L -337.88, -1455.41, 0.0000, -337.88, 207.91, 0.0000, 150, 130, 100
L 463.81, -1455.41, 0.0000, 463.81, 207.91, 0.0000, 150, 130, 100
L -603.88, -1721.41, 0.0000, -482.64, -1698.97, 0.0000, 96, 72, 44
L 608.57, -1721.41, 0.0000, 729.81, -1692.01, 0.0000, 96, 72, 44
L 729.81, -1721.41, 0.0000, 710.74, -1599.45, 0.0000, 96, 72, 44
L 710.74, -1599.45, 0.0000, 729.81, -1477.49, 0.0000, 96, 72, 44
L 729.81, -1477.49, 0.0000, 696.90, -1355.52, 0.0000, 96, 72, 44
L 696.90, -1355.52, 0.0000, 729.81, -1233.56, 0.0000, 96, 72, 44
L 729.81, -1233.56, 0.0000, 714.63, -1111.60, 0.0000, 96, 72, 44
L 714.63, -1111.60, 0.0000, 729.81, -989.64, 0.0000, 96, 72, 44
L 729.81, -989.64, 0.0000, 705.47, -867.67, 0.0000, 96, 72, 44
L 705.47, -867.67, 0.0000, 729.81, -745.71, 0.0000, 96, 72, 44
L 729.81, -745.71, 0.0000, 706.86, -623.75, 0.0000, 96, 72, 44
L 706.86, -623.75, 0.0000, 729.81, -501.79, 0.0000, 96, 72, 44
L 729.81, -501.79, 0.0000, 709.93, -379.83, 0.0000, 96, 72, 44
L 709.93, -379.83, 0.0000, 729.81, -257.86, 0.0000, 96, 72, 44
L 729.81, -257.86, 0.0000, 716.08, -135.90, 0.0000, 96, 72, 44
L 716.08, -135.90, 0.0000, 729.81, -13.94, 0.0000, 96, 72, 44
L 729.81, -13.94, 0.0000, 717.75, 108.02, 0.0000, 96, 72, 44
L 717.75, 108.02, 0.0000, 729.81, 229.99, 0.0000, 96, 72, 44
L 729.81, 229.99, 0.0000, 703.94, 351.95, 0.0000, 96, 72, 44
L 703.94, 351.95, 0.0000, 729.81, 473.91, 0.0000, 96, 72, 44
L 729.81, 473.91, 0.0000, 608.57, 446.33, 0.0000, 96, 72, 44
L 608.57, 446.33, 0.0000, 487.32, 473.91, 0.0000, 96, 72, 44
L 487.32, 473.91, 0.0000, 366.08, 461.40, 0.0000, 96, 72, 44
L 366.08, 461.40, 0.0000, 244.83, 473.91, 0.0000, 96, 72, 44
L 244.83, 473.91, 0.0000, 123.59, 443.23, 0.0000, 96, 72, 44
L 123.59, 443.23, 0.0000, 2.34, 473.91, 0.0000, 96, 72, 44
L 2.34, 473.91, 0.0000, -118.90, 444.34, 0.0000, 96, 72, 44
L -118.90, 444.34, 0.0000, -240.15, 473.91, 0.0000, 96, 72, 44
L -240.15, 473.91, 0.0000, -361.39, 452.94, 0.0000, 96, 72, 44
L -361.39, 452.94, 0.0000, -482.64, 473.91, 0.0000, 96, 72, 44
L -482.64, 473.91, 0.0000, -603.88, 454.44, 0.0000, 96, 72, 44
L -603.88, 473.91, 0.0000, -571.87, 351.95, 0.0000, 96, 72, 44
L -571.87, 351.95, 0.0000, -603.88, 229.99, 0.0000, 96, 72, 44
L -603.88, 229.99, 0.0000, -579.12, 108.02, 0.0000, 96, 72, 44
L -579.12, 108.02, 0.0000, -603.88, -13.94, 0.0000, 96, 72, 44
L -603.88, -13.94, 0.0000, -573.88, -135.90, 0.0000, 96, 72, 44
L -573.88, -135.90, 0.0000, -603.88, -257.86, 0.0000, 96, 72, 44
L -603.88, -257.86, 0.0000, -571.03, -379.83, 0.0000, 96, 72, 44
L -571.03, -379.83, 0.0000, -603.88, -501.79, 0.0000, 96, 72, 44
L -603.88, -501.79, 0.0000, -590.73, -623.75, 0.0000, 96, 72, 44
L -590.73, -623.75, 0.0000, -603.88, -745.71, 0.0000, 96, 72, 44
L -603.88, -745.71, 0.0000, -573.23, -867.67, 0.0000, 96, 72, 44
L -573.23, -867.67, 0.0000, -603.88, -989.64, 0.0000, 96, 72, 44
L -603.88, -989.64, 0.0000, -576.60, -1111.60, 0.0000, 96, 72, 44
L -576.60, -1111.60, 0.0000, -603.88, -1233.56, 0.0000, 96, 72, 44
L -603.88, -1233.56, 0.0000, -575.53, -1355.52, 0.0000, 96, 72, 44
L -575.53, -1355.52, 0.0000, -603.88, -1477.49, 0.0000, 96, 72, 44
L -603.88, -1477.49, 0.0000, -573.00, -1599.45, 0.0000, 96, 72, 44
L -573.00, -1599.45, 0.0000, -603.88, -1721.41, 0.0000, 96, 72, 44
L 646.81, -1638.41, 0.0000, 638.80, -1482.31, 0.0000, 172, 132, 58
L 638.80, -1482.31, 0.0000, 646.81, -1326.21, 0.0000, 172, 132, 58
L 646.81, -1326.21, 0.0000, 638.45, -1170.11, 0.0000, 172, 132, 58
L 638.45, -1170.11, 0.0000, 646.81, -1014.00, 0.0000, 172, 132, 58
L 646.81, -1014.00, 0.0000, 630.27, -857.90, 0.0000, 172, 132, 58
L 630.27, -857.90, 0.0000, 646.81, -701.80, 0.0000, 172, 132, 58
L 646.81, -701.80, 0.0000, 638.47, -545.70, 0.0000, 172, 132, 58
L 638.47, -545.70, 0.0000, 646.81, -389.60, 0.0000, 172, 132, 58
L 646.81, -389.60, 0.0000, 636.77, -233.50, 0.0000, 172, 132, 58
L 636.77, -233.50, 0.0000, 646.81, -77.39, 0.0000, 172, 132, 58
L 646.81, -77.39, 0.0000, 635.93, 78.71, 0.0000, 172, 132, 58
L 635.93, 78.71, 0.0000, 646.81, 234.81, 0.0000, 172, 132, 58
L 646.81, 234.81, 0.0000, 639.79, 390.91, 0.0000, 172, 132, 58
L 646.81, 390.91, 0.0000, 480.00, 380.04, 0.0000, 172, 132, 58
L 480.00, 380.04, 0.0000, 313.18, 390.91, 0.0000, 172, 132, 58
L 313.18, 390.91, 0.0000, 146.37, 380.76, 0.0000, 172, 132, 58
L 146.37, 380.76, 0.0000, -20.44, 390.91, 0.0000, 172, 132, 58
L -20.44, 390.91, 0.0000, -187.25, 376.03, 0.0000, 172, 132, 58
L -187.25, 376.03, 0.0000, -354.07, 390.91, 0.0000, 172, 132, 58
L -354.07, 390.91, 0.0000, -520.88, 373.67, 0.0000, 172, 132, 58
L -520.88, 390.91, 0.0000, -504.48, 234.81, 0.0000, 172, 132, 58
L -504.48, 234.81, 0.0000, -520.88, 78.71, 0.0000, 172, 132, 58
L -520.88, 78.71, 0.0000, -509.99, -77.39, 0.0000, 172, 132, 58
L -509.99, -77.39, 0.0000, -520.88, -233.50, 0.0000, 172, 132, 58
L -520.88, -233.50, 0.0000, -509.31, -389.60, 0.0000, 172, 132, 58
L -509.31, -389.60, 0.0000, -520.88, -545.70, 0.0000, 172, 132, 58
L -520.88, -545.70, 0.0000, -514.34, -701.80, 0.0000, 172, 132, 58
L -514.34, -701.80, 0.0000, -520.88, -857.90, 0.0000, 172, 132, 58
L -520.88, -857.90, 0.0000, -508.60, -1014.00, 0.0000, 172, 132, 58
L -508.60, -1014.00, 0.0000, -520.88, -1170.11, 0.0000, 172, 132, 58
L -520.88, -1170.11, 0.0000, -507.37, -1326.21, 0.0000, 172, 132, 58
L -507.37, -1326.21, 0.0000, -520.88, -1482.31, 0.0000, 172, 132, 58
L -520.88, -1482.31, 0.0000, -505.99, -1638.41, 0.0000, 172, 132, 58
L -374.37, -1590.16, 0.0000, -384.27, -1601.41, 0.0000, 120, 80, 40
L -366.37, -1580.16, 0.0000, -376.27, -1591.41, 0.0000, 172, 132, 58
L -384.27, -1601.41, 0.0000, -413.98, -1601.41, 0.0000, 120, 80, 40
L -376.27, -1591.41, 0.0000, -405.98, -1591.41, 0.0000, 172, 132, 58
L -413.98, -1601.41, 0.0000, -423.88, -1587.91, 0.0000, 120, 80, 40
L -405.98, -1591.41, 0.0000, -415.88, -1577.91, 0.0000, 172, 132, 58
L -423.88, -1587.91, 0.0000, -423.88, -1571.40, 0.0000, 120, 80, 40
L -415.88, -1577.91, 0.0000, -415.88, -1561.40, 0.0000, 172, 132, 58
L -423.88, -1571.40, 0.0000, -413.98, -1563.90, 0.0000, 120, 80, 40
L -415.88, -1561.40, 0.0000, -405.98, -1553.90, 0.0000, 172, 132, 58
L -413.98, -1563.90, 0.0000, -384.27, -1563.90, 0.0000, 120, 80, 40
L -405.98, -1553.90, 0.0000, -376.27, -1553.90, 0.0000, 172, 132, 58
L -384.27, -1563.90, 0.0000, -374.37, -1554.90, 0.0000, 120, 80, 40
L -376.27, -1553.90, 0.0000, -366.37, -1544.90, 0.0000, 172, 132, 58
L -374.37, -1554.90, 0.0000, -374.37, -1538.40, 0.0000, 120, 80, 40
L -366.37, -1544.90, 0.0000, -366.37, -1528.40, 0.0000, 172, 132, 58
L -374.37, -1538.40, 0.0000, -384.27, -1526.40, 0.0000, 120, 80, 40
L -366.37, -1528.40, 0.0000, -376.27, -1516.40, 0.0000, 172, 132, 58
L -384.27, -1526.40, 0.0000, -413.98, -1526.40, 0.0000, 120, 80, 40
L -376.27, -1516.40, 0.0000, -405.98, -1516.40, 0.0000, 172, 132, 58
L -413.98, -1526.40, 0.0000, -423.88, -1538.40, 0.0000, 120, 80, 40
L -405.98, -1516.40, 0.0000, -415.88, -1528.40, 0.0000, 172, 132, 58
L -346.86, -1526.40, 0.0000, -346.86, -1601.41, 0.0000, 120, 80, 40
L -338.86, -1516.40, 0.0000, -338.86, -1591.41, 0.0000, 172, 132, 58
L -346.86, -1601.41, 0.0000, -312.21, -1601.41, 0.0000, 120, 80, 40
L -338.86, -1591.41, 0.0000, -304.21, -1591.41, 0.0000, 172, 132, 58
L -312.21, -1601.41, 0.0000, -299.83, -1586.41, 0.0000, 120, 80, 40
L -304.21, -1591.41, 0.0000, -291.83, -1576.41, 0.0000, 172, 132, 58
L -299.83, -1586.41, 0.0000, -312.21, -1567.65, 0.0000, 120, 80, 40
L -291.83, -1576.41, 0.0000, -304.21, -1557.65, 0.0000, 172, 132, 58
L -312.21, -1567.65, 0.0000, -346.86, -1567.65, 0.0000, 120, 80, 40
L -304.21, -1557.65, 0.0000, -338.86, -1557.65, 0.0000, 172, 132, 58
L -269.85, -1601.41, 0.0000, -269.85, -1526.40, 0.0000, 120, 80, 40
L -261.85, -1591.41, 0.0000, -261.85, -1516.40, 0.0000, 172, 132, 58
L -269.85, -1526.40, 0.0000, -230.24, -1526.40, 0.0000, 120, 80, 40
L -261.85, -1516.40, 0.0000, -222.24, -1516.40, 0.0000, 172, 132, 58
L -168.08, -1526.40, 0.0000, -168.08, -1601.41, 0.0000, 120, 80, 40
L -160.08, -1516.40, 0.0000, -160.08, -1591.41, 0.0000, 172, 132, 58
L -182.93, -1601.41, 0.0000, -153.23, -1601.41, 0.0000, 120, 80, 40
L -174.93, -1591.41, 0.0000, -145.23, -1591.41, 0.0000, 172, 132, 58
L -182.93, -1526.40, 0.0000, -153.23, -1526.40, 0.0000, 120, 80, 40
L -174.93, -1516.40, 0.0000, -145.23, -1516.40, 0.0000, 172, 132, 58
L -115.82, -1601.41, 0.0000, -66.31, -1601.41, 0.0000, 120, 80, 40
L -107.82, -1591.41, 0.0000, -58.31, -1591.41, 0.0000, 172, 132, 58
L -91.07, -1601.41, 0.0000, -91.07, -1526.40, 0.0000, 120, 80, 40
L -83.07, -1591.41, 0.0000, -83.07, -1516.40, 0.0000, 172, 132, 58
L -38.80, -1526.40, 0.0000, -38.80, -1601.41, 0.0000, 120, 80, 40
L -30.80, -1516.40, 0.0000, -30.80, -1591.41, 0.0000, 172, 132, 58
L -38.80, -1601.41, 0.0000, -4.15, -1601.41, 0.0000, 120, 80, 40
L -30.80, -1591.41, 0.0000, 3.85, -1591.41, 0.0000, 172, 132, 58
L -4.15, -1601.41, 0.0000, 8.23, -1586.41, 0.0000, 120, 80, 40
L 3.85, -1591.41, 0.0000, 16.23, -1576.41, 0.0000, 172, 132, 58
L 8.23, -1586.41, 0.0000, -4.15, -1567.65, 0.0000, 120, 80, 40
L 16.23, -1576.41, 0.0000, 3.85, -1557.65, 0.0000, 172, 132, 58
L -4.15, -1567.65, 0.0000, -38.80, -1567.65, 0.0000, 120, 80, 40
L 3.85, -1557.65, 0.0000, -30.80, -1557.65, 0.0000, 172, 132, 58
L 38.21, -1526.40, 0.0000, 62.96, -1601.41, 0.0000, 120, 80, 40
L 46.21, -1516.40, 0.0000, 70.96, -1591.41, 0.0000, 172, 132, 58
L 62.96, -1601.41, 0.0000, 87.72, -1526.40, 0.0000, 120, 80, 40
L 70.96, -1591.41, 0.0000, 95.72, -1516.40, 0.0000, 172, 132, 58
L 50.59, -1556.40, 0.0000, 75.34, -1556.40, 0.0000, 120, 80, 40
L 58.59, -1546.40, 0.0000, 83.34, -1546.40, 0.0000, 172, 132, 58
L 115.23, -1601.41, 0.0000, 127.60, -1526.40, 0.0000, 120, 80, 40
L 123.23, -1591.41, 0.0000, 135.60, -1516.40, 0.0000, 172, 132, 58
L 127.60, -1526.40, 0.0000, 139.98, -1571.40, 0.0000, 120, 80, 40
L 135.60, -1516.40, 0.0000, 147.98, -1561.40, 0.0000, 172, 132, 58
L 139.98, -1571.40, 0.0000, 152.36, -1526.40, 0.0000, 120, 80, 40
L 147.98, -1561.40, 0.0000, 160.36, -1516.40, 0.0000, 172, 132, 58
L 152.36, -1526.40, 0.0000, 164.73, -1601.41, 0.0000, 120, 80, 40
L 160.36, -1516.40, 0.0000, 172.73, -1591.41, 0.0000, 172, 132, 58
L 269.26, -1601.41, 0.0000, 269.26, -1526.40, 0.0000, 120, 80, 40
L 277.26, -1591.41, 0.0000, 277.26, -1516.40, 0.0000, 172, 132, 58
L 269.26, -1526.40, 0.0000, 308.86, -1526.40, 0.0000, 120, 80, 40
L 277.26, -1516.40, 0.0000, 316.86, -1516.40, 0.0000, 172, 132, 58
L 346.27, -1526.40, 0.0000, 371.03, -1601.41, 0.0000, 120, 80, 40
L 354.27, -1516.40, 0.0000, 379.03, -1591.41, 0.0000, 172, 132, 58
L 371.03, -1601.41, 0.0000, 395.78, -1526.40, 0.0000, 120, 80, 40
L 379.03, -1591.41, 0.0000, 403.78, -1516.40, 0.0000, 172, 132, 58
L 358.65, -1556.40, 0.0000, 383.40, -1556.40, 0.0000, 120, 80, 40
L 366.65, -1546.40, 0.0000, 391.40, -1546.40, 0.0000, 172, 132, 58
L 448.04, -1526.40, 0.0000, 448.04, -1601.41, 0.0000, 120, 80, 40
L 456.04, -1516.40, 0.0000, 456.04, -1591.41, 0.0000, 172, 132, 58
L 433.19, -1601.41, 0.0000, 462.89, -1601.41, 0.0000, 120, 80, 40
L 441.19, -1591.41, 0.0000, 470.89, -1591.41, 0.0000, 172, 132, 58
L 433.19, -1526.40, 0.0000, 462.89, -1526.40, 0.0000, 120, 80, 40
L 441.19, -1516.40, 0.0000, 470.89, -1516.40, 0.0000, 172, 132, 58
L 500.30, -1526.40, 0.0000, 500.30, -1601.41, 0.0000, 120, 80, 40
L 508.30, -1516.40, 0.0000, 508.30, -1591.41, 0.0000, 172, 132, 58
L 500.30, -1601.41, 0.0000, 534.96, -1601.41, 0.0000, 120, 80, 40
L 508.30, -1591.41, 0.0000, 542.96, -1591.41, 0.0000, 172, 132, 58
L 534.96, -1601.41, 0.0000, 547.33, -1586.41, 0.0000, 120, 80, 40
L 542.96, -1591.41, 0.0000, 555.33, -1576.41, 0.0000, 172, 132, 58
L 547.33, -1586.41, 0.0000, 534.96, -1567.65, 0.0000, 120, 80, 40
L 555.33, -1576.41, 0.0000, 542.96, -1557.65, 0.0000, 172, 132, 58
L 534.96, -1567.65, 0.0000, 500.30, -1567.65, 0.0000, 120, 80, 40
L 542.96, -1557.65, 0.0000, 508.30, -1557.65, 0.0000, 172, 132, 58
L 517.63, -1567.65, 0.0000, 549.81, -1526.40, 0.0000, 120, 80, 40
L 525.63, -1557.65, 0.0000, 557.81, -1516.40, 0.0000, 172, 132, 58
L -453.88, -1480.40, 0.0000, 579.81, -1480.40, 0.0000, 172, 132, 58
L -453.88, -1643.41, 0.0000, 579.81, -1643.41, 0.0000, 172, 132, 58
L -359.38, 299.41, 0.0000, -360.44, 311.57, 0.0000, 96, 72, 44
L -360.44, 311.57, 0.0000, -363.60, 323.35, 0.0000, 96, 72, 44
L -363.60, 323.35, 0.0000, -368.76, 334.41, 0.0000, 96, 72, 44
L -368.76, 334.41, 0.0000, -375.76, 344.41, 0.0000, 96, 72, 44
L -375.76, 344.41, 0.0000, -384.38, 353.03, 0.0000, 96, 72, 44
L -384.38, 353.03, 0.0000, -394.38, 360.03, 0.0000, 96, 72, 44
L -394.38, 360.03, 0.0000, -405.44, 365.19, 0.0000, 96, 72, 44
L -405.44, 365.19, 0.0000, -417.22, 368.35, 0.0000, 96, 72, 44
L -417.22, 368.35, 0.0000, -429.38, 369.41, 0.0000, 96, 72, 44
L -429.38, 369.41, 0.0000, -441.54, 368.35, 0.0000, 96, 72, 44
L -441.54, 368.35, 0.0000, -453.32, 365.19, 0.0000, 96, 72, 44
L -453.32, 365.19, 0.0000, -464.38, 360.03, 0.0000, 96, 72, 44
L -464.38, 360.03, 0.0000, -474.38, 353.03, 0.0000, 96, 72, 44
L -474.38, 353.03, 0.0000, -483.00, 344.41, 0.0000, 96, 72, 44
L -483.00, 344.41, 0.0000, -490.00, 334.41, 0.0000, 96, 72, 44
L -490.00, 334.41, 0.0000, -495.16, 323.35, 0.0000, 96, 72, 44
L -495.16, 323.35, 0.0000, -498.32, 311.57, 0.0000, 96, 72, 44
L -498.32, 311.57, 0.0000, -499.38, 299.41, 0.0000, 96, 72, 44
L -499.38, 299.41, 0.0000, -498.32, 287.25, 0.0000, 96, 72, 44
L -498.32, 287.25, 0.0000, -495.16, 275.47, 0.0000, 96, 72, 44
L -495.16, 275.47, 0.0000, -490.00, 264.41, 0.0000, 96, 72, 44
L -490.00, 264.41, 0.0000, -483.00, 254.41, 0.0000, 96, 72, 44
L -483.00, 254.41, 0.0000, -474.38, 245.79, 0.0000, 96, 72, 44
L -474.38, 245.79, 0.0000, -464.38, 238.79, 0.0000, 96, 72, 44
L -464.38, 238.79, 0.0000, -453.32, 233.63, 0.0000, 96, 72, 44
L -453.32, 233.63, 0.0000, -441.54, 230.47, 0.0000, 96, 72, 44
L -441.54, 230.47, 0.0000, -429.38, 229.41, 0.0000, 96, 72, 44
L -429.38, 229.41, 0.0000, -417.22, 230.47, 0.0000, 96, 72, 44
L -417.22, 230.47, 0.0000, -405.44, 233.63, 0.0000, 96, 72, 44
L -405.44, 233.63, 0.0000, -394.38, 238.79, 0.0000, 96, 72, 44
L -394.38, 238.79, 0.0000, -384.38, 245.79, 0.0000, 96, 72, 44
L -384.38, 245.79, 0.0000, -375.76, 254.41, 0.0000, 96, 72, 44
L -375.76, 254.41, 0.0000, -368.76, 264.41, 0.0000, 96, 72, 44
L -368.76, 264.41, 0.0000, -363.60, 275.47, 0.0000, 96, 72, 44
L -363.60, 275.47, 0.0000, -360.44, 287.25, 0.0000, 96, 72, 44
L -360.44, 287.25, 0.0000, -359.38, 299.41, 0.0000, 96, 72, 44
L -350.28, 299.41, 0.0000, -351.48, 313.15, 0.0000, 172, 132, 58
L -351.48, 313.15, 0.0000, -355.05, 326.46, 0.0000, 172, 132, 58
L -355.05, 326.46, 0.0000, -360.88, 338.96, 0.0000, 172, 132, 58
L -360.88, 338.96, 0.0000, -368.79, 350.25, 0.0000, 172, 132, 58
L -368.79, 350.25, 0.0000, -378.54, 360.00, 0.0000, 172, 132, 58
L -378.54, 360.00, 0.0000, -389.83, 367.91, 0.0000, 172, 132, 58
L -389.83, 367.91, 0.0000, -402.33, 373.74, 0.0000, 172, 132, 58
L -402.33, 373.74, 0.0000, -415.64, 377.31, 0.0000, 172, 132, 58
L -415.64, 377.31, 0.0000, -429.38, 378.51, 0.0000, 172, 132, 58
L -429.38, 378.51, 0.0000, -443.12, 377.31, 0.0000, 172, 132, 58
L -443.12, 377.31, 0.0000, -456.43, 373.74, 0.0000, 172, 132, 58
L -456.43, 373.74, 0.0000, -468.93, 367.91, 0.0000, 172, 132, 58
L -468.93, 367.91, 0.0000, -480.22, 360.00, 0.0000, 172, 132, 58
L -480.22, 360.00, 0.0000, -489.97, 350.25, 0.0000, 172, 132, 58
L -489.97, 350.25, 0.0000, -497.88, 338.96, 0.0000, 172, 132, 58
L -497.88, 338.96, 0.0000, -503.71, 326.46, 0.0000, 172, 132, 58
L -503.71, 326.46, 0.0000, -507.28, 313.15, 0.0000, 172, 132, 58
L -507.28, 313.15, 0.0000, -508.48, 299.41, 0.0000, 172, 132, 58
L -508.48, 299.41, 0.0000, -507.28, 285.67, 0.0000, 172, 132, 58
L -507.28, 285.67, 0.0000, -503.71, 272.36, 0.0000, 172, 132, 58
L -503.71, 272.36, 0.0000, -497.88, 259.86, 0.0000, 172, 132, 58
L -497.88, 259.86, 0.0000, -489.97, 248.57, 0.0000, 172, 132, 58
L -489.97, 248.57, 0.0000, -480.22, 238.82, 0.0000, 172, 132, 58
L -480.22, 238.82, 0.0000, -468.93, 230.91, 0.0000, 172, 132, 58
L -468.93, 230.91, 0.0000, -456.43, 225.08, 0.0000, 172, 132, 58
L -456.43, 225.08, 0.0000, -443.12, 221.51, 0.0000, 172, 132, 58
L -443.12, 221.51, 0.0000, -429.38, 220.31, 0.0000, 172, 132, 58
L -429.38, 220.31, 0.0000, -415.64, 221.51, 0.0000, 172, 132, 58
L -415.64, 221.51, 0.0000, -402.33, 225.08, 0.0000, 172, 132, 58
L -402.33, 225.08, 0.0000, -389.83, 230.91, 0.0000, 172, 132, 58
L -389.83, 230.91, 0.0000, -378.54, 238.82, 0.0000, 172, 132, 58
L -378.54, 238.82, 0.0000, -368.79, 248.57, 0.0000, 172, 132, 58
L -368.79, 248.57, 0.0000, -360.88, 259.86, 0.0000, 172, 132, 58
L -360.88, 259.86, 0.0000, -355.05, 272.36, 0.0000, 172, 132, 58
L -355.05, 272.36, 0.0000, -351.48, 285.67, 0.0000, 172, 132, 58
L -351.48, 285.67, 0.0000, -350.28, 299.41, 0.0000, 172, 132, 58
L -429.38, 299.41, 0.0000, -429.38, 229.41, 0.0000, 172, 132, 58
L -429.38, 299.41, 0.0000, -399.68, 269.71, 0.0000, 150, 130, 100
L -429.38, 299.41, 0.0000, -359.38, 299.41, 0.0000, 172, 132, 58
L -429.38, 299.41, 0.0000, -399.68, 329.11, 0.0000, 150, 130, 100
L -429.38, 299.41, 0.0000, -429.38, 369.41, 0.0000, 172, 132, 58
L -429.38, 299.41, 0.0000, -459.08, 329.11, 0.0000, 150, 130, 100
L -429.38, 299.41, 0.0000, -499.38, 299.41, 0.0000, 172, 132, 58
L -429.38, 299.41, 0.0000, -459.08, 269.71, 0.0000, 150, 130, 100
L -429.38, 264.41, 0.0000, -429.38, 236.41, 0.0000, 120, 80, 40
L -437.38, 243.41, 0.0000, -429.38, 233.61, 0.0000, 120, 80, 40
L -421.38, 243.41, 0.0000, -429.38, 233.61, 0.0000, 120, 80, 40
P -429.38, 209.81, 0.0000, 120, 80, 40, 3, N
P -429.38, 389.01, 0.0000, 96, 72, 44, 1, S
P -339.78, 299.41, 0.0000, 96, 72, 44, 1, E
P -518.98, 299.41, 0.0000, 96, 72, 44, 1, W
