L -320.00, -1063.56, 0.0000, -320.00, 181.94, 0.0000, 130, 140, 110
L -160.00, -1063.56, 0.0000, -160.00, 181.94, 0.0000, 130, 140, 110
L 0.00, -1063.56, 0.0000, 0.00, 181.94, 0.0000, 130, 140, 110
L 160.00, -1063.56, 0.0000, 160.00, 181.94, 0.0000, 130, 140, 110
L 320.00, -1063.56, 0.0000, 320.00, 181.94, 0.0000, 130, 140, 110
L 480.00, -1063.56, 0.0000, 480.00, 181.94, 0.0000, 130, 140, 110
L 640.00, -1063.56, 0.0000, 640.00, 181.94, 0.0000, 130, 140, 110
L -349.88, -960.00, 0.0000, 657.75, -960.00, 0.0000, 130, 140, 110
L -349.88, -800.00, 0.0000, 657.75, -800.00, 0.0000, 130, 140, 110
L -349.88, -640.00, 0.0000, 657.75, -640.00, 0.0000, 130, 140, 110
L -349.88, -480.00, 0.0000, 657.75, -480.00, 0.0000, 130, 140, 110
L -349.88, -320.00, 0.0000, 657.75, -320.00, 0.0000, 130, 140, 110
L -349.88, -160.00, 0.0000, 657.75, -160.00, 0.0000, 130, 140, 110
L -349.88, 0.00, 0.0000, 657.75, 0.00, 0.0000, 130, 140, 110
L -349.88, 160.00, 0.0000, 657.75, 160.00, 0.0000, 130, 140, 110
L -349.88, -1063.56, 0.0000, 657.75, -1063.56, 0.0000, 130, 140, 110
L -349.88, 181.94, 0.0000, 657.75, 181.94, 0.0000, 130, 140, 110
L -349.88, -1063.56, 0.0000, -349.88, 181.94, 0.0000, 130, 140, 110
L 657.75, -1063.56, 0.0000, 657.75, 181.94, 0.0000, 130, 140, 110
L -548.88, -1262.56, 0.0000, -421.10, -1251.69, 0.0000, 58, 74, 42
L -421.10, -1251.69, 0.0000, -293.31, -1262.56, 0.0000, 58, 74, 42
L -293.31, -1262.56, 0.0000, -165.53, -1232.72, 0.0000, 58, 74, 42
L -165.53, -1232.72, 0.0000, -37.74, -1262.56, 0.0000, 58, 74, 42
L -37.74, -1262.56, 0.0000, 90.04, -1248.25, 0.0000, 58, 74, 42
L 90.04, -1248.25, 0.0000, 217.83, -1262.56, 0.0000, 58, 74, 42
L 217.83, -1262.56, 0.0000, 345.61, -1250.36, 0.0000, 58, 74, 42
L 345.61, -1250.36, 0.0000, 473.40, -1262.56, 0.0000, 58, 74, 42
L 473.40, -1262.56, 0.0000, 601.18, -1235.71, 0.0000, 58, 74, 42
L 601.18, -1235.71, 0.0000, 728.97, -1262.56, 0.0000, 58, 74, 42
L 728.97, -1262.56, 0.0000, 856.75, -1247.74, 0.0000, 58, 74, 42
L 856.75, -1262.56, 0.0000, 841.73, -1136.14, 0.0000, 58, 74, 42
L 841.73, -1136.14, 0.0000, 856.75, -1009.71, 0.0000, 58, 74, 42
L 856.75, -1009.71, 0.0000, 842.44, -883.29, 0.0000, 58, 74, 42
L 842.44, -883.29, 0.0000, 856.75, -756.87, 0.0000, 58, 74, 42
L 856.75, -756.87, 0.0000, 828.63, -630.44, 0.0000, 58, 74, 42
L 828.63, -630.44, 0.0000, 856.75, -504.02, 0.0000, 58, 74, 42
L 856.75, -504.02, 0.0000, 842.23, -377.60, 0.0000, 58, 74, 42
L 842.23, -377.60, 0.0000, 856.75, -251.18, 0.0000, 58, 74, 42
L 856.75, -251.18, 0.0000, 831.69, -124.75, 0.0000, 58, 74, 42
L 831.69, -124.75, 0.0000, 856.75, 1.67, 0.0000, 58, 74, 42
L 856.75, 1.67, 0.0000, 838.83, 128.09, 0.0000, 58, 74, 42
L 838.83, 128.09, 0.0000, 856.75, 254.52, 0.0000, 58, 74, 42
L 856.75, 254.52, 0.0000, 837.73, 380.94, 0.0000, 58, 74, 42
L 856.75, 380.94, 0.0000, 728.97, 360.09, 0.0000, 58, 74, 42
L 728.97, 360.09, 0.0000, 601.18, 380.94, 0.0000, 58, 74, 42
L 601.18, 380.94, 0.0000, 473.40, 356.54, 0.0000, 58, 74, 42
L 473.40, 356.54, 0.0000, 345.61, 380.94, 0.0000, 58, 74, 42
L 345.61, 380.94, 0.0000, 217.83, 361.47, 0.0000, 58, 74, 42
L 217.83, 361.47, 0.0000, 90.04, 380.94, 0.0000, 58, 74, 42
L 90.04, 380.94, 0.0000, -37.74, 363.49, 0.0000, 58, 74, 42
L -37.74, 363.49, 0.0000, -165.53, 380.94, 0.0000, 58, 74, 42
L -165.53, 380.94, 0.0000, -293.31, 364.65, 0.0000, 58, 74, 42
L -293.31, 364.65, 0.0000, -421.10, 380.94, 0.0000, 58, 74, 42
L -421.10, 380.94, 0.0000, -548.88, 360.25, 0.0000, 58, 74, 42
L -548.88, 380.94, 0.0000, -529.17, 254.52, 0.0000, 58, 74, 42
L -529.17, 254.52, 0.0000, -548.88, 128.09, 0.0000, 58, 74, 42
L -548.88, 128.09, 0.0000, -522.09, 1.67, 0.0000, 58, 74, 42
L -522.09, 1.67, 0.0000, -548.88, -124.75, 0.0000, 58, 74, 42
L -548.88, -124.75, 0.0000, -522.46, -251.18, 0.0000, 58, 74, 42
L -522.46, -251.18, 0.0000, -548.88, -377.60, 0.0000, 58, 74, 42
L -548.88, -377.60, 0.0000, -528.41, -504.02, 0.0000, 58, 74, 42
L -528.41, -504.02, 0.0000, -548.88, -630.44, 0.0000, 58, 74, 42
L -548.88, -630.44, 0.0000, -530.82, -756.87, 0.0000, 58, 74, 42
L -530.82, -756.87, 0.0000, -548.88, -883.29, 0.0000, 58, 74, 42
L -548.88, -883.29, 0.0000, -533.84, -1009.71, 0.0000, 58, 74, 42
L -533.84, -1009.71, 0.0000, -548.88, -1136.14, 0.0000, 58, 74, 42
L -548.88, -1136.14, 0.0000, -535.38, -1262.56, 0.0000, 58, 74, 42
L -486.88, -1200.56, 0.0000, -326.68, -1184.40, 0.0000, 120, 140, 80
L -326.68, -1184.40, 0.0000, -166.47, -1200.56, 0.0000, 120, 140, 80
L -166.47, -1200.56, 0.0000, -6.27, -1192.85, 0.0000, 120, 140, 80
L -6.27, -1192.85, 0.0000, 153.94, -1200.56, 0.0000, 120, 140, 80
L 153.94, -1200.56, 0.0000, 314.14, -1192.17, 0.0000, 120, 140, 80
L 314.14, -1192.17, 0.0000, 474.34, -1200.56, 0.0000, 120, 140, 80
L 474.34, -1200.56, 0.0000, 634.55, -1191.90, 0.0000, 120, 140, 80
L 634.55, -1191.90, 0.0000, 794.75, -1200.56, 0.0000, 120, 140, 80
L 794.75, -1200.56, 0.0000, 782.83, -1031.73, 0.0000, 120, 140, 80
L 782.83, -1031.73, 0.0000, 794.75, -862.89, 0.0000, 120, 140, 80
L 794.75, -862.89, 0.0000, 779.19, -694.06, 0.0000, 120, 140, 80
L 779.19, -694.06, 0.0000, 794.75, -525.23, 0.0000, 120, 140, 80
L 794.75, -525.23, 0.0000, 782.38, -356.39, 0.0000, 120, 140, 80
L 782.38, -356.39, 0.0000, 794.75, -187.56, 0.0000, 120, 140, 80
L 794.75, -187.56, 0.0000, 783.94, -18.73, 0.0000, 120, 140, 80
L 783.94, -18.73, 0.0000, 794.75, 150.11, 0.0000, 120, 140, 80
L 794.75, 150.11, 0.0000, 778.60, 318.94, 0.0000, 120, 140, 80
L 794.75, 318.94, 0.0000, 634.55, 306.49, 0.0000, 120, 140, 80
L 634.55, 306.49, 0.0000, 474.34, 318.94, 0.0000, 120, 140, 80
L 474.34, 318.94, 0.0000, 314.14, 302.94, 0.0000, 120, 140, 80
L 314.14, 302.94, 0.0000, 153.93, 318.94, 0.0000, 120, 140, 80
L 153.93, 318.94, 0.0000, -6.27, 305.45, 0.0000, 120, 140, 80
L -6.27, 305.45, 0.0000, -166.47, 318.94, 0.0000, 120, 140, 80
L -166.47, 318.94, 0.0000, -326.68, 311.00, 0.0000, 120, 140, 80
L -326.68, 311.00, 0.0000, -486.88, 318.94, 0.0000, 120, 140, 80
L -486.88, 318.94, 0.0000, -480.94, 150.11, 0.0000, 120, 140, 80
L -480.94, 150.11, 0.0000, -486.88, -18.73, 0.0000, 120, 140, 80
L -486.88, -18.73, 0.0000, -470.66, -187.56, 0.0000, 120, 140, 80
L -470.66, -187.56, 0.0000, -486.88, -356.39, 0.0000, 120, 140, 80
L -486.88, -356.39, 0.0000, -473.80, -525.23, 0.0000, 120, 140, 80
L -473.80, -525.23, 0.0000, -486.88, -694.06, 0.0000, 120, 140, 80
L -486.88, -694.06, 0.0000, -474.47, -862.89, 0.0000, 120, 140, 80
L -474.47, -862.89, 0.0000, -486.88, -1031.73, 0.0000, 120, 140, 80
L -486.88, -1031.73, 0.0000, -473.95, -1200.56, 0.0000, 120, 140, 80
L -358.14, -1077.45, 0.0000, -336.65, -1077.45, 0.0000, 70, 90, 50
L -350.14, -1067.45, 0.0000, -328.65, -1067.45, 0.0000, 120, 140, 80
L -336.65, -1077.45, 0.0000, -325.91, -1096.98, 0.0000, 70, 90, 50
L -328.65, -1067.45, 0.0000, -317.91, -1086.98, 0.0000, 120, 140, 80
L -325.91, -1096.98, 0.0000, -325.91, -1123.03, 0.0000, 70, 90, 50
L -317.91, -1086.98, 0.0000, -317.91, -1113.03, 0.0000, 120, 140, 80
L -325.91, -1123.03, 0.0000, -336.65, -1142.56, 0.0000, 70, 90, 50
L -317.91, -1113.03, 0.0000, -328.65, -1132.56, 0.0000, 120, 140, 80
L -336.65, -1142.56, 0.0000, -358.14, -1142.56, 0.0000, 70, 90, 50
L -328.65, -1132.56, 0.0000, -350.14, -1132.56, 0.0000, 120, 140, 80
L -358.14, -1142.56, 0.0000, -368.88, -1123.03, 0.0000, 70, 90, 50
L -350.14, -1132.56, 0.0000, -360.88, -1113.03, 0.0000, 120, 140, 80
L -368.88, -1123.03, 0.0000, -368.88, -1096.98, 0.0000, 70, 90, 50
L -360.88, -1113.03, 0.0000, -360.88, -1086.98, 0.0000, 120, 140, 80
L -368.88, -1096.98, 0.0000, -358.14, -1077.45, 0.0000, 70, 90, 50
L -360.88, -1086.98, 0.0000, -350.14, -1067.45, 0.0000, 120, 140, 80
L -343.10, -1096.98, 0.0000, -325.91, -1074.20, 0.0000, 70, 90, 50
L -335.10, -1086.98, 0.0000, -317.91, -1064.20, 0.0000, 120, 140, 80
L -259.06, -1142.56, 0.0000, -302.04, -1142.56, 0.0000, 70, 90, 50
L -251.06, -1132.56, 0.0000, -294.04, -1132.56, 0.0000, 120, 140, 80
L -302.04, -1142.56, 0.0000, -302.04, -1077.45, 0.0000, 70, 90, 50
L -294.04, -1132.56, 0.0000, -294.04, -1067.45, 0.0000, 120, 140, 80
L -302.04, -1077.45, 0.0000, -259.06, -1077.45, 0.0000, 70, 90, 50
L -294.04, -1067.45, 0.0000, -251.06, -1067.45, 0.0000, 120, 140, 80
L -302.04, -1110.01, 0.0000, -271.96, -1110.01, 0.0000, 70, 90, 50
L -294.04, -1100.01, 0.0000, -263.96, -1100.01, 0.0000, 120, 140, 80
L -235.19, -1142.56, 0.0000, -213.71, -1110.01, 0.0000, 70, 90, 50
L -227.19, -1132.56, 0.0000, -205.71, -1100.01, 0.0000, 120, 140, 80
L -213.71, -1110.01, 0.0000, -192.22, -1142.56, 0.0000, 70, 90, 50
L -205.71, -1100.01, 0.0000, -184.22, -1132.56, 0.0000, 120, 140, 80
L -213.71, -1110.01, 0.0000, -213.71, -1077.45, 0.0000, 70, 90, 50
L -205.71, -1100.01, 0.0000, -205.71, -1067.45, 0.0000, 120, 140, 80
L -168.35, -1077.45, 0.0000, -168.35, -1142.56, 0.0000, 70, 90, 50
L -160.35, -1067.45, 0.0000, -160.35, -1132.56, 0.0000, 120, 140, 80
L -168.35, -1142.56, 0.0000, -125.38, -1077.45, 0.0000, 70, 90, 50
L -160.35, -1132.56, 0.0000, -117.38, -1067.45, 0.0000, 120, 140, 80
L -125.38, -1077.45, 0.0000, -125.38, -1142.56, 0.0000, 70, 90, 50
L -117.38, -1067.45, 0.0000, -117.38, -1132.56, 0.0000, 120, 140, 80
L -90.76, -1077.45, 0.0000, -69.28, -1077.45, 0.0000, 70, 90, 50
L -82.76, -1067.45, 0.0000, -61.28, -1067.45, 0.0000, 120, 140, 80
L -69.28, -1077.45, 0.0000, -58.53, -1096.98, 0.0000, 70, 90, 50
L -61.28, -1067.45, 0.0000, -50.53, -1086.98, 0.0000, 120, 140, 80
L -58.53, -1096.98, 0.0000, -58.53, -1123.03, 0.0000, 70, 90, 50
L -50.53, -1086.98, 0.0000, -50.53, -1113.03, 0.0000, 120, 140, 80
L -58.53, -1123.03, 0.0000, -69.28, -1142.56, 0.0000, 70, 90, 50
L -50.53, -1113.03, 0.0000, -61.28, -1132.56, 0.0000, 120, 140, 80
L -69.28, -1142.56, 0.0000, -90.76, -1142.56, 0.0000, 70, 90, 50
L -61.28, -1132.56, 0.0000, -82.76, -1132.56, 0.0000, 120, 140, 80
L -90.76, -1142.56, 0.0000, -101.50, -1123.03, 0.0000, 70, 90, 50
L -82.76, -1132.56, 0.0000, -93.50, -1113.03, 0.0000, 120, 140, 80
L -101.50, -1123.03, 0.0000, -101.50, -1096.98, 0.0000, 70, 90, 50
L -93.50, -1113.03, 0.0000, -93.50, -1086.98, 0.0000, 120, 140, 80
L -101.50, -1096.98, 0.0000, -90.76, -1077.45, 0.0000, 70, 90, 50
L -93.50, -1086.98, 0.0000, -82.76, -1067.45, 0.0000, 120, 140, 80
L 8.31, -1132.79, 0.0000, -0.28, -1142.56, 0.0000, 70, 90, 50
L 16.31, -1122.79, 0.0000, 7.72, -1132.56, 0.0000, 120, 140, 80
L -0.28, -1142.56, 0.0000, -26.07, -1142.56, 0.0000, 70, 90, 50
L 7.72, -1132.56, 0.0000, -18.07, -1132.56, 0.0000, 120, 140, 80
L -26.07, -1142.56, 0.0000, -34.66, -1130.84, 0.0000, 70, 90, 50
L -18.07, -1132.56, 0.0000, -26.66, -1120.84, 0.0000, 120, 140, 80
L -34.66, -1130.84, 0.0000, -34.66, -1116.52, 0.0000, 70, 90, 50
L -26.66, -1120.84, 0.0000, -26.66, -1106.52, 0.0000, 120, 140, 80
L -34.66, -1116.52, 0.0000, -26.07, -1110.01, 0.0000, 70, 90, 50
L -26.66, -1106.52, 0.0000, -18.07, -1100.01, 0.0000, 120, 140, 80
L -26.07, -1110.01, 0.0000, -0.28, -1110.01, 0.0000, 70, 90, 50
L -18.07, -1100.01, 0.0000, 7.72, -1100.01, 0.0000, 120, 140, 80
L -0.28, -1110.01, 0.0000, 8.31, -1102.19, 0.0000, 70, 90, 50
L 7.72, -1100.01, 0.0000, 16.31, -1092.19, 0.0000, 120, 140, 80
L 8.31, -1102.19, 0.0000, 8.31, -1087.87, 0.0000, 70, 90, 50
L 16.31, -1092.19, 0.0000, 16.31, -1077.87, 0.0000, 120, 140, 80
L 8.31, -1087.87, 0.0000, -0.28, -1077.45, 0.0000, 70, 90, 50
L 16.31, -1077.87, 0.0000, 7.72, -1067.45, 0.0000, 120, 140, 80
L -0.28, -1077.45, 0.0000, -26.07, -1077.45, 0.0000, 70, 90, 50
L 7.72, -1067.45, 0.0000, -18.07, -1067.45, 0.0000, 120, 140, 80
L -26.07, -1077.45, 0.0000, -34.66, -1087.87, 0.0000, 70, 90, 50
L -18.07, -1067.45, 0.0000, -26.66, -1077.87, 0.0000, 120, 140, 80
L 139.85, -1129.54, 0.0000, 129.11, -1142.56, 0.0000, 70, 90, 50
L 147.85, -1119.54, 0.0000, 137.11, -1132.56, 0.0000, 120, 140, 80
L 129.11, -1142.56, 0.0000, 109.77, -1142.56, 0.0000, 70, 90, 50
L 137.11, -1132.56, 0.0000, 117.77, -1132.56, 0.0000, 120, 140, 80
L 109.77, -1142.56, 0.0000, 99.03, -1123.03, 0.0000, 70, 90, 50
L 117.77, -1132.56, 0.0000, 107.03, -1113.03, 0.0000, 120, 140, 80
L 99.03, -1123.03, 0.0000, 99.03, -1096.98, 0.0000, 70, 90, 50
L 107.03, -1113.03, 0.0000, 107.03, -1086.98, 0.0000, 120, 140, 80
L 99.03, -1096.98, 0.0000, 109.77, -1077.45, 0.0000, 70, 90, 50
L 107.03, -1086.98, 0.0000, 117.77, -1067.45, 0.0000, 120, 140, 80
L 109.77, -1077.45, 0.0000, 129.11, -1077.45, 0.0000, 70, 90, 50
L 117.77, -1067.45, 0.0000, 137.11, -1067.45, 0.0000, 120, 140, 80
L 129.11, -1077.45, 0.0000, 139.85, -1090.47, 0.0000, 70, 90, 50
L 137.11, -1067.45, 0.0000, 147.85, -1080.47, 0.0000, 120, 140, 80
L 165.87, -1077.45, 0.0000, 187.36, -1142.56, 0.0000, 70, 90, 50
L 173.87, -1067.45, 0.0000, 195.36, -1132.56, 0.0000, 120, 140, 80
L 187.36, -1142.56, 0.0000, 208.84, -1077.45, 0.0000, 70, 90, 50
L 195.36, -1132.56, 0.0000, 216.84, -1067.45, 0.0000, 120, 140, 80
L 176.61, -1103.50, 0.0000, 198.10, -1103.50, 0.0000, 70, 90, 50
L 184.61, -1093.50, 0.0000, 206.10, -1093.50, 0.0000, 120, 140, 80
L 232.72, -1142.56, 0.0000, 275.69, -1142.56, 0.0000, 70, 90, 50
L 240.72, -1132.56, 0.0000, 283.69, -1132.56, 0.0000, 120, 140, 80
L 254.20, -1142.56, 0.0000, 254.20, -1077.45, 0.0000, 70, 90, 50
L 262.20, -1132.56, 0.0000, 262.20, -1067.45, 0.0000, 120, 140, 80
L 299.56, -1077.45, 0.0000, 321.04, -1142.56, 0.0000, 70, 90, 50
L 307.56, -1067.45, 0.0000, 329.04, -1132.56, 0.0000, 120, 140, 80
L 321.04, -1142.56, 0.0000, 342.53, -1077.45, 0.0000, 70, 90, 50
L 329.04, -1132.56, 0.0000, 350.53, -1067.45, 0.0000, 120, 140, 80
L 310.30, -1103.50, 0.0000, 331.79, -1103.50, 0.0000, 70, 90, 50
L 318.30, -1093.50, 0.0000, 339.79, -1093.50, 0.0000, 120, 140, 80
L 407.23, -1129.54, 0.0000, 396.48, -1142.56, 0.0000, 70, 90, 50
L 415.23, -1119.54, 0.0000, 404.48, -1132.56, 0.0000, 120, 140, 80
L 396.48, -1142.56, 0.0000, 377.15, -1142.56, 0.0000, 70, 90, 50
L 404.48, -1132.56, 0.0000, 385.15, -1132.56, 0.0000, 120, 140, 80
L 377.15, -1142.56, 0.0000, 366.40, -1123.03, 0.0000, 70, 90, 50
L 385.15, -1132.56, 0.0000, 374.40, -1113.03, 0.0000, 120, 140, 80
L 366.40, -1123.03, 0.0000, 366.40, -1096.98, 0.0000, 70, 90, 50
L 374.40, -1113.03, 0.0000, 374.40, -1086.98, 0.0000, 120, 140, 80
L 366.40, -1096.98, 0.0000, 377.15, -1077.45, 0.0000, 70, 90, 50
L 374.40, -1086.98, 0.0000, 385.15, -1067.45, 0.0000, 120, 140, 80
L 377.15, -1077.45, 0.0000, 396.48, -1077.45, 0.0000, 70, 90, 50
L 385.15, -1067.45, 0.0000, 404.48, -1067.45, 0.0000, 120, 140, 80
L 396.48, -1077.45, 0.0000, 407.23, -1090.47, 0.0000, 70, 90, 50
L 404.48, -1067.45, 0.0000, 415.23, -1080.47, 0.0000, 120, 140, 80
L 443.99, -1077.45, 0.0000, 465.48, -1077.45, 0.0000, 70, 90, 50
L 451.99, -1067.45, 0.0000, 473.48, -1067.45, 0.0000, 120, 140, 80
L 465.48, -1077.45, 0.0000, 476.22, -1096.98, 0.0000, 70, 90, 50
L 473.48, -1067.45, 0.0000, 484.22, -1086.98, 0.0000, 120, 140, 80
L 476.22, -1096.98, 0.0000, 476.22, -1123.03, 0.0000, 70, 90, 50
L 484.22, -1086.98, 0.0000, 484.22, -1113.03, 0.0000, 120, 140, 80
L 476.22, -1123.03, 0.0000, 465.48, -1142.56, 0.0000, 70, 90, 50
L 484.22, -1113.03, 0.0000, 473.48, -1132.56, 0.0000, 120, 140, 80
L 465.48, -1142.56, 0.0000, 443.99, -1142.56, 0.0000, 70, 90, 50
L 473.48, -1132.56, 0.0000, 451.99, -1132.56, 0.0000, 120, 140, 80
L 443.99, -1142.56, 0.0000, 433.25, -1123.03, 0.0000, 70, 90, 50
L 451.99, -1132.56, 0.0000, 441.25, -1113.03, 0.0000, 120, 140, 80
L 433.25, -1123.03, 0.0000, 433.25, -1096.98, 0.0000, 70, 90, 50
L 441.25, -1113.03, 0.0000, 441.25, -1086.98, 0.0000, 120, 140, 80
L 433.25, -1096.98, 0.0000, 443.99, -1077.45, 0.0000, 70, 90, 50
L 441.25, -1086.98, 0.0000, 451.99, -1067.45, 0.0000, 120, 140, 80
L 500.09, -1077.45, 0.0000, 500.09, -1142.56, 0.0000, 70, 90, 50
L 508.09, -1067.45, 0.0000, 508.09, -1132.56, 0.0000, 120, 140, 80
L 500.09, -1142.56, 0.0000, 521.58, -1106.75, 0.0000, 70, 90, 50
L 508.09, -1132.56, 0.0000, 529.58, -1096.75, 0.0000, 120, 140, 80
L 521.58, -1106.75, 0.0000, 543.06, -1142.56, 0.0000, 70, 90, 50
L 529.58, -1096.75, 0.0000, 551.06, -1132.56, 0.0000, 120, 140, 80
L 543.06, -1142.56, 0.0000, 543.06, -1077.45, 0.0000, 70, 90, 50
L 551.06, -1132.56, 0.0000, 551.06, -1067.45, 0.0000, 120, 140, 80
L 566.93, -1077.45, 0.0000, 566.93, -1142.56, 0.0000, 70, 90, 50
L 574.93, -1067.45, 0.0000, 574.93, -1132.56, 0.0000, 120, 140, 80
L 566.93, -1142.56, 0.0000, 597.01, -1142.56, 0.0000, 70, 90, 50
L 574.93, -1132.56, 0.0000, 605.01, -1132.56, 0.0000, 120, 140, 80
L 597.01, -1142.56, 0.0000, 605.61, -1129.54, 0.0000, 70, 90, 50
L 605.01, -1132.56, 0.0000, 613.61, -1119.54, 0.0000, 120, 140, 80
L 605.61, -1129.54, 0.0000, 597.01, -1113.26, 0.0000, 70, 90, 50
L 613.61, -1119.54, 0.0000, 605.01, -1103.26, 0.0000, 120, 140, 80
L 597.01, -1113.26, 0.0000, 566.93, -1113.26, 0.0000, 70, 90, 50
L 605.01, -1103.26, 0.0000, 574.93, -1103.26, 0.0000, 120, 140, 80
L 566.93, -1113.26, 0.0000, 599.16, -1113.26, 0.0000, 70, 90, 50
L 574.93, -1103.26, 0.0000, 607.16, -1103.26, 0.0000, 120, 140, 80
L 599.16, -1113.26, 0.0000, 607.76, -1096.98, 0.0000, 70, 90, 50
L 607.16, -1103.26, 0.0000, 615.76, -1086.98, 0.0000, 120, 140, 80
L 607.76, -1096.98, 0.0000, 597.01, -1077.45, 0.0000, 70, 90, 50
L 615.76, -1086.98, 0.0000, 605.01, -1067.45, 0.0000, 120, 140, 80
L 597.01, -1077.45, 0.0000, 566.93, -1077.45, 0.0000, 70, 90, 50
L 605.01, -1067.45, 0.0000, 574.93, -1067.45, 0.0000, 120, 140, 80
L 676.75, -1132.79, 0.0000, 668.16, -1142.56, 0.0000, 70, 90, 50
L 684.75, -1122.79, 0.0000, 676.16, -1132.56, 0.0000, 120, 140, 80
L 668.16, -1142.56, 0.0000, 642.37, -1142.56, 0.0000, 70, 90, 50
L 676.16, -1132.56, 0.0000, 650.37, -1132.56, 0.0000, 120, 140, 80
L 642.37, -1142.56, 0.0000, 633.78, -1130.84, 0.0000, 70, 90, 50
L 650.37, -1132.56, 0.0000, 641.78, -1120.84, 0.0000, 120, 140, 80
L 633.78, -1130.84, 0.0000, 633.78, -1116.52, 0.0000, 70, 90, 50
L 641.78, -1120.84, 0.0000, 641.78, -1106.52, 0.0000, 120, 140, 80
L 633.78, -1116.52, 0.0000, 642.37, -1110.01, 0.0000, 70, 90, 50
L 641.78, -1106.52, 0.0000, 650.37, -1100.01, 0.0000, 120, 140, 80
L 642.37, -1110.01, 0.0000, 668.16, -1110.01, 0.0000, 70, 90, 50
L 650.37, -1100.01, 0.0000, 676.16, -1100.01, 0.0000, 120, 140, 80
L 668.16, -1110.01, 0.0000, 676.75, -1102.19, 0.0000, 70, 90, 50
L 676.16, -1100.01, 0.0000, 684.75, -1092.19, 0.0000, 120, 140, 80
L 676.75, -1102.19, 0.0000, 676.75, -1087.87, 0.0000, 70, 90, 50
L 684.75, -1092.19, 0.0000, 684.75, -1077.87, 0.0000, 120, 140, 80
L 676.75, -1087.87, 0.0000, 668.16, -1077.45, 0.0000, 70, 90, 50
L 684.75, -1077.87, 0.0000, 676.16, -1067.45, 0.0000, 120, 140, 80
L 668.16, -1077.45, 0.0000, 642.37, -1077.45, 0.0000, 70, 90, 50
L 676.16, -1067.45, 0.0000, 650.37, -1067.45, 0.0000, 120, 140, 80
L 642.37, -1077.45, 0.0000, 633.78, -1087.87, 0.0000, 70, 90, 50
L 650.37, -1067.45, 0.0000, 641.78, -1077.87, 0.0000, 120, 140, 80
L -398.88, -1031.45, 0.0000, 706.75, -1031.45, 0.0000, 120, 140, 80
L -398.88, -1184.56, 0.0000, 706.75, -1184.56, 0.0000, 120, 140, 80
L -210.38, 132.44, 0.0000, -211.75, 148.07, 0.0000, 58, 74, 42
L -211.75, 148.07, 0.0000, -215.81, 163.22, 0.0000, 58, 74, 42
L -215.81, 163.22, 0.0000, -222.44, 177.44, 0.0000, 58, 74, 42
L -222.44, 177.44, 0.0000, -231.44, 190.29, 0.0000, 58, 74, 42
L -231.44, 190.29, 0.0000, -242.53, 201.38, 0.0000, 58, 74, 42
L -242.53, 201.38, 0.0000, -255.38, 210.38, 0.0000, 58, 74, 42
L -255.38, 210.38, 0.0000, -269.60, 217.01, 0.0000, 58, 74, 42
L -269.60, 217.01, 0.0000, -284.75, 221.07, 0.0000, 58, 74, 42
L -284.75, 221.07, 0.0000, -300.38, 222.44, 0.0000, 58, 74, 42
L -300.38, 222.44, 0.0000, -316.01, 221.07, 0.0000, 58, 74, 42
L -316.01, 221.07, 0.0000, -331.16, 217.01, 0.0000, 58, 74, 42
L -331.16, 217.01, 0.0000, -345.38, 210.38, 0.0000, 58, 74, 42
L -345.38, 210.38, 0.0000, -358.23, 201.38, 0.0000, 58, 74, 42
L -358.23, 201.38, 0.0000, -369.32, 190.29, 0.0000, 58, 74, 42
L -369.32, 190.29, 0.0000, -378.32, 177.44, 0.0000, 58, 74, 42
L -378.32, 177.44, 0.0000, -384.95, 163.22, 0.0000, 58, 74, 42
L -384.95, 163.22, 0.0000, -389.01, 148.07, 0.0000, 58, 74, 42
L -389.01, 148.07, 0.0000, -390.38, 132.44, 0.0000, 58, 74, 42
L -390.38, 132.44, 0.0000, -389.01, 116.81, 0.0000, 58, 74, 42
L -389.01, 116.81, 0.0000, -384.95, 101.66, 0.0000, 58, 74, 42
L -384.95, 101.66, 0.0000, -378.32, 87.44, 0.0000, 58, 74, 42
L -378.32, 87.44, 0.0000, -369.32, 74.59, 0.0000, 58, 74, 42
L -369.32, 74.59, 0.0000, -358.23, 63.50, 0.0000, 58, 74, 42
L -358.23, 63.50, 0.0000, -345.38, 54.50, 0.0000, 58, 74, 42
L -345.38, 54.50, 0.0000, -331.16, 47.87, 0.0000, 58, 74, 42
L -331.16, 47.87, 0.0000, -316.01, 43.81, 0.0000, 58, 74, 42
L -316.01, 43.81, 0.0000, -300.38, 42.44, 0.0000, 58, 74, 42
L -300.38, 42.44, 0.0000, -284.75, 43.81, 0.0000, 58, 74, 42
L -284.75, 43.81, 0.0000, -269.60, 47.87, 0.0000, 58, 74, 42
L -269.60, 47.87, 0.0000, -255.38, 54.50, 0.0000, 58, 74, 42
L -255.38, 54.50, 0.0000, -242.53, 63.50, 0.0000, 58, 74, 42
L -242.53, 63.50, 0.0000, -231.44, 74.59, 0.0000, 58, 74, 42
L -231.44, 74.59, 0.0000, -222.44, 87.44, 0.0000, 58, 74, 42
L -222.44, 87.44, 0.0000, -215.81, 101.66, 0.0000, 58, 74, 42
L -215.81, 101.66, 0.0000, -211.75, 116.81, 0.0000, 58, 74, 42
L -211.75, 116.81, 0.0000, -210.38, 132.44, 0.0000, 58, 74, 42
L -198.68, 132.44, 0.0000, -200.23, 150.10, 0.0000, 120, 140, 80
L -200.23, 150.10, 0.0000, -204.81, 167.22, 0.0000, 120, 140, 80
L -204.81, 167.22, 0.0000, -212.31, 183.29, 0.0000, 120, 140, 80
L -212.31, 183.29, 0.0000, -222.47, 197.81, 0.0000, 120, 140, 80
L -222.47, 197.81, 0.0000, -235.01, 210.35, 0.0000, 120, 140, 80
L -235.01, 210.35, 0.0000, -249.53, 220.51, 0.0000, 120, 140, 80
L -249.53, 220.51, 0.0000, -265.60, 228.01, 0.0000, 120, 140, 80
L -265.60, 228.01, 0.0000, -282.72, 232.59, 0.0000, 120, 140, 80
L -282.72, 232.59, 0.0000, -300.38, 234.14, 0.0000, 120, 140, 80
L -300.38, 234.14, 0.0000, -318.04, 232.59, 0.0000, 120, 140, 80
L -318.04, 232.59, 0.0000, -335.16, 228.01, 0.0000, 120, 140, 80
L -335.16, 228.01, 0.0000, -351.23, 220.51, 0.0000, 120, 140, 80
L -351.23, 220.51, 0.0000, -365.75, 210.35, 0.0000, 120, 140, 80
L -365.75, 210.35, 0.0000, -378.29, 197.81, 0.0000, 120, 140, 80
L -378.29, 197.81, 0.0000, -388.45, 183.29, 0.0000, 120, 140, 80
L -388.45, 183.29, 0.0000, -395.95, 167.22, 0.0000, 120, 140, 80
L -395.95, 167.22, 0.0000, -400.53, 150.10, 0.0000, 120, 140, 80
L -400.53, 150.10, 0.0000, -402.08, 132.44, 0.0000, 120, 140, 80
L -402.08, 132.44, 0.0000, -400.53, 114.78, 0.0000, 120, 140, 80
L -400.53, 114.78, 0.0000, -395.95, 97.66, 0.0000, 120, 140, 80
L -395.95, 97.66, 0.0000, -388.45, 81.59, 0.0000, 120, 140, 80
L -388.45, 81.59, 0.0000, -378.29, 67.07, 0.0000, 120, 140, 80
L -378.29, 67.07, 0.0000, -365.75, 54.53, 0.0000, 120, 140, 80
L -365.75, 54.53, 0.0000, -351.23, 44.37, 0.0000, 120, 140, 80
L -351.23, 44.37, 0.0000, -335.16, 36.87, 0.0000, 120, 140, 80
L -335.16, 36.87, 0.0000, -318.04, 32.29, 0.0000, 120, 140, 80
L -318.04, 32.29, 0.0000, -300.38, 30.74, 0.0000, 120, 140, 80
L -300.38, 30.74, 0.0000, -282.72, 32.29, 0.0000, 120, 140, 80
L -282.72, 32.29, 0.0000, -265.60, 36.87, 0.0000, 120, 140, 80
L -265.60, 36.87, 0.0000, -249.53, 44.37, 0.0000, 120, 140, 80
L -249.53, 44.37, 0.0000, -235.01, 54.53, 0.0000, 120, 140, 80
L -235.01, 54.53, 0.0000, -222.47, 67.07, 0.0000, 120, 140, 80
L -222.47, 67.07, 0.0000, -212.31, 81.59, 0.0000, 120, 140, 80
L -212.31, 81.59, 0.0000, -204.81, 97.66, 0.0000, 120, 140, 80
L -204.81, 97.66, 0.0000, -200.23, 114.78, 0.0000, 120, 140, 80
L -200.23, 114.78, 0.0000, -198.68, 132.44, 0.0000, 120, 140, 80
L -300.38, 132.44, 0.0000, -300.38, 42.44, 0.0000, 120, 140, 80
L -300.38, 132.44, 0.0000, -262.20, 94.26, 0.0000, 130, 140, 110
L -300.38, 132.44, 0.0000, -210.38, 132.44, 0.0000, 120, 140, 80
L -300.38, 132.44, 0.0000, -262.20, 170.62, 0.0000, 130, 140, 110
L -300.38, 132.44, 0.0000, -300.38, 222.44, 0.0000, 120, 140, 80
L -300.38, 132.44, 0.0000, -338.56, 170.62, 0.0000, 130, 140, 110
L -300.38, 132.44, 0.0000, -390.38, 132.44, 0.0000, 120, 140, 80
L -300.38, 132.44, 0.0000, -338.56, 94.26, 0.0000, 130, 140, 110
L -300.38, 87.44, 0.0000, -300.38, 51.44, 0.0000, 70, 90, 50
L -308.38, 60.44, 0.0000, -300.38, 47.84, 0.0000, 70, 90, 50
L -292.38, 60.44, 0.0000, -300.38, 47.84, 0.0000, 70, 90, 50
P -300.38, 17.24, 0.0000, 70, 90, 50, 3, N
P -300.38, 247.64, 0.0000, 58, 74, 42, 1, S
P -185.18, 132.44, 0.0000, 58, 74, 42, 1, E
P -415.58, 132.44, 0.0000, 58, 74, 42, 1, W
