P 74.1494, 61.1330, -7.8014,  150, 0, 200,  3,  to_Qeynos_Hills
P 15882.8672, 1392.0168, 10.4735,  150, 0, 200,  3,  to_The_Northern_Plains_of_Karana
P 6510.0000, -401.0000, 173.9500, 30, 80, 95, 2, Bandit_Camp
P 5359.0000, -432.0000, -1.0000, 30, 80, 95, 2, Bandits_Farmhouse
P 2221.0000, 3969.0000, -52.5400, 30, 80, 95, 2, Barbarian_Fishing_Village
P 8969.0000, 1968.0000, -9.4200, 30, 80, 95, 2, Brenzi_McMannus_Hut
P 10978.0000, 3521.0000, -3.8200, 30, 80, 95, 2, Druid_Bandit_Camp
P 13397.0000, 3008.0000, 50.0300, 35, 95, 55, 2, Farrns_Poison_Merchant
P 12910.0000, 1486.0000, 13.9700, 35, 95, 55, 2, Food_and_Blacksmith_Inn
P 2420.0000, -493.0000, -1.0000, 30, 80, 95, 2, Guard_Tower
P 4238.0000, 762.0000, 57.5500, 30, 80, 95, 2, Guard_Tower
P 2041.0000, 2916.0000, 110.4000, 30, 80, 95, 2, Guard_Tower
P 7680.0000, 3712.0000, 10.6700, 150, 90, 40, 3, Linya_Sowlin_(Ex-Druid)
P 9000.0000, -500.0000, -1.0000, 30, 80, 95, 2, Ogre_Spawn
P 5584.0000, 3899.0000, -1.0200, 30, 80, 95, 2, Millers_Shack_(scarecrows)
P 15196.0000, 3674.0000, -1.0000, 30, 80, 95, 2, Undead_Ruins_(ghoul_camp)
P 14814.0000, 3567.0000, 32.8800, 30, 80, 95, 2, Wizard_Spires_(teleport)
P 1849.0000, 2239.0000, -1.0000, 150, 90, 40, 3, Oobnopterbevny_(Undead_40)
P 4364.0000, -431.0000, 39.1600, 165, 60, 20, 2, Alysa_(Notable)
P 10941.0000, -1246.0000, -1.0000, 165, 60, 20, 2, Alzekar_Kerda_(Notable)
P 9256.0000, 3725.0000, 7.1000, 165, 60, 20, 2, Anderia_(Notable)
P 1543.0000, 13.0000, -3.9500, 165, 60, 20, 2, Brother_Chintle_(Notable)
P 13371.0000, -1340.0000, -1.0000, 165, 60, 20, 2, Caninel_(Notable)
P 1868.0000, -972.0000, -8.9500, 165, 60, 20, 2, Carlan_the_Young_(Notable)
P 9128.0000, 659.0000, 50.9000, 165, 60, 20, 2, Chief_Goonda_(Notable)
P 8778.0000, 1213.0000, 165.0700, 165, 60, 20, 2, Choon_(Notable)
P 1989.0000, -1048.0000, -1.5600, 165, 60, 20, 2, Chrislin_Baker_(Notable)
P 5735.0000, 3013.0000, 9.2000, 165, 60, 20, 2, Cleet_Miller_(Notable)
P 8718.0000, 1267.0000, 165.0700, 165, 60, 20, 2, Froon_(Notable)
P 4988.0000, 3279.0000, -1.0000, 165, 60, 20, 2, Furball_Miller_(Notable)
P 2420.0000, 465.0000, 1.0500, 165, 60, 20, 2, Guard_Ason_(Notable)
P 5843.0000, 2856.0000, 7.0200, 165, 60, 20, 2, Henina_Miller_(Notable)
P 4417.0000, -326.0000, -2.2600, 165, 60, 20, 2, Innkeep_Rislarn_(Notable)
P 1831.0000, -855.0000, -25.1300, 165, 60, 20, 2, Minya_Coldtoes_(Notable)
P 4223.0000, -488.0000, 5.2400, 165, 60, 20, 2, Ollysa_Bladefinder_(Notable)
P 15170.0000, 4240.0000, -69.2000, 165, 60, 20, 2, Ryshon_Hunsti_(Notable)
P 2087.0000, -1008.0000, -0.2000, 165, 60, 20, 2, Tarnar_(Notable)
P 11570.0000, -800.0000, -1.0000, 165, 60, 20, 2, Thrackin_Griften_(Notable)
P 5430.0000, 2439.0000, 9.0400, 165, 60, 20, 2, Tiny_Miller_(Notable)
P 15076.0000, -1341.0000, -1.0000, 165, 60, 20, 2, Yiz_Pon_(Notable)
