L 2686.3600, -1979.9820, 0.0000, 2686.3600, -3608.3379, 0.0000, 150, 90, 150
L 2686.3600, -3608.3379, 0.0000, 2881.7627, -3282.6667, 0.0000, 150, 90, 150
L 2686.3600, -3608.3379, 0.0000, 2490.9573, -3282.6667, 0.0000, 150, 90, 150
P 956.2318, -2370.7874, 0.0000, 150, 90, 150, 4, To_Jared's_Blight
L 13433.1400, -2159.1011, 0.0000, 13433.1400, -3429.2188, 0.0000, 150, 90, 150
L 13433.1400, -3429.2188, 0.0000, 13589.4622, -3168.6818, 0.0000, 150, 90, 150
L 13433.1400, -3429.2188, 0.0000, 13276.8178, -3168.6818, 0.0000, 150, 90, 150
P 12008.3285, -2370.7874, 0.0000, 150, 90, 150, 3, To_Blackburrow
L -808.8192, -2127.2217, 0.0000, -1960.2408, -3278.6433, 0.0000, 150, 90, 150
L -1960.2408, -3278.6433, 0.0000, -1591.7859, -3186.5295, 0.0000, 150, 90, 150
L -1960.2408, -3278.6433, 0.0000, -1868.1270, -2910.1884, 0.0000, 150, 90, 150
P -613.4165, -2279.5600, 0.0000, 150, 90, 150, 4, To_Al-Karad_Ruins
L -570.3520, 84.5225, 0.0000, -2198.7080, 84.5225, 0.0000, 150, 90, 150
L -2198.7080, 84.5225, 0.0000, -1873.0368, -110.8802, 0.0000, 150, 90, 150
L -2198.7080, 84.5225, 0.0000, -1873.0368, 279.9252, 0.0000, 150, 90, 150
P -374.9493, 507.8950, 0.0000, 150, 90, 150, 4, To_Blakedown
L -749.4712, 2871.9775, 0.0000, -2019.5888, 2871.9775, 0.0000, 150, 90, 150
L -2019.5888, 2871.9775, 0.0000, -1759.0519, 2715.6553, 0.0000, 150, 90, 150
L -2019.5888, 2871.9775, 0.0000, -1759.0519, 3028.2997, 0.0000, 150, 90, 150
P -554.0685, 3295.3500, 0.0000, 150, 90, 150, 3, To_Bear_Cave
L -935.4756, 5210.3781, 0.0000, -1833.5844, 6108.4869, 0.0000, 150, 90, 150
L -1833.5844, 6108.4869, 0.0000, -1759.8934, 5813.7230, 0.0000, 150, 90, 150
L -1833.5844, 6108.4869, 0.0000, -1538.8205, 6034.7959, 0.0000, 150, 90, 150
P -740.0729, 6082.8050, 0.0000, 150, 90, 150, 3, To_Mayfly_Glade
L 16689.8518, -2238.3567, 0.0000, 18318.2077, -2238.3567, 0.0000, 150, 90, 150
L 18318.2077, -2238.3567, 0.0000, 17992.5365, -2042.9540, 0.0000, 150, 90, 150
L 18318.2077, -2238.3567, 0.0000, 17992.5365, -2433.7594, 0.0000, 150, 90, 150
P 13441.2817, -1814.9841, 0.0000, 150, 90, 150, 4, To_Strag's_Rest
L 16868.9709, 1478.2500, 0.0000, 18139.0886, 1478.2500, 0.0000, 150, 90, 150
L 18139.0886, 1478.2500, 0.0000, 17878.5516, 1634.5722, 0.0000, 150, 90, 150
L 18139.0886, 1478.2500, 0.0000, 17878.5516, 1321.9278, 0.0000, 150, 90, 150
P 13823.9453, 1901.6225, 0.0000, 150, 90, 150, 3, To_Trail's_End
L 17054.9754, 4745.8023, 0.0000, 17953.0841, 5643.9111, 0.0000, 150, 90, 150
L 17953.0841, 5643.9111, 0.0000, 17658.3202, 5570.2201, 0.0000, 150, 90, 150
L 17953.0841, 5643.9111, 0.0000, 17879.3932, 5349.1472, 0.0000, 150, 90, 150
P 14417.0387, 5618.2292, 0.0000, 150, 90, 150, 3, To_Salt_Mine
L 8059.7500, 5115.6010, 0.0000, 8059.7500, 6385.7187, 0.0000, 150, 90, 150
L 8059.7500, 6385.7187, 0.0000, 7903.4278, 6125.1817, 0.0000, 150, 90, 150
L 8059.7500, 6385.7187, 0.0000, 8216.0722, 6125.1817, 0.0000, 150, 90, 150
P 6838.4830, 6174.0324, 0.0000, 150, 90, 150, 3, To_Forkwatch
