P 636.0752, -299.8139, -0.3740, 35, 95, 55, 2, Moreo_(Spells)
P 633.1735, -326.3910, -0.3740, 35, 95, 55, 2, Isobelle_(Spells)
P 632.0145, -337.2740, -0.3740, 165, 60, 20, 3, Kazlo_(GM_Wizard)
P 613.7845, -360.7135, 0.6260, 165, 60, 20, 3, Basten_(GM_Enchanter)
P 559.3898, -320.2500, 0.6260, 35, 95, 55, 2, Merchants
P 506.6470, -330.0596, 0.6260, 35, 95, 55, 2, Rucio_(Merchant)
P 396.3223, -290.2170, 0.6260, 35, 95, 55, 2, Ren_(Merchant)
P 437.6785, -338.9913, 0.0000, 35, 95, 55, 3, Kendall_(Banker)
P 438.2087, -318.9087, 0.0000, 35, 95, 55, 3, Sorn_(Banker)
P 440.5467, -465.0199, -0.3740, 160, 105, 0, 3, to_North_Qeynos
P 76.9476, -589.5226, -0.3740, 160, 105, 0, 3, to_North_Qeynos
P 433.5536, -50.8762, -27.3740, 30, 70, 90, 2, Arena
P 269.5862, 30.5032, -27.3740, 35, 95, 55, 2, Merchants
P 489.2349, 280.7816, 0.6260, 35, 95, 55, 2, Raffy_(Armor)
P 493.9033, 281.1400, 0.6260, 165, 60, 20, 3, Chesgard_(GM_Paladin)
P 481.6015, 237.6444, 0.6260, 35, 95, 55, 2, Lisdon_(Spells)
P 475.6066, 244.8597, 0.6260, 165, 60, 20, 3, Kasine_(GM_Paladin)
P 427.4311, 199.8439, 0.6260, 165, 60, 20, 3, Gehna_(GM_Cleric)
P 518.3121, 149.4203, 3.0010, 165, 60, 20, 3, Runethar_(GM_Paladin)
P 543.0129, 175.9081, 0.6260, 165, 60, 20, 3, Daedet_(GM_Cleric)
P 468.1737, -286.8042, 0.6260, 30, 70, 90, 2, Novalu_(Soulbinder)
P 590.6720, -319.3396, 0.6260, 165, 60, 20, 3, Yestura_(GM_Magician)
P 586.5141, -305.9404, 0.6260, 35, 95, 55, 2, Spell_Merchants
P 613.6495, -311.7527, 0.6260, 35, 95, 55, 2, Spell_Merchants
P 511.4032, -36.1845, 28.0010, 165, 60, 20, 3, Tillin_(GM_Warrior)
P 509.6542, -75.4972, 28.0010, 165, 60, 20, 3, Ebon_(GM_Warrior)
P 586.8550, -81.1419, 28.0908, 165, 60, 20, 3, Brin_(GM_Warrior)
P 505.8200, -65.8106, 1.6260, 165, 60, 20, 3, Tabure_(GM_Warrior)
P 549.1880, -34.8046, 0.6260, 35, 95, 55, 2, Rabley_(Weapons)
P 464.1118, 29.4837, -27.9990, 165, 60, 20, 3, Grahan_(GM_Warrior)
P 604.7324, 147.3116, -27.9990, 160, 105, 0, 3, to_Qeynos_Aqueduct_System
P 254.1378, 164.5011, 0.6260, 35, 95, 55, 2, Karn_(Merchant)
P 277.4584, 168.0380, 0.6260, 30, 70, 90, 2, Heidi_(Brewer)
P 264.9352, 191.0424, 0.6260, 35, 95, 55, 2, Voleen_(Baking)
P 275.1889, 304.0976, 0.6260, 30, 70, 90, 2, Sunsa_(Bar)
P 267.7948, 291.2881, 0.6260, 30, 70, 90, 2, Fish_(Bar)
P 256.1958, 246.6607, -0.3740, 30, 70, 90, 2, McNeal_(Bar)
P 39.8391, -15.1365, 13.6260, 35, 95, 55, 2, Rohand_(Merchant)
P 207.6850, -91.5989, -0.3740, 35, 95, 55, 2, Wrin_(Armor)
P 147.5419, -176.2063, -0.3740, 30, 70, 90, 2, lala_(Tailor)
P 171.7881, -196.9268, -0.3740, 35, 95, 55, 2, Byjan_(Armor)
P 127.7491, -231.0023, 14.6260, 30, 70, 90, 2, Sissy_(Bar)
P 67.9472, -258.8752, 14.6260, 30, 70, 90, 2, Tasya_(Bar)
P 189.8899, -254.0703, 14.6260, 30, 70, 90, 2, Earron_(Bar)
P 169.1085, -256.6740, 14.6260, 30, 70, 90, 2, Nug_(Bar)
P 79.0601, -399.0695, 0.0000, 30, 70, 90, 2, Fhara_(Tailor)
P 32.4720, -525.7956, 14.6260, 35, 95, 55, 2, Rane_(Armor)
P 86.1997, -536.0319, 0.6260, 35, 95, 55, 2, Mar_(Smith)
P 79.3300, -541.1999, 14.0010, 35, 95, 55, 2, Yakem_(Smith)
P 44.4171, -536.8663, 14.0010, 35, 95, 55, 2, Liln_(Smith)
P 122.0398, -553.7324, 0.6260, 165, 60, 20, 3, Jusean_(GM_Bard)
P 147.9813, -536.9030, 0.6260, 35, 95, 55, 2, Spell_Merchants
P 145.0467, -556.6280, 0.6260, 35, 95, 55, 2, Sansa_(Weapons)
P 157.0129, -523.9170, 0.6260, 165, 60, 20, 3, Sillari_(GM_Bard)
P 242.0397, -439.8319, 0.6260, 35, 95, 55, 2, Nesiff_(Weapons)
P 263.9250, -426.7981, 0.6260, 35, 95, 55, 2, Stan_(Weapons)
P 257.2773, -414.4324, 0.6260, 30, 70, 90, 2, Danon_(Fletcher)
P 308.9053, -486.3422, 0.6260, 35, 95, 55, 2, Fellesha_(Merchant)
P 261.9716, -542.8302, 0.6260, 35, 95, 55, 2, Raheim_(Merchant)
P 308.8980, -536.8016, 0.6260, 30, 70, 90, 2, Kiln
P 369.7978, -372.9025, 0.6260, 30, 70, 90, 2, Forge
P 155.2538, -274.5566, -2.3740, 30, 70, 90, 2, Brew_Barrel
P 30.3587, -482.0080, 0.6260, 30, 70, 90, 2, Forge
P 521.7383, 256.9513, 0.6260, 35, 95, 55, 2, Merchants
P 654.1120, -315.7971, 0.6260, 35, 95, 55, 2, Spell_Merchants
P 296.3655, -178.8975, 0.6260, 30, 70, 90, 2, Forge
P 26.7479, 306.1245, 0.6260, 35, 95, 55, 2, Ghul_(Merchant)
