P -1092.72, 603.27, 0.0000, 70, 86, 92, 3, N
P -1092.72, 782.48, 0.0000, 84, 92, 96, 1, S
P -1003.12, 692.88, 0.0000, 84, 92, 96, 1, E
P -1182.32, 692.88, 0.0000, 84, 92, 96, 1, W
L -880.00, -591.02, 0.0000, -880.00, 599.38, 0.0000, 150, 150, 140
L -660.00, -591.02, 0.0000, -660.00, 599.38, 0.0000, 150, 150, 140
L -440.00, -591.02, 0.0000, -440.00, 599.38, 0.0000, 150, 150, 140
L -220.00, -591.02, 0.0000, -220.00, 599.38, 0.0000, 150, 150, 140
L 0.00, -591.02, 0.0000, 0.00, 599.38, 0.0000, 150, 150, 140
L 220.00, -591.02, 0.0000, 220.00, 599.38, 0.0000, 150, 150, 140
L 440.00, -591.02, 0.0000, 440.00, 599.38, 0.0000, 150, 150, 140
L 660.00, -591.02, 0.0000, 660.00, 599.38, 0.0000, 150, 150, 140
L -999.22, -440.00, 0.0000, 699.34, -440.00, 0.0000, 150, 150, 140
L -999.22, -220.00, 0.0000, 699.34, -220.00, 0.0000, 150, 150, 140
L -999.22, 0.00, 0.0000, 699.34, 0.00, 0.0000, 150, 150, 140
L -999.22, 220.00, 0.0000, 699.34, 220.00, 0.0000, 150, 150, 140
L -999.22, 440.00, 0.0000, 699.34, 440.00, 0.0000, 150, 150, 140
L -999.22, 599.38, 0.0000, 699.34, 599.38, 0.0000, 150, 150, 140
L -999.22, -591.02, 0.0000, -999.22, 599.38, 0.0000, 150, 150, 140
L 699.34, -591.02, 0.0000, 699.34, 599.38, 0.0000, 150, 150, 140
L -1270.22, -862.02, 0.0000, -1145.74, -844.73, 0.0000, 84, 92, 96
L -1145.74, -844.73, 0.0000, -1021.27, -862.02, 0.0000, 84, 92, 96
L -1021.27, -862.02, 0.0000, -896.79, -848.25, 0.0000, 84, 92, 96
L 596.92, -846.53, 0.0000, 721.39, -862.02, 0.0000, 84, 92, 96
L 721.39, -862.02, 0.0000, 845.87, -836.13, 0.0000, 84, 92, 96
L 845.87, -836.13, 0.0000, 970.34, -862.02, 0.0000, 84, 92, 96
L 970.34, -862.02, 0.0000, 941.66, -738.28, 0.0000, 84, 92, 96
L 941.66, -738.28, 0.0000, 970.34, -614.54, 0.0000, 84, 92, 96
L 970.34, -614.54, 0.0000, 945.30, -490.80, 0.0000, 84, 92, 96
L 945.30, -490.80, 0.0000, 970.34, -367.05, 0.0000, 84, 92, 96
L 970.34, -367.05, 0.0000, 946.94, -243.31, 0.0000, 84, 92, 96
L 946.94, -243.31, 0.0000, 970.34, -119.57, 0.0000, 84, 92, 96
L 970.34, -119.57, 0.0000, 940.47, 4.18, 0.0000, 84, 92, 96
L 940.47, 4.18, 0.0000, 970.34, 127.92, 0.0000, 84, 92, 96
L 970.34, 127.92, 0.0000, 939.22, 251.66, 0.0000, 84, 92, 96
L 939.22, 251.66, 0.0000, 970.34, 375.40, 0.0000, 84, 92, 96
L 970.34, 375.40, 0.0000, 946.91, 499.15, 0.0000, 84, 92, 96
L 946.91, 499.15, 0.0000, 970.34, 622.89, 0.0000, 84, 92, 96
L 970.34, 622.89, 0.0000, 942.41, 746.63, 0.0000, 84, 92, 96
L 942.41, 746.63, 0.0000, 970.34, 870.38, 0.0000, 84, 92, 96
L 970.34, 870.38, 0.0000, 845.87, 844.21, 0.0000, 84, 92, 96
L 845.87, 844.21, 0.0000, 721.39, 870.38, 0.0000, 84, 92, 96
L 721.39, 870.38, 0.0000, 596.92, 856.89, 0.0000, 84, 92, 96
L 596.92, 856.89, 0.0000, 472.44, 870.38, 0.0000, 84, 92, 96
L 472.44, 870.38, 0.0000, 347.97, 852.02, 0.0000, 84, 92, 96
L 347.97, 852.02, 0.0000, 223.49, 870.38, 0.0000, 84, 92, 96
L 223.49, 870.38, 0.0000, 99.01, 853.16, 0.0000, 84, 92, 96
L 99.01, 853.16, 0.0000, -25.46, 870.38, 0.0000, 84, 92, 96
L -25.46, 870.38, 0.0000, -149.94, 846.03, 0.0000, 84, 92, 96
L -149.94, 846.03, 0.0000, -274.41, 870.38, 0.0000, 84, 92, 96
L -274.41, 870.38, 0.0000, -398.89, 852.44, 0.0000, 84, 92, 96
L -398.89, 852.44, 0.0000, -523.36, 870.38, 0.0000, 84, 92, 96
L -523.36, 870.38, 0.0000, -647.84, 858.82, 0.0000, 84, 92, 96
L -647.84, 858.82, 0.0000, -772.32, 870.38, 0.0000, 84, 92, 96
L -772.32, 870.38, 0.0000, -896.79, 847.78, 0.0000, 84, 92, 96
L -896.79, 847.78, 0.0000, -1021.27, 870.38, 0.0000, 84, 92, 96
L -1021.27, 870.38, 0.0000, -1145.74, 852.29, 0.0000, 84, 92, 96
L -1145.74, 852.29, 0.0000, -1270.22, 870.38, 0.0000, 84, 92, 96
L -1270.22, 870.38, 0.0000, -1249.69, 746.63, 0.0000, 84, 92, 96
L -1249.69, 746.63, 0.0000, -1270.22, 622.89, 0.0000, 84, 92, 96
L -1270.22, 622.89, 0.0000, -1251.98, 499.15, 0.0000, 84, 92, 96
L -1251.98, 499.15, 0.0000, -1270.22, 375.40, 0.0000, 84, 92, 96
L -1270.22, 375.40, 0.0000, -1242.35, 251.66, 0.0000, 84, 92, 96
L -1242.35, 251.66, 0.0000, -1270.22, 127.92, 0.0000, 84, 92, 96
L -1270.22, 127.92, 0.0000, -1241.52, 4.18, 0.0000, 84, 92, 96
L -1241.52, 4.18, 0.0000, -1270.22, -119.57, 0.0000, 84, 92, 96
L -1270.22, -119.57, 0.0000, -1244.26, -243.31, 0.0000, 84, 92, 96
L -1244.26, -243.31, 0.0000, -1270.22, -367.05, 0.0000, 84, 92, 96
L -1270.22, -367.05, 0.0000, -1241.22, -490.80, 0.0000, 84, 92, 96
L -1241.22, -490.80, 0.0000, -1270.22, -614.54, 0.0000, 84, 92, 96
L -1270.22, -614.54, 0.0000, -1256.13, -738.28, 0.0000, 84, 92, 96
L -1256.13, -738.28, 0.0000, -1270.22, -862.02, 0.0000, 84, 92, 96
L -1186.22, -778.02, 0.0000, -1026.79, -768.03, 0.0000, 150, 164, 168
L 726.92, -778.02, 0.0000, 886.34, -770.01, 0.0000, 150, 164, 168
L 886.34, -778.02, 0.0000, 877.62, -621.58, 0.0000, 150, 164, 168
L 877.62, -621.58, 0.0000, 886.34, -465.14, 0.0000, 150, 164, 168
L 886.34, -465.14, 0.0000, 869.94, -308.70, 0.0000, 150, 164, 168
L 869.94, -308.70, 0.0000, 886.34, -152.26, 0.0000, 150, 164, 168
L 886.34, -152.26, 0.0000, 878.95, 4.18, 0.0000, 150, 164, 168
L 878.95, 4.18, 0.0000, 886.34, 160.62, 0.0000, 150, 164, 168
L 886.34, 160.62, 0.0000, 871.22, 317.06, 0.0000, 150, 164, 168
L 871.22, 317.06, 0.0000, 886.34, 473.50, 0.0000, 150, 164, 168
L 886.34, 473.50, 0.0000, 868.43, 629.94, 0.0000, 150, 164, 168
L 868.43, 629.94, 0.0000, 886.34, 786.38, 0.0000, 150, 164, 168
L 886.34, 786.38, 0.0000, 726.92, 773.34, 0.0000, 150, 164, 168
L 726.92, 773.34, 0.0000, 567.49, 786.38, 0.0000, 150, 164, 168
L 567.49, 786.38, 0.0000, 408.06, 774.31, 0.0000, 150, 164, 168
L 408.06, 774.31, 0.0000, 248.63, 786.38, 0.0000, 150, 164, 168
L 248.63, 786.38, 0.0000, 89.20, 775.71, 0.0000, 150, 164, 168
L 89.20, 775.71, 0.0000, -70.22, 786.38, 0.0000, 150, 164, 168
L -70.22, 786.38, 0.0000, -229.65, 768.60, 0.0000, 150, 164, 168
L -229.65, 768.60, 0.0000, -389.08, 786.38, 0.0000, 150, 164, 168
L -389.08, 786.38, 0.0000, -548.51, 775.46, 0.0000, 150, 164, 168
L -548.51, 775.46, 0.0000, -707.94, 786.38, 0.0000, 150, 164, 168
L -707.94, 786.38, 0.0000, -867.36, 776.89, 0.0000, 150, 164, 168
L -867.36, 776.89, 0.0000, -1026.79, 786.38, 0.0000, 150, 164, 168
L -1026.79, 786.38, 0.0000, -1186.22, 768.96, 0.0000, 150, 164, 168
L -1186.22, 786.38, 0.0000, -1177.39, 629.94, 0.0000, 150, 164, 168
L -1177.39, 629.94, 0.0000, -1186.22, 473.50, 0.0000, 150, 164, 168
L -1186.22, 473.50, 0.0000, -1175.54, 317.06, 0.0000, 150, 164, 168
L -1175.54, 317.06, 0.0000, -1186.22, 160.62, 0.0000, 150, 164, 168
L -1186.22, 160.62, 0.0000, -1171.82, 4.18, 0.0000, 150, 164, 168
L -1171.82, 4.18, 0.0000, -1186.22, -152.26, 0.0000, 150, 164, 168
L -1186.22, -152.26, 0.0000, -1168.16, -308.70, 0.0000, 150, 164, 168
L -1168.16, -308.70, 0.0000, -1186.22, -465.14, 0.0000, 150, 164, 168
L -1186.22, -465.14, 0.0000, -1171.83, -621.58, 0.0000, 150, 164, 168
L -1171.83, -621.58, 0.0000, -1186.22, -778.02, 0.0000, 150, 164, 168
L -897.14, -784.02, 0.0000, 597.26, -784.02, 0.0000, 150, 164, 168
L -1022.72, 692.88, 0.0000, -1023.78, 705.03, 0.0000, 84, 92, 96
L -1023.78, 705.03, 0.0000, -1026.94, 716.82, 0.0000, 84, 92, 96
L -1026.94, 716.82, 0.0000, -1032.10, 727.88, 0.0000, 84, 92, 96
L -1032.10, 727.88, 0.0000, -1039.10, 737.87, 0.0000, 84, 92, 96
L -1039.10, 737.87, 0.0000, -1047.72, 746.50, 0.0000, 84, 92, 96
L -1047.72, 746.50, 0.0000, -1057.72, 753.50, 0.0000, 84, 92, 96
L -1057.72, 753.50, 0.0000, -1068.78, 758.65, 0.0000, 84, 92, 96
L -1068.78, 758.65, 0.0000, -1080.56, 761.81, 0.0000, 84, 92, 96
L -1080.56, 761.81, 0.0000, -1092.72, 762.88, 0.0000, 84, 92, 96
L -1092.72, 762.88, 0.0000, -1104.87, 761.81, 0.0000, 84, 92, 96
L -1104.87, 761.81, 0.0000, -1116.66, 758.65, 0.0000, 84, 92, 96
L -1116.66, 758.65, 0.0000, -1127.72, 753.50, 0.0000, 84, 92, 96
L -1127.72, 753.50, 0.0000, -1137.71, 746.50, 0.0000, 84, 92, 96
L -1137.71, 746.50, 0.0000, -1146.34, 737.87, 0.0000, 84, 92, 96
L -1146.34, 737.87, 0.0000, -1153.34, 727.88, 0.0000, 84, 92, 96
L -1153.34, 727.88, 0.0000, -1158.50, 716.82, 0.0000, 84, 92, 96
L -1158.50, 716.82, 0.0000, -1161.66, 705.03, 0.0000, 84, 92, 96
L -1161.66, 705.03, 0.0000, -1162.72, 692.88, 0.0000, 84, 92, 96
L -1162.72, 692.88, 0.0000, -1161.66, 680.72, 0.0000, 84, 92, 96
L -1161.66, 680.72, 0.0000, -1158.50, 668.93, 0.0000, 84, 92, 96
L -1158.50, 668.93, 0.0000, -1153.34, 657.88, 0.0000, 84, 92, 96
L -1153.34, 657.88, 0.0000, -1146.34, 647.88, 0.0000, 84, 92, 96
L -1146.34, 647.88, 0.0000, -1137.71, 639.25, 0.0000, 84, 92, 96
L -1137.71, 639.25, 0.0000, -1127.72, 632.25, 0.0000, 84, 92, 96
L -1127.72, 632.25, 0.0000, -1116.66, 627.10, 0.0000, 84, 92, 96
L -1116.66, 627.10, 0.0000, -1104.87, 623.94, 0.0000, 84, 92, 96
L -1104.87, 623.94, 0.0000, -1092.72, 622.88, 0.0000, 84, 92, 96
L -1092.72, 622.88, 0.0000, -1080.56, 623.94, 0.0000, 84, 92, 96
L -1080.56, 623.94, 0.0000, -1068.78, 627.10, 0.0000, 84, 92, 96
L -1068.78, 627.10, 0.0000, -1057.72, 632.25, 0.0000, 84, 92, 96
L -1057.72, 632.25, 0.0000, -1047.72, 639.25, 0.0000, 84, 92, 96
L -1047.72, 639.25, 0.0000, -1039.10, 647.88, 0.0000, 84, 92, 96
L -1039.10, 647.88, 0.0000, -1032.10, 657.88, 0.0000, 84, 92, 96
L -1032.10, 657.88, 0.0000, -1026.94, 668.93, 0.0000, 84, 92, 96
L -1026.94, 668.93, 0.0000, -1023.78, 680.72, 0.0000, 84, 92, 96
L -1023.78, 680.72, 0.0000, -1022.72, 692.88, 0.0000, 84, 92, 96
L -1013.62, 692.88, 0.0000, -1014.82, 706.61, 0.0000, 150, 164, 168
L -1014.82, 706.61, 0.0000, -1018.39, 719.93, 0.0000, 150, 164, 168
L -1018.39, 719.93, 0.0000, -1024.22, 732.42, 0.0000, 150, 164, 168
L -1024.22, 732.42, 0.0000, -1032.12, 743.72, 0.0000, 150, 164, 168
L -1032.12, 743.72, 0.0000, -1041.87, 753.47, 0.0000, 150, 164, 168
L -1041.87, 753.47, 0.0000, -1053.17, 761.38, 0.0000, 150, 164, 168
L -1053.17, 761.38, 0.0000, -1065.67, 767.20, 0.0000, 150, 164, 168
L -1065.67, 767.20, 0.0000, -1078.98, 770.77, 0.0000, 150, 164, 168
L -1078.98, 770.77, 0.0000, -1092.72, 771.98, 0.0000, 150, 164, 168
L -1092.72, 771.98, 0.0000, -1106.45, 770.77, 0.0000, 150, 164, 168
L -1106.45, 770.77, 0.0000, -1119.77, 767.20, 0.0000, 150, 164, 168
L -1119.77, 767.20, 0.0000, -1132.27, 761.38, 0.0000, 150, 164, 168
L -1132.27, 761.38, 0.0000, -1143.56, 753.47, 0.0000, 150, 164, 168
L -1143.56, 753.47, 0.0000, -1153.31, 743.72, 0.0000, 150, 164, 168
L -1153.31, 743.72, 0.0000, -1161.22, 732.42, 0.0000, 150, 164, 168
L -1161.22, 732.42, 0.0000, -1167.05, 719.93, 0.0000, 150, 164, 168
L -1167.05, 719.93, 0.0000, -1170.62, 706.61, 0.0000, 150, 164, 168
L -1170.62, 706.61, 0.0000, -1171.82, 692.88, 0.0000, 150, 164, 168
L -1171.82, 692.88, 0.0000, -1170.62, 679.14, 0.0000, 150, 164, 168
L -1170.62, 679.14, 0.0000, -1167.05, 665.82, 0.0000, 150, 164, 168
L -1167.05, 665.82, 0.0000, -1161.22, 653.33, 0.0000, 150, 164, 168
L -1161.22, 653.33, 0.0000, -1153.31, 642.03, 0.0000, 150, 164, 168
L -1153.31, 642.03, 0.0000, -1143.56, 632.28, 0.0000, 150, 164, 168
L -1143.56, 632.28, 0.0000, -1132.27, 624.37, 0.0000, 150, 164, 168
L -1132.27, 624.37, 0.0000, -1119.77, 618.55, 0.0000, 150, 164, 168
L -1119.77, 618.55, 0.0000, -1106.45, 614.98, 0.0000, 150, 164, 168
L -1106.45, 614.98, 0.0000, -1092.72, 613.77, 0.0000, 150, 164, 168
L -1092.72, 613.77, 0.0000, -1078.98, 614.98, 0.0000, 150, 164, 168
L -1078.98, 614.98, 0.0000, -1065.67, 618.55, 0.0000, 150, 164, 168
L -1065.67, 618.55, 0.0000, -1053.17, 624.37, 0.0000, 150, 164, 168
L -1053.17, 624.37, 0.0000, -1041.87, 632.28, 0.0000, 150, 164, 168
L -1041.87, 632.28, 0.0000, -1032.12, 642.03, 0.0000, 150, 164, 168
L -1032.12, 642.03, 0.0000, -1024.22, 653.32, 0.0000, 150, 164, 168
L -1024.22, 653.32, 0.0000, -1018.39, 665.82, 0.0000, 150, 164, 168
L -1018.39, 665.82, 0.0000, -1014.82, 679.14, 0.0000, 150, 164, 168
L -1014.82, 679.14, 0.0000, -1013.62, 692.88, 0.0000, 150, 164, 168
L -1092.72, 692.88, 0.0000, -1092.72, 622.88, 0.0000, 150, 164, 168
L -1092.72, 692.88, 0.0000, -1063.02, 663.18, 0.0000, 150, 150, 140
L -1092.72, 692.88, 0.0000, -1022.72, 692.88, 0.0000, 150, 164, 168
L -1092.72, 692.88, 0.0000, -1063.02, 722.57, 0.0000, 150, 150, 140
L -1092.72, 692.88, 0.0000, -1092.72, 762.88, 0.0000, 150, 164, 168
L -1092.72, 692.88, 0.0000, -1122.42, 722.57, 0.0000, 150, 150, 140
L -1092.72, 692.88, 0.0000, -1162.72, 692.88, 0.0000, 150, 164, 168
L -1092.72, 692.88, 0.0000, -1122.42, 663.18, 0.0000, 150, 150, 140
L -1092.72, 657.88, 0.0000, -1092.72, 629.88, 0.0000, 70, 86, 92
L -1100.72, 636.88, 0.0000, -1092.72, 627.08, 0.0000, 70, 86, 92
L -1084.72, 636.88, 0.0000, -1092.72, 627.08, 0.0000, 70, 86, 92
L -962.4278, -712.9769, 0.0000, -987.9857, -742.0200, 0.0000, 70, 86, 92
L -987.9857, -742.0200, 0.0000, -1064.6596, -742.0200, 0.0000, 70, 86, 92
L -1064.6596, -742.0200, 0.0000, -1090.2175, -707.1683, 0.0000, 70, 86, 92
L -1090.2175, -707.1683, 0.0000, -1090.2175, -664.5717, 0.0000, 70, 86, 92
L -1090.2175, -664.5717, 0.0000, -1064.6596, -645.2096, 0.0000, 70, 86, 92
L -1064.6596, -645.2096, 0.0000, -987.9857, -645.2096, 0.0000, 70, 86, 92
L -987.9857, -645.2096, 0.0000, -962.4278, -621.9751, 0.0000, 70, 86, 92
L -962.4278, -621.9751, 0.0000, -962.4278, -579.3785, 0.0000, 70, 86, 92
L -962.4278, -579.3785, 0.0000, -987.9857, -548.3992, 0.0000, 70, 86, 92
L -987.9857, -548.3992, 0.0000, -1064.6596, -548.3992, 0.0000, 70, 86, 92
L -1064.6596, -548.3992, 0.0000, -1090.2175, -579.3785, 0.0000, 70, 86, 92
L -898.9273, -548.3992, 0.0000, -835.0324, -548.3992, 0.0000, 70, 86, 92
L -835.0324, -548.3992, 0.0000, -803.0850, -606.4854, 0.0000, 70, 86, 92
L -803.0850, -606.4854, 0.0000, -803.0850, -683.9338, 0.0000, 70, 86, 92
L -803.0850, -683.9338, 0.0000, -835.0324, -742.0200, 0.0000, 70, 86, 92
L -835.0324, -742.0200, 0.0000, -898.9273, -742.0200, 0.0000, 70, 86, 92
L -898.9273, -742.0200, 0.0000, -930.8747, -683.9338, 0.0000, 70, 86, 92
L -930.8747, -683.9338, 0.0000, -930.8747, -606.4854, 0.0000, 70, 86, 92
L -930.8747, -606.4854, 0.0000, -898.9273, -548.3992, 0.0000, 70, 86, 92
L -771.5320, -742.0200, 0.0000, -771.5320, -587.1234, 0.0000, 70, 86, 92
L -771.5320, -587.1234, 0.0000, -745.9741, -548.3992, 0.0000, 70, 86, 92
L -745.9741, -548.3992, 0.0000, -669.3002, -548.3992, 0.0000, 70, 86, 92
L -669.3002, -548.3992, 0.0000, -643.7423, -587.1234, 0.0000, 70, 86, 92
L -643.7423, -587.1234, 0.0000, -643.7423, -742.0200, 0.0000, 70, 86, 92
L -612.1892, -742.0200, 0.0000, -484.3995, -742.0200, 0.0000, 70, 86, 92
L -548.2944, -742.0200, 0.0000, -548.2944, -548.3992, 0.0000, 70, 86, 92
L -452.8465, -548.3992, 0.0000, -452.8465, -742.0200, 0.0000, 70, 86, 92
L -325.0568, -548.3992, 0.0000, -325.0568, -742.0200, 0.0000, 70, 86, 92
L -452.8465, -645.2096, 0.0000, -325.0568, -645.2096, 0.0000, 70, 86, 92
L -102.2136, -548.3992, 0.0000, -38.3187, -548.3992, 0.0000, 70, 86, 92
L -38.3187, -548.3992, 0.0000, -6.3713, -606.4854, 0.0000, 70, 86, 92
L -6.3713, -606.4854, 0.0000, -6.3713, -683.9338, 0.0000, 70, 86, 92
L -6.3713, -683.9338, 0.0000, -38.3187, -742.0200, 0.0000, 70, 86, 92
L -38.3187, -742.0200, 0.0000, -102.2136, -742.0200, 0.0000, 70, 86, 92
L -102.2136, -742.0200, 0.0000, -134.1610, -683.9338, 0.0000, 70, 86, 92
L -134.1610, -683.9338, 0.0000, -134.1610, -606.4854, 0.0000, 70, 86, 92
L -134.1610, -606.4854, 0.0000, -102.2136, -548.3992, 0.0000, 70, 86, 92
L -57.4872, -606.4854, 0.0000, -6.3713, -538.7182, 0.0000, 70, 86, 92
L 152.9715, -742.0200, 0.0000, 25.1818, -742.0200, 0.0000, 70, 86, 92
L 25.1818, -742.0200, 0.0000, 25.1818, -548.3992, 0.0000, 70, 86, 92
L 25.1818, -548.3992, 0.0000, 152.9715, -548.3992, 0.0000, 70, 86, 92
L 25.1818, -645.2096, 0.0000, 114.6346, -645.2096, 0.0000, 70, 86, 92
L 184.5245, -742.0200, 0.0000, 248.4194, -645.2096, 0.0000, 70, 86, 92
L 248.4194, -645.2096, 0.0000, 312.3142, -742.0200, 0.0000, 70, 86, 92
L 248.4194, -645.2096, 0.0000, 248.4194, -548.3992, 0.0000, 70, 86, 92
L 343.8673, -548.3992, 0.0000, 343.8673, -742.0200, 0.0000, 70, 86, 92
L 343.8673, -742.0200, 0.0000, 471.6570, -548.3992, 0.0000, 70, 86, 92
L 471.6570, -548.3992, 0.0000, 471.6570, -742.0200, 0.0000, 70, 86, 92
L 535.1574, -548.3992, 0.0000, 599.0523, -548.3992, 0.0000, 70, 86, 92
L 599.0523, -548.3992, 0.0000, 630.9997, -606.4854, 0.0000, 70, 86, 92
L 630.9997, -606.4854, 0.0000, 630.9997, -683.9338, 0.0000, 70, 86, 92
L 630.9997, -683.9338, 0.0000, 599.0523, -742.0200, 0.0000, 70, 86, 92
L 599.0523, -742.0200, 0.0000, 535.1574, -742.0200, 0.0000, 70, 86, 92
L 535.1574, -742.0200, 0.0000, 503.2100, -683.9338, 0.0000, 70, 86, 92
L 503.2100, -683.9338, 0.0000, 503.2100, -606.4854, 0.0000, 70, 86, 92
L 503.2100, -606.4854, 0.0000, 535.1574, -548.3992, 0.0000, 70, 86, 92
L 790.3425, -712.9769, 0.0000, 764.7846, -742.0200, 0.0000, 70, 86, 92
L 764.7846, -742.0200, 0.0000, 688.1107, -742.0200, 0.0000, 70, 86, 92
L 688.1107, -742.0200, 0.0000, 662.5528, -707.1683, 0.0000, 70, 86, 92
L 662.5528, -707.1683, 0.0000, 662.5528, -664.5717, 0.0000, 70, 86, 92
L 662.5528, -664.5717, 0.0000, 688.1107, -645.2096, 0.0000, 70, 86, 92
L 688.1107, -645.2096, 0.0000, 764.7846, -645.2096, 0.0000, 70, 86, 92
L 764.7846, -645.2096, 0.0000, 790.3425, -621.9751, 0.0000, 70, 86, 92
L 790.3425, -621.9751, 0.0000, 790.3425, -579.3785, 0.0000, 70, 86, 92
L 790.3425, -579.3785, 0.0000, 764.7846, -548.3992, 0.0000, 70, 86, 92
L 764.7846, -548.3992, 0.0000, 688.1107, -548.3992, 0.0000, 70, 86, 92
L 688.1107, -548.3992, 0.0000, 662.5528, -579.3785, 0.0000, 70, 86, 92
L -951.7392, -768.1835, 0.0000, -952.5500, -817.6456, 0.0000, 78, 84, 110
L -952.5500, -817.6456, 0.0000, -918.4954, -817.6456, 0.0000, 78, 84, 110
L -918.4954, -817.6456, 0.0000, -919.3062, -768.1835, 0.0000, 78, 84, 110
L -919.3062, -768.1835, 0.0000, -951.7392, -768.1835, 0.0000, 78, 84, 110
L -943.6310, -768.1835, 0.0000, -945.2526, -739.9194, 0.0000, 78, 84, 110
L -927.4144, -768.1835, 0.0000, -924.9820, -739.9194, 0.0000, 78, 84, 110
L -923.1572, -834.4274, 0.0000, -925.5188, -826.6400, 0.0000, 78, 84, 110
L -925.5188, -826.6400, 0.0000, -931.7015, -821.8271, 0.0000, 78, 84, 110
L -931.7015, -821.8271, 0.0000, -939.3439, -821.8271, 0.0000, 78, 84, 110
L -939.3439, -821.8271, 0.0000, -945.5266, -826.6400, 0.0000, 78, 84, 110
L -945.5266, -826.6400, 0.0000, -947.8882, -834.4274, 0.0000, 78, 84, 110
L -947.8882, -834.4274, 0.0000, -945.5266, -842.2149, 0.0000, 78, 84, 110
L -945.5266, -842.2149, 0.0000, -939.3439, -847.0278, 0.0000, 78, 84, 110
L -939.3439, -847.0278, 0.0000, -931.7015, -847.0278, 0.0000, 78, 84, 110
L -931.7015, -847.0278, 0.0000, -925.5188, -842.2149, 0.0000, 78, 84, 110
L -925.5188, -842.2149, 0.0000, -923.1572, -834.4274, 0.0000, 78, 84, 110
L -937.2892, -817.6456, 0.0000, -937.2892, -768.1835, 0.0000, 78, 84, 110
L -967.3198, -814.1126, 0.0000, -951.4212, -814.1126, 0.0000, 78, 84, 110
L -951.4212, -814.1126, 0.0000, -951.4212, -764.6505, 0.0000, 78, 84, 110
L -951.4212, -764.6505, 0.0000, -959.3705, -750.5184, 0.0000, 78, 84, 110
L -959.3705, -750.5184, 0.0000, -967.3198, -764.6505, 0.0000, 78, 84, 110
L -967.3198, -764.6505, 0.0000, -967.3198, -814.1126, 0.0000, 78, 84, 110
L -909.0251, -812.3461, 0.0000, -909.0251, -762.8840, 0.0000, 78, 84, 110
L -916.0911, -801.7471, 0.0000, -901.9591, -801.7471, 0.0000, 78, 84, 110
L -370.7506, -824.5758, 0.0000, -370.7506, -888.2719, 0.0000, 128, 108, 80
L -243.3584, -824.5758, 0.0000, -243.3584, -888.2719, 0.0000, 128, 108, 80
L -383.4899, -888.2719, 0.0000, -364.3810, -905.2575, 0.0000, 150, 70, 55
L -364.3810, -905.2575, 0.0000, -345.2722, -888.2719, 0.0000, 150, 70, 55
L -345.2722, -888.2719, 0.0000, -326.1634, -905.2575, 0.0000, 150, 70, 55
L -326.1634, -905.2575, 0.0000, -307.0545, -888.2719, 0.0000, 150, 70, 55
L -307.0545, -888.2719, 0.0000, -287.9457, -905.2575, 0.0000, 150, 70, 55
L -287.9457, -905.2575, 0.0000, -268.8369, -888.2719, 0.0000, 150, 70, 55
L -268.8369, -888.2719, 0.0000, -249.7281, -905.2575, 0.0000, 150, 70, 55
L -249.7281, -905.2575, 0.0000, -230.6192, -888.2719, 0.0000, 150, 70, 55
L -370.7506, -850.0542, 0.0000, -243.3584, -850.0542, 0.0000, 128, 108, 80
L 5.2538, -855.3002, 0.0000, 9.4565, -855.3002, 0.0000, 96, 78, 54
L 5.1596, -853.5626, 0.0000, 9.6145, -853.5626, 0.0000, 96, 78, 54
L 5.0653, -851.8249, 0.0000, 9.7725, -851.8249, 0.0000, 96, 78, 54
L 4.7598, -850.0873, 0.0000, 9.7192, -850.0873, 0.0000, 96, 78, 54
L 4.4316, -848.3497, 0.0000, 9.6432, -848.3497, 0.0000, 96, 78, 54
L 4.2498, -846.6121, 0.0000, 9.7136, -846.6121, 0.0000, 96, 78, 54
L 4.4016, -844.8744, 0.0000, 10.1176, -844.8744, 0.0000, 96, 78, 54
L 4.5533, -843.1368, 0.0000, 10.5216, -843.1368, 0.0000, 96, 78, 54
L 4.2543, -841.3992, 0.0000, 10.4748, -841.3992, 0.0000, 96, 78, 54
L 3.7691, -839.6615, 0.0000, 10.2419, -839.6615, 0.0000, 96, 78, 54
L 3.3504, -837.9239, 0.0000, 10.0754, -837.9239, 0.0000, 96, 78, 54
L 3.4671, -836.1863, 0.0000, 10.4444, -836.1863, 0.0000, 96, 78, 54
L 3.5838, -834.4487, 0.0000, 10.8133, -834.4487, 0.0000, 96, 78, 54
L 3.6331, -832.7110, 0.0000, 11.1149, -832.7110, 0.0000, 96, 78, 54
L 3.6184, -830.9734, 0.0000, 11.3524, -830.9734, 0.0000, 96, 78, 54
L 3.6037, -829.2358, 0.0000, 11.5899, -829.2358, 0.0000, 96, 78, 54
L 3.2110, -827.4981, 0.0000, 11.4495, -827.4981, 0.0000, 96, 78, 54
L 2.7835, -825.7605, 0.0000, 11.2742, -825.7605, 0.0000, 96, 78, 54
L 2.4920, -824.5758, 0.0000, 3.6025, -829.0891, 0.0000, 70, 56, 38
L 11.1547, -824.5758, 0.0000, 11.6100, -829.0891, 0.0000, 96, 78, 54
L 3.6025, -829.0891, 0.0000, 3.6407, -833.6024, 0.0000, 70, 56, 38
L 11.6100, -829.0891, 0.0000, 10.9930, -833.6024, 0.0000, 96, 78, 54
L 3.6407, -833.6024, 0.0000, 3.3375, -838.1157, 0.0000, 70, 56, 38
L 10.9930, -833.6024, 0.0000, 10.0347, -838.1157, 0.0000, 96, 78, 54
L 3.3375, -838.1157, 0.0000, 4.5977, -842.6291, 0.0000, 70, 56, 38
L 10.0347, -838.1157, 0.0000, 10.6397, -842.6291, 0.0000, 96, 78, 54
L 4.5977, -842.6291, 0.0000, 4.2035, -847.1424, 0.0000, 70, 56, 38
L 10.6397, -842.6291, 0.0000, 9.5903, -847.1424, 0.0000, 96, 78, 54
L 4.2035, -847.1424, 0.0000, 5.0561, -851.6557, 0.0000, 70, 56, 38
L 9.5903, -847.1424, 0.0000, 9.7878, -851.6557, 0.0000, 96, 78, 54
L 5.0561, -851.6557, 0.0000, 5.3010, -856.1690, 0.0000, 70, 56, 38
L 9.7878, -851.6557, 0.0000, 9.3775, -856.1690, 0.0000, 96, 78, 54
L 3.6025, -829.0891, 0.0000, 7.2058, -828.4572, 0.0000, 70, 56, 38
L 3.3375, -838.1157, 0.0000, 6.3513, -837.4839, 0.0000, 70, 56, 38
L 4.2035, -847.1424, 0.0000, 6.6276, -846.5105, 0.0000, 70, 56, 38
L 7.1795, -852.6020, 0.0000, 16.2720, -867.3497, 0.0000, 96, 78, 54
L 16.2720, -867.3497, 0.0000, 20.5508, -874.2898, 0.0000, 70, 56, 38
L 7.1795, -852.6020, 0.0000, 20.1768, -864.0579, 0.0000, 96, 78, 54
L 20.1768, -864.0579, 0.0000, 26.2932, -869.4489, 0.0000, 70, 56, 38
L 7.1795, -852.6020, 0.0000, 4.7121, -869.7508, 0.0000, 96, 78, 54
L 4.7121, -869.7508, 0.0000, 3.5510, -877.8208, 0.0000, 70, 56, 38
L 16.4472, -881.6238, 0.0000, 24.6829, -881.6238, 0.0000, 70, 96, 58
L 12.6620, -879.0759, 0.0000, 31.1393, -879.0759, 0.0000, 70, 96, 58
L 11.0986, -876.5281, 0.0000, 40.0782, -876.5281, 0.0000, 70, 96, 58
L 7.1553, -873.9802, 0.0000, 42.0067, -873.9802, 0.0000, 70, 96, 58
L 2.4133, -871.4324, 0.0000, 43.3779, -871.4324, 0.0000, 70, 96, 58
L 1.7011, -868.8845, 0.0000, 44.1883, -868.8845, 0.0000, 70, 96, 58
L 1.0332, -866.3367, 0.0000, 44.8866, -866.3367, 0.0000, 70, 96, 58
L 2.2808, -863.7889, 0.0000, 40.7380, -863.7889, 0.0000, 70, 96, 58
L 3.5285, -861.2410, 0.0000, 37.4651, -861.2410, 0.0000, 70, 96, 58
L 4.4579, -858.6932, 0.0000, 37.5830, -858.6932, 0.0000, 70, 96, 58
L 5.3220, -856.1453, 0.0000, 37.7009, -856.1453, 0.0000, 70, 96, 58
L 8.2363, -853.5975, 0.0000, 26.8934, -853.5975, 0.0000, 70, 96, 58
L 44.9803, -866.3943, 0.0000, 37.4409, -861.7639, 0.0000, 70, 96, 58
L 37.4409, -861.7639, 0.0000, 37.7546, -854.9861, 0.0000, 70, 96, 58
L 37.7546, -854.9861, 0.0000, 28.8638, -854.5627, 0.0000, 70, 96, 58
L 28.8638, -854.5627, 0.0000, 22.1680, -851.2825, 0.0000, 70, 96, 58
L 22.1680, -851.2825, 0.0000, 13.7551, -851.5284, 0.0000, 70, 96, 58
L 13.7551, -851.5284, 0.0000, 5.8874, -854.4781, 0.0000, 70, 96, 58
L 5.8874, -854.4781, 0.0000, 3.7407, -860.8076, 0.0000, 70, 96, 58
L 3.7407, -860.8076, 0.0000, 1.0050, -866.3943, 0.0000, 70, 96, 58
L 1.0050, -866.3943, 0.0000, 2.6584, -872.3091, 0.0000, 70, 96, 58
L 2.6584, -872.3091, 0.0000, 10.2383, -875.1259, 0.0000, 70, 96, 58
L 10.2383, -875.1259, 0.0000, 13.8736, -881.0507, 0.0000, 70, 96, 58
L 13.8736, -881.0507, 0.0000, 22.1680, -882.8977, 0.0000, 70, 96, 58
L 22.1680, -882.8977, 0.0000, 29.4268, -879.2207, 0.0000, 70, 96, 58
L 29.4268, -879.2207, 0.0000, 38.6291, -878.4425, 0.0000, 70, 96, 58
L 38.6291, -878.4425, 0.0000, 42.9741, -872.7021, 0.0000, 70, 96, 58
L 42.9741, -872.7021, 0.0000, 44.9803, -866.3943, 0.0000, 70, 96, 58
L 15.4449, -864.3560, 0.0000, 28.8912, -864.3560, 0.0000, 40, 66, 28
L 3.9199, -860.2794, 0.0000, 37.5096, -860.2794, 0.0000, 40, 66, 28
L 5.3025, -856.2029, 0.0000, 37.6983, -856.2029, 0.0000, 40, 66, 28
L 12.1601, -852.1263, 0.0000, 23.8905, -852.1263, 0.0000, 40, 66, 28
L -7.3632, -874.8174, 0.0000, -0.6941, -874.8174, 0.0000, 70, 96, 58
L -20.6743, -872.2695, 0.0000, 4.6790, -872.2695, 0.0000, 70, 96, 58
L -23.4232, -869.7217, 0.0000, 8.2638, -869.7217, 0.0000, 70, 96, 58
L -24.7488, -867.1738, 0.0000, 10.2060, -867.1738, 0.0000, 70, 96, 58
L -23.8410, -864.6260, 0.0000, 11.8189, -864.6260, 0.0000, 70, 96, 58
L -22.9332, -862.0781, 0.0000, 13.2232, -862.0781, 0.0000, 70, 96, 58
L -22.5303, -859.5303, 0.0000, 14.2826, -859.5303, 0.0000, 70, 96, 58
L -22.3014, -856.9825, 0.0000, 15.2229, -856.9825, 0.0000, 70, 96, 58
L -21.2565, -854.4346, 0.0000, 15.5211, -854.4346, 0.0000, 70, 96, 58
L -19.2686, -851.8868, 0.0000, 13.9270, -851.8868, 0.0000, 70, 96, 58
L -15.9676, -849.3389, 0.0000, 12.3329, -849.3389, 0.0000, 70, 96, 58
L 13.5833, -861.4249, 0.0000, 15.9250, -855.0802, 0.0000, 70, 96, 58
L 15.9250, -855.0802, 0.0000, 12.1363, -849.0247, 0.0000, 70, 96, 58
L 12.1363, -849.0247, 0.0000, 3.2303, -848.0437, 0.0000, 70, 96, 58
L 3.2303, -848.0437, 0.0000, -3.9680, -846.9569, 0.0000, 70, 96, 58
L -3.9680, -846.9569, 0.0000, -11.6702, -847.1072, 0.0000, 70, 96, 58
L -11.6702, -847.1072, 0.0000, -18.1753, -850.4854, 0.0000, 70, 96, 58
L -18.1753, -850.4854, 0.0000, -22.1787, -855.6167, 0.0000, 70, 96, 58
L -22.1787, -855.6167, 0.0000, -22.7005, -861.4249, 0.0000, 70, 96, 58
L -22.7005, -861.4249, 0.0000, -25.1022, -868.1655, 0.0000, 70, 96, 58
L -25.1022, -868.1655, 0.0000, -19.4844, -873.3724, 0.0000, 70, 96, 58
L -19.4844, -873.3724, 0.0000, -10.5327, -873.6281, 0.0000, 70, 96, 58
L -10.5327, -873.6281, 0.0000, -3.9680, -876.0913, 0.0000, 70, 96, 58
L -3.9680, -876.0913, 0.0000, 2.5560, -873.5527, 0.0000, 70, 96, 58
L 2.5560, -873.5527, 0.0000, 7.7250, -870.4285, 0.0000, 70, 96, 58
L 7.7250, -870.4285, 0.0000, 10.9591, -866.1858, 0.0000, 70, 96, 58
L 10.9591, -866.1858, 0.0000, 13.5833, -861.4249, 0.0000, 70, 96, 58
L -10.3588, -859.3866, 0.0000, 2.4227, -859.3866, 0.0000, 40, 66, 28
L -21.9395, -855.3101, 0.0000, 15.2042, -855.3101, 0.0000, 40, 66, 28
L -18.7590, -851.2335, 0.0000, 13.5183, -851.2335, 0.0000, 40, 66, 28
L -11.7660, -847.1570, 0.0000, -2.6428, -847.1570, 0.0000, 40, 66, 28
L -6.6912, -891.1612, 0.0000, 1.9542, -891.1612, 0.0000, 70, 96, 58
L 8.4685, -891.1612, 0.0000, 10.3950, -891.1612, 0.0000, 70, 96, 58
L -9.8719, -888.6134, 0.0000, 14.8735, -888.6134, 0.0000, 70, 96, 58
L -13.3887, -886.0655, 0.0000, 17.1281, -886.0655, 0.0000, 70, 96, 58
L -16.2788, -883.5177, 0.0000, 18.4956, -883.5177, 0.0000, 70, 96, 58
L -16.3238, -880.9698, 0.0000, 20.7313, -880.9698, 0.0000, 70, 96, 58
L -16.3688, -878.4220, 0.0000, 23.1864, -878.4220, 0.0000, 70, 96, 58
L -16.2435, -875.8742, 0.0000, 22.6347, -875.8742, 0.0000, 70, 96, 58
L -16.1011, -873.3263, 0.0000, 21.7818, -873.3263, 0.0000, 70, 96, 58
L -10.7881, -870.7785, 0.0000, 17.4774, -870.7785, 0.0000, 70, 96, 58
L -6.6186, -868.2306, 0.0000, 12.6832, -868.2306, 0.0000, 70, 96, 58
L -4.2634, -865.6828, 0.0000, -3.4641, -865.6828, 0.0000, 70, 96, 58
L 23.4100, -878.1900, 0.0000, 21.5190, -872.5413, 0.0000, 70, 96, 58
L 21.5190, -872.5413, 0.0000, 14.6919, -869.5635, 0.0000, 70, 96, 58
L 14.6919, -869.5635, 0.0000, 9.6828, -866.2397, 0.0000, 70, 96, 58
L 9.6828, -866.2397, 0.0000, 2.9385, -866.5514, 0.0000, 70, 96, 58
L 2.9385, -866.5514, 0.0000, -4.1744, -865.5864, 0.0000, 70, 96, 58
L -4.1744, -865.5864, 0.0000, -8.2404, -869.9851, 0.0000, 70, 96, 58
L -8.2404, -869.9851, 0.0000, -16.0503, -872.4171, 0.0000, 70, 96, 58
L -16.0503, -872.4171, 0.0000, -16.3729, -878.1900, 0.0000, 70, 96, 58
L -16.3729, -878.1900, 0.0000, -16.2698, -884.0296, 0.0000, 70, 96, 58
L -16.2698, -884.0296, 0.0000, -10.5371, -888.0806, 0.0000, 70, 96, 58
L -10.5371, -888.0806, 0.0000, -5.1008, -892.4351, 0.0000, 70, 96, 58
L -5.1008, -892.4351, 0.0000, 2.9385, -890.9835, 0.0000, 70, 96, 58
L 2.9385, -890.9835, 0.0000, 10.2920, -891.2198, 0.0000, 70, 96, 58
L 10.2920, -891.2198, 0.0000, 16.1504, -887.8869, 0.0000, 70, 96, 58
L 16.1504, -887.8869, 0.0000, 18.7716, -883.0035, 0.0000, 70, 96, 58
L 18.7716, -883.0035, 0.0000, 23.4100, -878.1900, 0.0000, 70, 96, 58
L -3.7660, -876.1517, 0.0000, 9.6431, -876.1517, 0.0000, 40, 66, 28
L -14.9523, -872.0752, 0.0000, 20.4504, -872.0752, 0.0000, 40, 66, 28
L -6.4042, -867.9986, 0.0000, 12.3335, -867.9986, 0.0000, 40, 66, 28
L 619.4312, -768.1835, 0.0000, 618.6204, -817.6456, 0.0000, 78, 84, 110
L 618.6204, -817.6456, 0.0000, 652.6750, -817.6456, 0.0000, 78, 84, 110
L 652.6750, -817.6456, 0.0000, 651.8642, -768.1835, 0.0000, 78, 84, 110
L 651.8642, -768.1835, 0.0000, 619.4312, -768.1835, 0.0000, 78, 84, 110
L 627.5394, -768.1835, 0.0000, 625.9178, -739.9194, 0.0000, 78, 84, 110
L 643.7560, -768.1835, 0.0000, 646.1884, -739.9194, 0.0000, 78, 84, 110
L 648.0132, -834.4274, 0.0000, 645.6516, -826.6400, 0.0000, 78, 84, 110
L 645.6516, -826.6400, 0.0000, 639.4689, -821.8271, 0.0000, 78, 84, 110
L 639.4689, -821.8271, 0.0000, 631.8265, -821.8271, 0.0000, 78, 84, 110
L 631.8265, -821.8271, 0.0000, 625.6438, -826.6400, 0.0000, 78, 84, 110
L 625.6438, -826.6400, 0.0000, 623.2822, -834.4274, 0.0000, 78, 84, 110
L 623.2822, -834.4274, 0.0000, 625.6438, -842.2149, 0.0000, 78, 84, 110
L 625.6438, -842.2149, 0.0000, 631.8265, -847.0278, 0.0000, 78, 84, 110
L 631.8265, -847.0278, 0.0000, 639.4689, -847.0278, 0.0000, 78, 84, 110
L 639.4689, -847.0278, 0.0000, 645.6516, -842.2149, 0.0000, 78, 84, 110
L 645.6516, -842.2149, 0.0000, 648.0132, -834.4274, 0.0000, 78, 84, 110
L 633.8812, -817.6456, 0.0000, 633.8812, -768.1835, 0.0000, 78, 84, 110
L 603.8506, -814.1126, 0.0000, 619.7492, -814.1126, 0.0000, 78, 84, 110
L 619.7492, -814.1126, 0.0000, 619.7492, -764.6505, 0.0000, 78, 84, 110
L 619.7492, -764.6505, 0.0000, 611.7999, -750.5184, 0.0000, 78, 84, 110
L 611.7999, -750.5184, 0.0000, 603.8506, -764.6505, 0.0000, 78, 84, 110
L 603.8506, -764.6505, 0.0000, 603.8506, -814.1126, 0.0000, 78, 84, 110
L 662.1453, -812.3461, 0.0000, 662.1453, -762.8840, 0.0000, 78, 84, 110
L 655.0793, -801.7471, 0.0000, 669.2113, -801.7471, 0.0000, 78, 84, 110
L -690.7765, 751.2460, 0.0000, -686.5738, 751.2460, 0.0000, 96, 78, 54
L -691.0396, 752.9837, 0.0000, -686.5847, 752.9837, 0.0000, 96, 78, 54
L -691.3027, 754.7213, 0.0000, -686.5955, 754.7213, 0.0000, 96, 78, 54
L -691.4214, 756.4589, 0.0000, -686.4620, 756.4589, 0.0000, 96, 78, 54
L -691.5245, 758.1965, 0.0000, -686.3129, 758.1965, 0.0000, 96, 78, 54
L -691.5803, 759.9342, 0.0000, -686.1165, 759.9342, 0.0000, 96, 78, 54
L -691.5285, 761.6718, 0.0000, -685.8124, 761.6718, 0.0000, 96, 78, 54
L -691.4766, 763.4094, 0.0000, -685.5082, 763.4094, 0.0000, 96, 78, 54
L -691.5141, 765.1471, 0.0000, -685.2935, 765.1471, 0.0000, 96, 78, 54
L -691.5885, 766.8847, 0.0000, -685.1157, 766.8847, 0.0000, 96, 78, 54
L -691.6985, 768.6223, 0.0000, -684.9735, 768.6223, 0.0000, 96, 78, 54
L -692.0952, 770.3600, 0.0000, -685.1180, 770.3600, 0.0000, 96, 78, 54
L -692.4919, 772.0976, 0.0000, -685.2624, 772.0976, 0.0000, 96, 78, 54
L -692.5730, 773.8352, 0.0000, -685.0913, 773.8352, 0.0000, 96, 78, 54
L -692.3545, 775.5728, 0.0000, -684.6205, 775.5728, 0.0000, 96, 78, 54
L -692.1359, 777.3105, 0.0000, -684.1497, 777.3105, 0.0000, 96, 78, 54
L -692.2324, 779.0481, 0.0000, -683.9940, 779.0481, 0.0000, 96, 78, 54
L -692.3580, 780.7857, 0.0000, -683.8673, 780.7857, 0.0000, 96, 78, 54
L -692.4437, 781.9705, 0.0000, -692.1174, 777.4572, 0.0000, 70, 56, 38
L -683.7810, 781.9705, 0.0000, -684.1099, 777.4572, 0.0000, 96, 78, 54
L -692.1174, 777.4572, 0.0000, -692.6851, 772.9438, 0.0000, 70, 56, 38
L -684.1099, 777.4572, 0.0000, -685.3328, 772.9438, 0.0000, 96, 78, 54
L -692.6851, 772.9438, 0.0000, -691.6547, 768.4305, 0.0000, 70, 56, 38
L -685.3328, 772.9438, 0.0000, -684.9576, 768.4305, 0.0000, 96, 78, 54
L -691.6547, 768.4305, 0.0000, -691.4614, 763.9172, 0.0000, 70, 56, 38
L -684.9576, 768.4305, 0.0000, -685.4194, 763.9172, 0.0000, 96, 78, 54
L -691.4614, 763.9172, 0.0000, -691.5962, 759.4039, 0.0000, 70, 56, 38
L -685.4194, 763.9172, 0.0000, -686.2093, 759.4039, 0.0000, 96, 78, 54
L -691.5962, 759.4039, 0.0000, -691.3283, 754.8905, 0.0000, 70, 56, 38
L -686.2093, 759.4039, 0.0000, -686.5966, 754.8905, 0.0000, 96, 78, 54
L -691.3283, 754.8905, 0.0000, -690.6450, 750.3772, 0.0000, 70, 56, 38
L -686.5966, 754.8905, 0.0000, -686.5684, 750.3772, 0.0000, 96, 78, 54
L -692.1174, 777.4572, 0.0000, -688.5141, 778.0890, 0.0000, 70, 56, 38
L -691.6547, 768.4305, 0.0000, -688.6410, 769.0624, 0.0000, 70, 56, 38
L -691.5962, 759.4039, 0.0000, -689.1721, 760.0357, 0.0000, 70, 56, 38
L -688.6245, 753.9442, 0.0000, -701.3716, 742.2105, 0.0000, 96, 78, 54
L -701.3716, 742.2105, 0.0000, -707.3702, 736.6888, 0.0000, 70, 56, 38
L -688.6245, 753.9442, 0.0000, -688.1403, 736.6256, 0.0000, 96, 78, 54
L -688.1403, 736.6256, 0.0000, -687.9124, 728.4757, 0.0000, 70, 56, 38
L -688.6245, 753.9442, 0.0000, -677.5703, 740.6036, 0.0000, 96, 78, 54
L -677.5703, 740.6036, 0.0000, -672.3683, 734.3257, 0.0000, 70, 56, 38
L -681.7062, 728.5793, 0.0000, -673.8609, 728.5793, 0.0000, 70, 96, 58
L -683.5644, 731.1272, 0.0000, -661.7976, 731.1272, 0.0000, 70, 96, 58
L -686.4594, 733.6750, 0.0000, -657.5263, 733.6750, 0.0000, 70, 96, 58
L -689.4217, 736.2229, 0.0000, -655.5950, 736.2229, 0.0000, 70, 96, 58
L -690.1092, 738.7707, 0.0000, -655.3070, 738.7707, 0.0000, 70, 96, 58
L -690.6314, 741.3186, 0.0000, -655.6152, 741.3186, 0.0000, 70, 96, 58
L -690.6778, 743.8664, 0.0000, -657.6383, 743.8664, 0.0000, 70, 96, 58
L -690.5432, 746.4143, 0.0000, -659.2484, 746.4143, 0.0000, 70, 96, 58
L -688.1738, 748.9621, 0.0000, -660.0646, 748.9621, 0.0000, 70, 96, 58
L -678.5796, 751.5099, 0.0000, -661.3238, 751.5099, 0.0000, 70, 96, 58
L -675.6705, 754.0578, 0.0000, -664.5686, 754.0578, 0.0000, 70, 96, 58
L -655.0933, 740.6613, 0.0000, -658.9691, 745.5423, 0.0000, 70, 96, 58
L -658.9691, 745.5423, 0.0000, -660.7320, 751.0453, 0.0000, 70, 96, 58
L -660.7320, 751.0453, 0.0000, -666.1667, 755.3126, 0.0000, 70, 96, 58
L -666.1667, 755.3126, 0.0000, -673.8097, 755.6875, 0.0000, 70, 96, 58
L -673.8097, 755.6875, 0.0000, -679.1901, 750.9752, 0.0000, 70, 96, 58
L -679.1901, 750.9752, 0.0000, -686.5130, 750.7480, 0.0000, 70, 96, 58
L -686.5130, 750.7480, 0.0000, -690.7208, 746.2233, 0.0000, 70, 96, 58
L -690.7208, 746.2233, 0.0000, -690.6194, 740.6613, 0.0000, 70, 96, 58
L -690.6194, 740.6613, 0.0000, -689.2492, 735.5833, 0.0000, 70, 96, 58
L -689.2492, 735.5833, 0.0000, -684.3906, 732.2599, 0.0000, 70, 96, 58
L -684.3906, 732.2599, 0.0000, -680.7770, 727.3054, 0.0000, 70, 96, 58
L -680.7770, 727.3054, 0.0000, -673.8097, 728.5888, 0.0000, 70, 96, 58
L -673.8097, 728.5888, 0.0000, -667.6950, 728.9398, 0.0000, 70, 96, 58
L -667.6950, 728.9398, 0.0000, -661.8003, 731.1255, 0.0000, 70, 96, 58
L -661.8003, 731.1255, 0.0000, -655.7642, 734.7262, 0.0000, 70, 96, 58
L -655.7642, 734.7262, 0.0000, -655.0933, 740.6613, 0.0000, 70, 96, 58
L -680.0071, 742.6996, 0.0000, -667.6124, 742.6996, 0.0000, 40, 66, 28
L -690.2067, 746.7761, 0.0000, -659.3643, 746.7761, 0.0000, 40, 66, 28
L -683.1390, 750.8527, 0.0000, -660.6703, 750.8527, 0.0000, 40, 66, 28
L -674.6755, 754.9292, 0.0000, -665.6784, 754.9292, 0.0000, 40, 66, 28
L -703.0107, 734.0498, 0.0000, -691.3056, 734.0498, 0.0000, 70, 96, 58
L -704.9938, 736.5976, 0.0000, -676.9372, 736.5976, 0.0000, 70, 96, 58
L -707.4470, 739.1454, 0.0000, -677.1711, 739.1454, 0.0000, 70, 96, 58
L -714.2623, 741.6933, 0.0000, -677.4049, 741.6933, 0.0000, 70, 96, 58
L -713.8947, 744.2411, 0.0000, -677.0963, 744.2411, 0.0000, 70, 96, 58
L -713.2735, 746.7890, 0.0000, -676.3849, 746.7890, 0.0000, 70, 96, 58
L -712.7253, 749.3368, 0.0000, -676.5029, 749.3368, 0.0000, 70, 96, 58
L -712.2125, 751.8847, 0.0000, -677.0213, 751.8847, 0.0000, 70, 96, 58
L -711.5176, 754.4325, 0.0000, -678.9483, 754.4325, 0.0000, 70, 96, 58
L -710.7295, 756.9803, 0.0000, -681.3921, 756.9803, 0.0000, 70, 96, 58
L -708.2381, 759.5282, 0.0000, -683.9457, 759.5282, 0.0000, 70, 96, 58
L -676.1533, 747.6185, 0.0000, -677.1584, 752.5582, 0.0000, 70, 96, 58
L -677.1584, 752.5582, 0.0000, -681.1637, 756.7525, 0.0000, 70, 96, 58
L -681.1637, 756.7525, 0.0000, -685.9833, 761.5611, 0.0000, 70, 96, 58
L -685.9833, 761.5611, 0.0000, -694.2701, 761.8024, 0.0000, 70, 96, 58
L -694.2701, 761.8024, 0.0000, -702.7140, 761.8253, 0.0000, 70, 96, 58
L -702.7140, 761.8253, 0.0000, -710.1929, 758.7153, 0.0000, 70, 96, 58
L -710.1929, 758.7153, 0.0000, -712.0387, 752.7478, 0.0000, 70, 96, 58
L -712.0387, 752.7478, 0.0000, -713.0712, 747.6185, 0.0000, 70, 96, 58
L -713.0712, 747.6185, 0.0000, -714.4948, 741.7802, 0.0000, 70, 96, 58
L -714.4948, 741.7802, 0.0000, -706.7838, 738.8975, 0.0000, 70, 96, 58
L -706.7838, 738.8975, 0.0000, -702.6274, 733.5573, 0.0000, 70, 96, 58
L -702.6274, 733.5573, 0.0000, -694.2701, 732.7758, 0.0000, 70, 96, 58
L -694.2701, 732.7758, 0.0000, -687.2431, 735.7956, 0.0000, 70, 96, 58
L -687.2431, 735.7956, 0.0000, -676.8334, 735.4666, 0.0000, 70, 96, 58
L -676.8334, 735.4666, 0.0000, -677.5046, 742.7788, 0.0000, 70, 96, 58
L -677.5046, 742.7788, 0.0000, -676.1533, 747.6185, 0.0000, 70, 96, 58
L -701.3310, 749.6568, 0.0000, -687.2092, 749.6568, 0.0000, 40, 66, 28
L -711.7339, 753.7333, 0.0000, -678.2806, 753.7333, 0.0000, 40, 66, 28
L -710.4730, 757.8099, 0.0000, -682.2235, 757.8099, 0.0000, 40, 66, 28
L -698.7372, 713.8202, 0.0000, -691.7911, 713.8202, 0.0000, 70, 96, 58
L -701.6260, 716.3680, 0.0000, -689.5658, 716.3680, 0.0000, 70, 96, 58
L -705.7005, 718.9159, 0.0000, -688.3423, 718.9159, 0.0000, 70, 96, 58
L -711.6957, 721.4637, 0.0000, -683.8317, 721.4637, 0.0000, 70, 96, 58
L -714.6201, 724.0116, 0.0000, -679.8678, 724.0116, 0.0000, 70, 96, 58
L -714.2439, 726.5594, 0.0000, -679.9861, 726.5594, 0.0000, 70, 96, 58
L -713.8676, 729.1072, 0.0000, -680.1043, 729.1072, 0.0000, 70, 96, 58
L -714.1342, 731.6551, 0.0000, -680.8511, 731.6551, 0.0000, 70, 96, 58
L -714.6190, 734.2029, 0.0000, -681.8114, 734.2029, 0.0000, 70, 96, 58
L -715.1039, 736.7508, 0.0000, -682.8861, 736.7508, 0.0000, 70, 96, 58
L -711.0610, 739.2986, 0.0000, -684.1500, 739.2986, 0.0000, 70, 96, 58
L -704.4645, 741.8465, 0.0000, -685.7150, 741.8465, 0.0000, 70, 96, 58
L -700.4284, 744.3943, 0.0000, -689.4518, 744.3943, 0.0000, 70, 96, 58
L -697.6908, 746.9421, 0.0000, -696.1048, 746.9421, 0.0000, 70, 96, 58
L -680.1343, 729.7530, 0.0000, -682.4095, 735.7901, 0.0000, 70, 96, 58
L -682.4095, 735.7901, 0.0000, -685.2601, 741.5363, 0.0000, 70, 96, 58
L -685.2601, 741.5363, 0.0000, -690.7309, 745.2664, 0.0000, 70, 96, 58
L -690.7309, 745.2664, 0.0000, -697.2928, 747.3126, 0.0000, 70, 96, 58
L -697.2928, 747.3126, 0.0000, -702.6221, 742.3526, 0.0000, 70, 96, 58
L -702.6221, 742.3526, 0.0000, -708.5079, 740.7357, 0.0000, 70, 96, 58
L -708.5079, 740.7357, 0.0000, -715.1507, 736.9967, 0.0000, 70, 96, 58
L -715.1507, 736.9967, 0.0000, -713.7722, 729.7530, 0.0000, 70, 96, 58
L -713.7722, 729.7530, 0.0000, -714.8223, 722.6425, 0.0000, 70, 96, 58
L -714.8223, 722.6425, 0.0000, -707.4082, 719.8472, 0.0000, 70, 96, 58
L -707.4082, 719.8472, 0.0000, -702.5935, 717.2212, 0.0000, 70, 96, 58
L -702.5935, 717.2212, 0.0000, -697.2928, 712.5463, 0.0000, 70, 96, 58
L -697.2928, 712.5463, 0.0000, -690.6639, 714.0812, 0.0000, 70, 96, 58
L -690.6639, 714.0812, 0.0000, -687.6655, 720.3252, 0.0000, 70, 96, 58
L -687.6655, 720.3252, 0.0000, -679.8051, 722.6594, 0.0000, 70, 96, 58
L -679.8051, 722.6594, 0.0000, -680.1343, 729.7530, 0.0000, 70, 96, 58
L -702.3178, 731.7913, 0.0000, -692.2678, 731.7913, 0.0000, 40, 66, 28
L -712.3677, 735.8678, 0.0000, -682.4481, 735.8678, 0.0000, 40, 66, 28
L -709.9138, 739.9444, 0.0000, -684.4704, 739.9444, 0.0000, 40, 66, 28
L -700.8296, 744.0209, 0.0000, -688.9042, 744.0209, 0.0000, 40, 66, 28
L -472.7857, 781.9705, 0.0000, -465.1422, 713.1787, 0.0000, 140, 120, 90
L -365.7763, 781.9705, 0.0000, -373.4198, 713.1787, 0.0000, 140, 120, 90
L -465.1422, 713.1787, 0.0000, -373.4198, 713.1787, 0.0000, 140, 120, 90
L -449.8551, 713.1787, 0.0000, -449.8551, 747.5746, 0.0000, 100, 86, 64
L -439.9185, 755.2181, 0.0000, -442.8289, 758.7312, 0.0000, 100, 86, 64
L -442.8289, 758.7312, 0.0000, -449.8551, 760.1864, 0.0000, 100, 86, 64
L -449.8551, 760.1864, 0.0000, -456.8814, 758.7312, 0.0000, 100, 86, 64
L -456.8814, 758.7312, 0.0000, -459.7917, 755.2181, 0.0000, 100, 86, 64
L -459.7917, 755.2181, 0.0000, -456.8814, 751.7050, 0.0000, 100, 86, 64
L -456.8814, 751.7050, 0.0000, -449.8551, 750.2498, 0.0000, 100, 86, 64
L -449.8551, 750.2498, 0.0000, -442.8289, 751.7050, 0.0000, 100, 86, 64
L -442.8289, 751.7050, 0.0000, -439.9185, 755.2181, 0.0000, 100, 86, 64
L -419.2810, 713.1787, 0.0000, -419.2810, 747.5746, 0.0000, 100, 86, 64
L -409.3444, 755.2181, 0.0000, -412.2548, 758.7312, 0.0000, 100, 86, 64
L -412.2548, 758.7312, 0.0000, -419.2810, 760.1864, 0.0000, 100, 86, 64
L -419.2810, 760.1864, 0.0000, -426.3072, 758.7312, 0.0000, 100, 86, 64
L -426.3072, 758.7312, 0.0000, -429.2176, 755.2181, 0.0000, 100, 86, 64
L -429.2176, 755.2181, 0.0000, -426.3072, 751.7050, 0.0000, 100, 86, 64
L -426.3072, 751.7050, 0.0000, -419.2810, 750.2498, 0.0000, 100, 86, 64
L -419.2810, 750.2498, 0.0000, -412.2548, 751.7050, 0.0000, 100, 86, 64
L -412.2548, 751.7050, 0.0000, -409.3444, 755.2181, 0.0000, 100, 86, 64
L -388.7069, 713.1787, 0.0000, -388.7069, 747.5746, 0.0000, 100, 86, 64
L -378.7703, 755.2181, 0.0000, -381.6806, 758.7312, 0.0000, 100, 86, 64
L -381.6806, 758.7312, 0.0000, -388.7069, 760.1864, 0.0000, 100, 86, 64
L -388.7069, 760.1864, 0.0000, -395.7331, 758.7312, 0.0000, 100, 86, 64
L -395.7331, 758.7312, 0.0000, -398.6435, 755.2181, 0.0000, 100, 86, 64
L -398.6435, 755.2181, 0.0000, -395.7331, 751.7050, 0.0000, 100, 86, 64
L -395.7331, 751.7050, 0.0000, -388.7069, 750.2498, 0.0000, 100, 86, 64
L -388.7069, 750.2498, 0.0000, -381.6806, 751.7050, 0.0000, 100, 86, 64
L -381.6806, 751.7050, 0.0000, -378.7703, 755.2181, 0.0000, 100, 86, 64
L 325.0534, 781.9705, 0.0000, 325.0534, 718.2744, 0.0000, 128, 108, 80
L 452.4456, 781.9705, 0.0000, 452.4456, 718.2744, 0.0000, 128, 108, 80
L 312.3142, 718.2744, 0.0000, 331.4230, 701.2888, 0.0000, 150, 70, 55
L 331.4230, 701.2888, 0.0000, 350.5318, 718.2744, 0.0000, 150, 70, 55
L 350.5318, 718.2744, 0.0000, 369.6407, 701.2888, 0.0000, 150, 70, 55
L 369.6407, 701.2888, 0.0000, 388.7495, 718.2744, 0.0000, 150, 70, 55
L 388.7495, 718.2744, 0.0000, 407.8583, 701.2888, 0.0000, 150, 70, 55
L 407.8583, 701.2888, 0.0000, 426.9672, 718.2744, 0.0000, 150, 70, 55
L 426.9672, 718.2744, 0.0000, 446.0760, 701.2888, 0.0000, 150, 70, 55
L 446.0760, 701.2888, 0.0000, 465.1848, 718.2744, 0.0000, 150, 70, 55
L 325.0534, 756.4920, 0.0000, 452.4456, 756.4920, 0.0000, 128, 108, 80
L 656.0992, 751.2460, 0.0000, 660.3019, 751.2460, 0.0000, 96, 78, 54
L 656.1582, 752.9837, 0.0000, 660.6131, 752.9837, 0.0000, 96, 78, 54
L 656.2172, 754.7213, 0.0000, 660.9244, 754.7213, 0.0000, 96, 78, 54
L 655.8064, 756.4589, 0.0000, 660.7658, 756.4589, 0.0000, 96, 78, 54
L 655.3449, 758.1965, 0.0000, 660.5565, 758.1965, 0.0000, 96, 78, 54
L 655.0368, 759.9342, 0.0000, 660.5007, 759.9342, 0.0000, 96, 78, 54
L 655.0781, 761.6718, 0.0000, 660.7942, 761.6718, 0.0000, 96, 78, 54
L 655.1193, 763.4094, 0.0000, 661.0876, 763.4094, 0.0000, 96, 78, 54
L 654.9284, 765.1471, 0.0000, 661.1490, 765.1471, 0.0000, 96, 78, 54
L 654.6417, 766.8847, 0.0000, 661.1145, 766.8847, 0.0000, 96, 78, 54
L 654.4049, 768.6223, 0.0000, 661.1299, 768.6223, 0.0000, 96, 78, 54
L 654.5702, 770.3600, 0.0000, 661.5474, 770.3600, 0.0000, 96, 78, 54
L 654.7354, 772.0976, 0.0000, 661.9650, 772.0976, 0.0000, 96, 78, 54
L 654.7286, 773.8352, 0.0000, 662.2104, 773.8352, 0.0000, 96, 78, 54
L 654.5584, 775.5728, 0.0000, 662.2924, 775.5728, 0.0000, 96, 78, 54
L 654.3882, 777.3105, 0.0000, 662.3744, 777.3105, 0.0000, 96, 78, 54
L 654.0607, 779.0481, 0.0000, 662.2992, 779.0481, 0.0000, 96, 78, 54
L 653.7188, 780.7857, 0.0000, 662.2095, 780.7857, 0.0000, 96, 78, 54
L 653.4856, 781.9705, 0.0000, 654.3738, 777.4572, 0.0000, 70, 56, 38
L 662.1483, 781.9705, 0.0000, 662.3813, 777.4572, 0.0000, 96, 78, 54
L 654.3738, 777.4572, 0.0000, 654.8159, 772.9438, 0.0000, 70, 56, 38
L 662.3813, 777.4572, 0.0000, 662.1683, 772.9438, 0.0000, 96, 78, 54
L 654.8159, 772.9438, 0.0000, 654.3866, 768.4305, 0.0000, 70, 56, 38
L 662.1683, 772.9438, 0.0000, 661.0838, 768.4305, 0.0000, 96, 78, 54
L 654.3866, 768.4305, 0.0000, 655.1313, 763.9172, 0.0000, 70, 56, 38
L 661.0838, 768.4305, 0.0000, 661.1734, 763.9172, 0.0000, 96, 78, 54
L 655.1313, 763.9172, 0.0000, 655.0242, 759.4039, 0.0000, 70, 56, 38
L 661.1734, 763.9172, 0.0000, 660.4111, 759.4039, 0.0000, 96, 78, 54
L 655.0242, 759.4039, 0.0000, 656.2230, 754.8905, 0.0000, 70, 56, 38
L 660.4111, 759.4039, 0.0000, 660.9547, 754.8905, 0.0000, 96, 78, 54
L 656.2230, 754.8905, 0.0000, 656.0697, 750.3772, 0.0000, 70, 56, 38
L 660.9547, 754.8905, 0.0000, 660.1463, 750.3772, 0.0000, 96, 78, 54
L 654.3738, 777.4572, 0.0000, 657.9772, 778.0890, 0.0000, 70, 56, 38
L 654.3866, 768.4305, 0.0000, 657.4004, 769.0624, 0.0000, 70, 56, 38
L 655.0242, 759.4039, 0.0000, 657.4483, 760.0357, 0.0000, 70, 56, 38
L 658.0930, 753.9442, 0.0000, 649.2460, 739.0480, 0.0000, 96, 78, 54
L 649.2460, 739.0480, 0.0000, 645.0827, 732.0380, 0.0000, 70, 56, 38
L 658.0930, 753.9442, 0.0000, 669.7066, 741.0876, 0.0000, 96, 78, 54
L 669.7066, 741.0876, 0.0000, 675.1718, 735.0374, 0.0000, 70, 56, 38
L 658.0930, 753.9442, 0.0000, 670.8538, 742.2254, 0.0000, 96, 78, 54
L 670.8538, 742.2254, 0.0000, 676.8589, 736.7107, 0.0000, 70, 56, 38
L 661.9024, 721.3890, 0.0000, 667.4499, 721.3890, 0.0000, 70, 96, 58
L 679.5186, 721.3890, 0.0000, 681.8807, 721.3890, 0.0000, 70, 96, 58
L 657.2798, 723.9369, 0.0000, 688.3905, 723.9369, 0.0000, 70, 96, 58
L 655.0629, 726.4847, 0.0000, 688.1512, 726.4847, 0.0000, 70, 96, 58
L 652.8460, 729.0325, 0.0000, 687.9120, 729.0325, 0.0000, 70, 96, 58
L 652.9763, 731.5804, 0.0000, 688.5840, 731.5804, 0.0000, 70, 96, 58
L 653.2321, 734.1282, 0.0000, 690.9660, 734.1282, 0.0000, 70, 96, 58
L 654.1953, 736.6761, 0.0000, 690.5135, 736.6761, 0.0000, 70, 96, 58
L 655.7317, 739.2239, 0.0000, 687.7640, 739.2239, 0.0000, 70, 96, 58
L 657.7266, 741.7718, 0.0000, 685.9414, 741.7718, 0.0000, 70, 96, 58
L 660.0402, 744.3196, 0.0000, 684.0353, 744.3196, 0.0000, 70, 96, 58
L 665.4958, 746.8675, 0.0000, 680.3720, 746.8675, 0.0000, 70, 96, 58
L 669.4545, 749.4153, 0.0000, 676.3634, 749.4153, 0.0000, 70, 96, 58
L 692.0322, 735.2687, 0.0000, 687.2594, 739.6915, 0.0000, 70, 96, 58
L 687.2594, 739.6915, 0.0000, 684.5572, 743.9566, 0.0000, 70, 96, 58
L 684.5572, 743.9566, 0.0000, 679.5890, 747.4120, 0.0000, 70, 96, 58
L 679.5890, 747.4120, 0.0000, 672.7575, 751.6548, 0.0000, 70, 96, 58
L 672.7575, 751.6548, 0.0000, 666.0844, 747.1304, 0.0000, 70, 96, 58
L 666.0844, 747.1304, 0.0000, 660.2103, 744.5070, 0.0000, 70, 96, 58
L 660.2103, 744.5070, 0.0000, 656.3620, 740.2690, 0.0000, 70, 96, 58
L 656.3620, 740.2690, 0.0000, 653.3466, 735.2687, 0.0000, 70, 96, 58
L 653.3466, 735.2687, 0.0000, 652.7335, 729.1619, 0.0000, 70, 96, 58
L 652.7335, 729.1619, 0.0000, 657.3138, 723.8978, 0.0000, 70, 96, 58
L 657.3138, 723.8978, 0.0000, 664.2324, 720.1151, 0.0000, 70, 96, 58
L 664.2324, 720.1151, 0.0000, 672.7575, 723.4905, 0.0000, 70, 96, 58
L 672.7575, 723.4905, 0.0000, 680.7878, 720.9945, 0.0000, 70, 96, 58
L 680.7878, 720.9945, 0.0000, 688.4085, 723.7452, 0.0000, 70, 96, 58
L 688.4085, 723.7452, 0.0000, 687.7559, 730.6946, 0.0000, 70, 96, 58
L 687.7559, 730.6946, 0.0000, 692.0322, 735.2687, 0.0000, 70, 96, 58
L 666.0741, 737.3070, 0.0000, 679.4408, 737.3070, 0.0000, 40, 66, 28
L 657.3741, 741.3836, 0.0000, 686.1874, 741.3836, 0.0000, 40, 66, 28
L 662.3445, 745.4601, 0.0000, 682.3954, 745.4601, 0.0000, 40, 66, 28
L 669.6335, 749.5367, 0.0000, 676.1679, 749.5367, 0.0000, 40, 66, 28
L 638.7064, 731.7183, 0.0000, 651.4056, 731.7183, 0.0000, 70, 96, 58
L 637.5281, 734.2662, 0.0000, 657.7112, 734.2662, 0.0000, 70, 96, 58
L 636.3499, 736.8140, 0.0000, 662.2075, 736.8140, 0.0000, 70, 96, 58
L 628.2448, 739.3618, 0.0000, 666.7452, 739.3618, 0.0000, 70, 96, 58
L 627.6530, 741.9097, 0.0000, 665.0702, 741.9097, 0.0000, 70, 96, 58
L 627.0612, 744.4575, 0.0000, 663.3951, 744.4575, 0.0000, 70, 96, 58
L 628.5633, 747.0054, 0.0000, 663.5190, 747.0054, 0.0000, 70, 96, 58
L 631.2773, 749.5532, 0.0000, 664.6843, 749.5532, 0.0000, 70, 96, 58
L 632.9027, 752.1011, 0.0000, 664.3893, 752.1011, 0.0000, 70, 96, 58
L 634.1026, 754.6489, 0.0000, 661.6258, 754.6489, 0.0000, 70, 96, 58
L 636.6741, 757.1968, 0.0000, 657.8311, 757.1968, 0.0000, 70, 96, 58
L 662.7810, 745.3916, 0.0000, 665.4164, 751.1541, 0.0000, 70, 96, 58
L 665.4164, 751.1541, 0.0000, 660.5989, 755.5957, 0.0000, 70, 96, 58
L 660.5989, 755.5957, 0.0000, 654.6761, 759.0218, 0.0000, 70, 96, 58
L 654.6761, 759.0218, 0.0000, 647.3402, 759.7140, 0.0000, 70, 96, 58
L 647.3402, 759.7140, 0.0000, 639.6562, 759.6686, 0.0000, 70, 96, 58
L 639.6562, 759.6686, 0.0000, 634.4243, 755.3319, 0.0000, 70, 96, 58
L 634.4243, 755.3319, 0.0000, 632.0399, 750.2691, 0.0000, 70, 96, 58
L 632.0399, 750.2691, 0.0000, 626.8442, 745.3916, 0.0000, 70, 96, 58
L 626.8442, 745.3916, 0.0000, 628.2572, 739.3082, 0.0000, 70, 96, 58
L 628.2572, 739.3082, 0.0000, 636.3092, 736.9020, 0.0000, 70, 96, 58
L 636.3092, 736.9020, 0.0000, 639.2955, 730.4444, 0.0000, 70, 96, 58
L 639.2955, 730.4444, 0.0000, 647.3402, 731.0669, 0.0000, 70, 96, 58
L 647.3402, 731.0669, 0.0000, 654.4378, 732.2042, 0.0000, 70, 96, 58
L 654.4378, 732.2042, 0.0000, 659.9575, 735.6811, 0.0000, 70, 96, 58
L 659.9575, 735.6811, 0.0000, 666.8752, 739.1641, 0.0000, 70, 96, 58
L 666.8752, 739.1641, 0.0000, 662.7810, 745.3916, 0.0000, 70, 96, 58
L 640.9463, 747.4299, 0.0000, 653.7341, 747.4299, 0.0000, 40, 66, 28
L 632.6226, 751.5064, 0.0000, 665.0342, 751.5064, 0.0000, 40, 66, 28
L 634.7272, 755.5830, 0.0000, 660.6127, 755.5830, 0.0000, 40, 66, 28
L 639.6452, 759.6595, 0.0000, 647.9175, 759.6595, 0.0000, 40, 66, 28
L 638.1828, 717.1302, 0.0000, 649.7714, 717.1302, 0.0000, 70, 96, 58
L 633.3273, 719.6781, 0.0000, 656.2720, 719.6781, 0.0000, 70, 96, 58
L 630.4263, 722.2259, 0.0000, 665.1365, 722.2259, 0.0000, 70, 96, 58
L 628.8623, 724.7737, 0.0000, 667.9675, 724.7737, 0.0000, 70, 96, 58
L 630.2351, 727.3216, 0.0000, 668.1523, 727.3216, 0.0000, 70, 96, 58
L 631.5346, 729.8694, 0.0000, 668.2745, 729.8694, 0.0000, 70, 96, 58
L 631.4756, 732.4173, 0.0000, 667.2342, 732.4173, 0.0000, 70, 96, 58
L 632.1551, 734.9651, 0.0000, 665.8449, 734.9651, 0.0000, 70, 96, 58
L 638.2086, 737.5130, 0.0000, 663.2540, 737.5130, 0.0000, 70, 96, 58
L 639.4134, 740.0608, 0.0000, 660.0455, 740.0608, 0.0000, 70, 96, 58
L 640.6182, 742.6087, 0.0000, 654.0001, 742.6087, 0.0000, 70, 96, 58
L 668.3277, 729.7391, 0.0000, 666.4280, 734.3917, 0.0000, 70, 96, 58
L 666.4280, 734.3917, 0.0000, 662.4285, 738.3247, 0.0000, 70, 96, 58
L 662.4285, 738.3247, 0.0000, 657.2089, 742.1274, 0.0000, 70, 96, 58
L 657.2089, 742.1274, 0.0000, 649.4550, 743.2904, 0.0000, 70, 96, 58
L 649.4550, 743.2904, 0.0000, 640.9546, 743.3200, 0.0000, 70, 96, 58
L 640.9546, 743.3200, 0.0000, 638.0893, 737.2607, 0.0000, 70, 96, 58
L 638.0893, 737.2607, 0.0000, 631.4232, 734.6820, 0.0000, 70, 96, 58
L 631.4232, 734.6820, 0.0000, 631.5376, 729.7391, 0.0000, 70, 96, 58
L 631.5376, 729.7391, 0.0000, 628.4329, 723.9766, 0.0000, 70, 96, 58
L 628.4329, 723.9766, 0.0000, 633.7246, 719.3291, 0.0000, 70, 96, 58
L 633.7246, 719.3291, 0.0000, 640.7656, 715.8563, 0.0000, 70, 96, 58
L 640.7656, 715.8563, 0.0000, 649.4550, 716.9996, 0.0000, 70, 96, 58
L 649.4550, 716.9996, 0.0000, 655.7921, 719.6145, 0.0000, 70, 96, 58
L 655.7921, 719.6145, 0.0000, 663.2597, 720.6034, 0.0000, 70, 96, 58
L 663.2597, 720.6034, 0.0000, 667.9597, 724.6667, 0.0000, 70, 96, 58
L 667.9597, 724.6667, 0.0000, 668.3277, 729.7391, 0.0000, 70, 96, 58
L 642.0192, 731.7774, 0.0000, 656.8907, 731.7774, 0.0000, 40, 66, 28
L 634.4529, 735.8540, 0.0000, 664.9411, 735.8540, 0.0000, 40, 66, 28
L 639.3518, 739.9305, 0.0000, 660.2243, 739.9305, 0.0000, 40, 66, 28
L 865.7228, -490.3280, 0.0000, 864.9119, -539.7902, 0.0000, 78, 84, 110
L 864.9119, -539.7902, 0.0000, 898.9666, -539.7902, 0.0000, 78, 84, 110
L 898.9666, -539.7902, 0.0000, 898.1558, -490.3280, 0.0000, 78, 84, 110
L 898.1558, -490.3280, 0.0000, 865.7228, -490.3280, 0.0000, 78, 84, 110
L 873.8310, -490.3280, 0.0000, 872.2094, -462.0640, 0.0000, 78, 84, 110
L 890.0475, -490.3280, 0.0000, 892.4800, -462.0640, 0.0000, 78, 84, 110
L 894.3048, -556.5720, 0.0000, 891.9432, -548.7845, 0.0000, 78, 84, 110
L 891.9432, -548.7845, 0.0000, 885.7604, -543.9716, 0.0000, 78, 84, 110
L 885.7604, -543.9716, 0.0000, 878.1181, -543.9716, 0.0000, 78, 84, 110
L 878.1181, -543.9716, 0.0000, 871.9354, -548.7845, 0.0000, 78, 84, 110
L 871.9354, -548.7845, 0.0000, 869.5737, -556.5720, 0.0000, 78, 84, 110
L 869.5737, -556.5720, 0.0000, 871.9354, -564.3594, 0.0000, 78, 84, 110
L 871.9354, -564.3594, 0.0000, 878.1181, -569.1723, 0.0000, 78, 84, 110
L 878.1181, -569.1723, 0.0000, 885.7604, -569.1723, 0.0000, 78, 84, 110
L 885.7604, -569.1723, 0.0000, 891.9432, -564.3594, 0.0000, 78, 84, 110
L 891.9432, -564.3594, 0.0000, 894.3048, -556.5720, 0.0000, 78, 84, 110
L 880.1728, -539.7902, 0.0000, 880.1728, -490.3280, 0.0000, 78, 84, 110
L 850.1422, -536.2572, 0.0000, 866.0407, -536.2572, 0.0000, 78, 84, 110
L 866.0407, -536.2572, 0.0000, 866.0407, -486.7950, 0.0000, 78, 84, 110
L 866.0407, -486.7950, 0.0000, 858.0915, -472.6630, 0.0000, 78, 84, 110
L 858.0915, -472.6630, 0.0000, 850.1422, -486.7950, 0.0000, 78, 84, 110
L 850.1422, -486.7950, 0.0000, 850.1422, -536.2572, 0.0000, 78, 84, 110
L 908.4369, -534.4907, 0.0000, 908.4369, -485.0285, 0.0000, 78, 84, 110
L 901.3708, -523.8916, 0.0000, 915.5029, -523.8916, 0.0000, 78, 84, 110
L 879.8139, -301.9967, 0.0000, 884.0166, -301.9967, 0.0000, 96, 78, 54
L 879.5654, -300.2591, 0.0000, 884.0203, -300.2591, 0.0000, 96, 78, 54
L 879.3168, -298.5214, 0.0000, 884.0240, -298.5214, 0.0000, 96, 78, 54
L 879.3928, -296.7838, 0.0000, 884.3521, -296.7838, 0.0000, 96, 78, 54
L 879.5037, -295.0462, 0.0000, 884.7153, -295.0462, 0.0000, 96, 78, 54
L 879.5460, -293.3086, 0.0000, 885.0099, -293.3086, 0.0000, 96, 78, 54
L 879.4320, -291.5709, 0.0000, 885.1481, -291.5709, 0.0000, 96, 78, 54
L 879.3181, -289.8333, 0.0000, 885.2864, -289.8333, 0.0000, 96, 78, 54
L 879.1942, -288.0957, 0.0000, 885.4148, -288.0957, 0.0000, 96, 78, 54
L 879.0662, -286.3580, 0.0000, 885.5390, -286.3580, 0.0000, 96, 78, 54
L 878.9395, -284.6204, 0.0000, 885.6646, -284.6204, 0.0000, 96, 78, 54
L 878.8232, -282.8828, 0.0000, 885.8005, -282.8828, 0.0000, 96, 78, 54
L 878.7069, -281.1452, 0.0000, 885.9364, -281.1452, 0.0000, 96, 78, 54
L 878.5490, -279.4075, 0.0000, 886.0308, -279.4075, 0.0000, 96, 78, 54
L 878.3518, -277.6699, 0.0000, 886.0857, -277.6699, 0.0000, 96, 78, 54
L 878.1545, -275.9323, 0.0000, 886.1407, -275.9323, 0.0000, 96, 78, 54
L 877.7913, -274.1946, 0.0000, 886.0297, -274.1946, 0.0000, 96, 78, 54
L 877.4127, -272.4570, 0.0000, 885.9034, -272.4570, 0.0000, 96, 78, 54
L 877.1546, -271.2723, 0.0000, 878.1378, -275.7856, 0.0000, 70, 56, 38
L 885.8173, -271.2723, 0.0000, 886.1454, -275.7856, 0.0000, 96, 78, 54
L 878.1378, -275.7856, 0.0000, 878.6502, -280.2989, 0.0000, 70, 56, 38
L 886.1454, -275.7856, 0.0000, 886.0026, -280.2989, 0.0000, 96, 78, 54
L 878.6502, -280.2989, 0.0000, 878.9524, -284.8122, 0.0000, 70, 56, 38
L 886.0026, -280.2989, 0.0000, 885.6496, -284.8122, 0.0000, 96, 78, 54
L 878.9524, -284.8122, 0.0000, 879.2848, -289.3256, 0.0000, 70, 56, 38
L 885.6496, -284.8122, 0.0000, 885.3268, -289.3256, 0.0000, 96, 78, 54
L 879.2848, -289.3256, 0.0000, 879.5808, -293.8389, 0.0000, 70, 56, 38
L 885.3268, -289.3256, 0.0000, 884.9677, -293.8389, 0.0000, 96, 78, 54
L 879.5808, -293.8389, 0.0000, 879.2926, -298.3522, 0.0000, 70, 56, 38
L 884.9677, -293.8389, 0.0000, 884.0243, -298.3522, 0.0000, 96, 78, 54
L 879.2926, -298.3522, 0.0000, 879.9382, -302.8655, 0.0000, 70, 56, 38
L 884.0243, -298.3522, 0.0000, 884.0147, -302.8655, 0.0000, 96, 78, 54
L 878.1378, -275.7856, 0.0000, 881.7412, -275.1537, 0.0000, 70, 56, 38
L 878.9524, -284.8122, 0.0000, 881.9661, -284.1804, 0.0000, 70, 56, 38
L 879.5808, -293.8389, 0.0000, 882.0049, -293.2070, 0.0000, 70, 56, 38
L 881.9393, -299.2985, 0.0000, 890.3223, -314.4608, 0.0000, 96, 78, 54
L 890.3223, -314.4608, 0.0000, 894.2672, -321.5959, 0.0000, 70, 56, 38
L 881.9393, -299.2985, 0.0000, 888.5815, -315.3001, 0.0000, 96, 78, 54
L 888.5815, -315.3001, 0.0000, 891.7072, -322.8302, 0.0000, 70, 56, 38
L 881.9393, -299.2985, 0.0000, 870.8219, -312.5866, 0.0000, 96, 78, 54
L 870.8219, -312.5866, 0.0000, 865.5903, -318.8398, 0.0000, 70, 56, 38
L 894.1649, -334.0303, 0.0000, 902.8881, -334.0303, 0.0000, 70, 96, 58
L 888.5201, -331.4825, 0.0000, 906.6911, -331.4825, 0.0000, 70, 96, 58
L 883.4448, -328.9346, 0.0000, 909.1055, -328.9346, 0.0000, 70, 96, 58
L 882.9278, -326.3868, 0.0000, 912.6370, -326.3868, 0.0000, 70, 96, 58
L 882.4109, -323.8389, 0.0000, 916.1994, -323.8389, 0.0000, 70, 96, 58
L 881.9100, -321.2911, 0.0000, 916.7729, -321.2911, 0.0000, 70, 96, 58
L 881.4283, -318.7432, 0.0000, 917.3464, -318.7432, 0.0000, 70, 96, 58
L 880.8436, -316.1954, 0.0000, 917.1607, -316.1954, 0.0000, 70, 96, 58
L 879.9381, -313.6476, 0.0000, 914.6125, -313.6476, 0.0000, 70, 96, 58
L 879.0327, -311.0997, 0.0000, 912.0687, -311.0997, 0.0000, 70, 96, 58
L 879.5796, -308.5519, 0.0000, 910.7003, -308.5519, 0.0000, 70, 96, 58
L 881.5503, -306.0040, 0.0000, 909.3319, -306.0040, 0.0000, 70, 96, 58
L 885.2932, -303.4562, 0.0000, 908.0452, -303.4562, 0.0000, 70, 96, 58
L 893.1482, -300.9083, 0.0000, 906.7696, -300.9083, 0.0000, 70, 96, 58
L 904.3680, -298.3605, 0.0000, 905.4940, -298.3605, 0.0000, 70, 96, 58
L 917.7804, -316.8150, 0.0000, 912.0739, -311.1094, 0.0000, 70, 96, 58
L 912.0739, -311.1094, 0.0000, 909.1674, -305.6977, 0.0000, 70, 96, 58
L 909.1674, -305.6977, 0.0000, 905.4280, -298.2287, 0.0000, 70, 96, 58
L 905.4280, -298.2287, 0.0000, 897.0071, -299.2755, 0.0000, 70, 96, 58
L 897.0071, -299.2755, 0.0000, 890.3388, -302.0971, 0.0000, 70, 96, 58
L 890.3388, -302.0971, 0.0000, 883.0546, -304.0592, 0.0000, 70, 96, 58
L 883.0546, -304.0592, 0.0000, 878.5844, -309.8385, 0.0000, 70, 96, 58
L 878.5844, -309.8385, 0.0000, 881.0638, -316.8150, 0.0000, 70, 96, 58
L 881.0638, -316.8150, 0.0000, 882.1289, -322.4491, 0.0000, 70, 96, 58
L 882.1289, -322.4491, 0.0000, 883.4926, -329.1703, 0.0000, 70, 96, 58
L 883.4926, -329.1703, 0.0000, 890.0441, -332.1834, 0.0000, 70, 96, 58
L 890.0441, -332.1834, 0.0000, 897.0071, -335.3042, 0.0000, 70, 96, 58
L 897.0071, -335.3042, 0.0000, 904.6354, -333.6518, 0.0000, 70, 96, 58
L 904.6354, -333.6518, 0.0000, 909.6432, -328.3672, 0.0000, 70, 96, 58
L 909.6432, -328.3672, 0.0000, 916.1488, -324.0637, 0.0000, 70, 96, 58
L 916.1488, -324.0637, 0.0000, 917.7804, -316.8150, 0.0000, 70, 96, 58
L 891.6246, -314.7767, 0.0000, 902.3896, -314.7767, 0.0000, 40, 66, 28
L 880.8597, -310.7001, 0.0000, 911.8541, -310.7001, 0.0000, 40, 66, 28
L 881.0711, -306.6236, 0.0000, 909.6647, -306.6236, 0.0000, 40, 66, 28
L 888.6684, -302.5470, 0.0000, 907.5900, -302.5470, 0.0000, 40, 66, 28
L 903.4832, -298.4705, 0.0000, 905.5491, -298.4705, 0.0000, 40, 66, 28
L 872.2477, -318.0106, 0.0000, 873.3435, -318.0106, 0.0000, 70, 96, 58
L 881.8104, -318.0106, 0.0000, 888.3769, -318.0106, 0.0000, 70, 96, 58
L 870.2597, -315.4627, 0.0000, 892.5384, -315.4627, 0.0000, 70, 96, 58
L 866.4290, -312.9149, 0.0000, 894.8481, -312.9149, 0.0000, 70, 96, 58
L 860.6573, -310.3670, 0.0000, 896.2101, -310.3670, 0.0000, 70, 96, 58
L 861.1427, -307.8192, 0.0000, 895.1518, -307.8192, 0.0000, 70, 96, 58
L 861.6281, -305.2713, 0.0000, 894.0934, -305.2713, 0.0000, 70, 96, 58
L 862.3130, -302.7235, 0.0000, 894.6925, -302.7235, 0.0000, 70, 96, 58
L 863.0121, -300.1757, 0.0000, 895.4099, -300.1757, 0.0000, 70, 96, 58
L 863.9599, -297.6278, 0.0000, 894.5497, -297.6278, 0.0000, 70, 96, 58
L 864.9620, -295.0800, 0.0000, 893.0252, -295.0800, 0.0000, 70, 96, 58
L 868.3381, -292.5321, 0.0000, 889.3873, -292.5321, 0.0000, 70, 96, 58
L 874.5507, -289.9843, 0.0000, 883.2594, -289.9843, 0.0000, 70, 96, 58
L 894.0229, -305.1015, 0.0000, 895.6225, -299.4207, 0.0000, 70, 96, 58
L 895.6225, -299.4207, 0.0000, 892.4006, -294.0360, 0.0000, 70, 96, 58
L 892.4006, -294.0360, 0.0000, 886.1009, -290.8920, 0.0000, 70, 96, 58
L 886.1009, -290.8920, 0.0000, 878.9427, -288.6054, 0.0000, 70, 96, 58
L 878.9427, -288.6054, 0.0000, 871.7673, -290.8582, 0.0000, 70, 96, 58
L 871.7673, -290.8582, 0.0000, 865.4000, -293.9663, 0.0000, 70, 96, 58
L 865.4000, -293.9663, 0.0000, 863.1375, -299.7186, 0.0000, 70, 96, 58
L 863.1375, -299.7186, 0.0000, 861.6605, -305.1015, 0.0000, 70, 96, 58
L 861.6605, -305.1015, 0.0000, 860.4612, -311.3959, 0.0000, 70, 96, 58
L 860.4612, -311.3959, 0.0000, 868.7283, -313.5001, 0.0000, 70, 96, 58
L 868.7283, -313.5001, 0.0000, 872.3643, -318.1599, 0.0000, 70, 96, 58
L 872.3643, -318.1599, 0.0000, 878.9427, -317.1564, 0.0000, 70, 96, 58
L 878.9427, -317.1564, 0.0000, 886.0875, -319.2845, 0.0000, 70, 96, 58
L 886.0875, -319.2845, 0.0000, 892.1137, -315.9312, 0.0000, 70, 96, 58
L 892.1137, -315.9312, 0.0000, 896.5079, -311.0839, 0.0000, 70, 96, 58
L 896.5079, -311.0839, 0.0000, 894.0229, -305.1015, 0.0000, 70, 96, 58
L 872.9579, -303.0632, 0.0000, 884.9274, -303.0632, 0.0000, 40, 66, 28
L 863.4254, -298.9867, 0.0000, 895.3628, -298.9867, 0.0000, 40, 66, 28
L 865.0288, -294.9101, 0.0000, 892.9236, -294.9101, 0.0000, 40, 66, 28
L 871.8456, -290.8336, 0.0000, 885.9181, -290.8336, 0.0000, 40, 66, 28
L 857.8801, -327.0257, 0.0000, 877.7932, -327.0257, 0.0000, 70, 96, 58
L 852.5937, -324.4778, 0.0000, 882.0214, -324.4778, 0.0000, 70, 96, 58
L 848.8750, -321.9300, 0.0000, 882.1372, -321.9300, 0.0000, 70, 96, 58
L 847.3612, -319.3821, 0.0000, 882.2530, -319.3821, 0.0000, 70, 96, 58
L 848.3799, -316.8343, 0.0000, 884.6895, -316.8343, 0.0000, 70, 96, 58
L 849.3986, -314.2864, 0.0000, 887.3499, -314.2864, 0.0000, 70, 96, 58
L 848.3670, -311.7386, 0.0000, 887.0530, -311.7386, 0.0000, 70, 96, 58
L 847.1488, -309.1908, 0.0000, 886.4868, -309.1908, 0.0000, 70, 96, 58
L 847.4888, -306.6429, 0.0000, 885.6444, -306.6429, 0.0000, 70, 96, 58
L 851.6397, -304.0951, 0.0000, 884.4216, -304.0951, 0.0000, 70, 96, 58
L 855.4409, -301.5472, 0.0000, 883.1987, -301.5472, 0.0000, 70, 96, 58
L 870.4981, -298.9994, 0.0000, 879.2036, -298.9994, 0.0000, 70, 96, 58
L 887.5719, -314.0738, 0.0000, 886.1589, -307.7147, 0.0000, 70, 96, 58
L 886.1589, -307.7147, 0.0000, 883.0293, -301.1943, 0.0000, 70, 96, 58
L 883.0293, -301.1943, 0.0000, 875.6887, -296.9828, 0.0000, 70, 96, 58
L 875.6887, -296.9828, 0.0000, 866.7292, -300.4637, 0.0000, 70, 96, 58
L 866.7292, -300.4637, 0.0000, 858.8915, -299.1227, 0.0000, 70, 96, 58
L 858.8915, -299.1227, 0.0000, 853.0245, -303.2451, 0.0000, 70, 96, 58
L 853.0245, -303.2451, 0.0000, 846.2841, -307.3824, 0.0000, 70, 96, 58
L 846.2841, -307.3824, 0.0000, 849.4836, -314.0738, 0.0000, 70, 96, 58
L 849.4836, -314.0738, 0.0000, 846.8871, -320.5680, 0.0000, 70, 96, 58
L 846.8871, -320.5680, 0.0000, 853.1123, -324.8332, 0.0000, 70, 96, 58
L 853.1123, -324.8332, 0.0000, 859.5395, -327.7887, 0.0000, 70, 96, 58
L 859.5395, -327.7887, 0.0000, 866.7292, -328.2996, 0.0000, 70, 96, 58
L 866.7292, -328.2996, 0.0000, 873.9663, -327.8794, 0.0000, 70, 96, 58
L 873.9663, -327.8794, 0.0000, 881.9477, -326.0988, 0.0000, 70, 96, 58
L 881.9477, -326.0988, 0.0000, 882.2632, -319.1580, 0.0000, 70, 96, 58
L 882.2632, -319.1580, 0.0000, 887.5719, -314.0738, 0.0000, 70, 96, 58
L 860.5015, -312.0356, 0.0000, 872.9569, -312.0356, 0.0000, 40, 66, 28
L 848.0460, -307.9590, 0.0000, 885.4123, -307.9590, 0.0000, 40, 66, 28
L 851.9861, -303.8825, 0.0000, 884.3195, -303.8825, 0.0000, 40, 66, 28
L 857.9191, -299.8059, 0.0000, 862.8847, -299.8059, 0.0000, 40, 66, 28
L 868.4222, -299.8059, 0.0000, 880.6094, -299.8059, 0.0000, 40, 66, 28
L 870.0190, -339.9822, 0.0000, 882.1805, -339.9822, 0.0000, 70, 96, 58
L 866.4196, -337.4344, 0.0000, 893.1338, -337.4344, 0.0000, 70, 96, 58
L 862.8616, -334.8865, 0.0000, 896.6127, -334.8865, 0.0000, 70, 96, 58
L 859.3171, -332.3387, 0.0000, 898.6354, -332.3387, 0.0000, 70, 96, 58
L 858.5638, -329.7908, 0.0000, 899.4881, -329.7908, 0.0000, 70, 96, 58
L 858.0524, -327.2430, 0.0000, 899.6965, -327.2430, 0.0000, 70, 96, 58
L 857.8706, -324.6951, 0.0000, 899.6215, -324.6951, 0.0000, 70, 96, 58
L 858.9417, -322.1473, 0.0000, 898.4690, -322.1473, 0.0000, 70, 96, 58
L 860.0127, -319.5995, 0.0000, 897.3262, -319.5995, 0.0000, 70, 96, 58
L 862.6094, -317.0516, 0.0000, 896.5196, -317.0516, 0.0000, 70, 96, 58
L 865.9685, -314.5038, 0.0000, 895.7131, -314.5038, 0.0000, 70, 96, 58
L 872.5057, -311.9559, 0.0000, 886.8298, -311.9559, 0.0000, 70, 96, 58
L 876.5236, -309.4081, 0.0000, 883.5626, -309.4081, 0.0000, 70, 96, 58
L 899.8615, -325.2258, 0.0000, 897.3485, -319.6700, 0.0000, 70, 96, 58
L 897.3485, -319.6700, 0.0000, 895.3566, -313.3776, 0.0000, 70, 96, 58
L 895.3566, -313.3776, 0.0000, 887.1418, -312.1992, 0.0000, 70, 96, 58
L 887.1418, -312.1992, 0.0000, 880.2723, -306.8423, 0.0000, 70, 96, 58
L 880.2723, -306.8423, 0.0000, 873.1489, -311.7179, 0.0000, 70, 96, 58
L 873.1489, -311.7179, 0.0000, 866.3008, -314.2517, 0.0000, 70, 96, 58
L 866.3008, -314.2517, 0.0000, 860.3696, -318.7505, 0.0000, 70, 96, 58
L 860.3696, -318.7505, 0.0000, 857.6475, -325.2258, 0.0000, 70, 96, 58
L 857.6475, -325.2258, 0.0000, 859.0345, -332.1355, 0.0000, 70, 96, 58
L 859.0345, -332.1355, 0.0000, 865.5304, -336.8049, 0.0000, 70, 96, 58
L 865.5304, -336.8049, 0.0000, 871.8187, -341.2561, 0.0000, 70, 96, 58
L 871.8187, -341.2561, 0.0000, 880.2723, -340.2801, 0.0000, 70, 96, 58
L 880.2723, -340.2801, 0.0000, 887.6072, -339.1350, 0.0000, 70, 96, 58
L 887.6072, -339.1350, 0.0000, 895.0606, -336.8415, 0.0000, 70, 96, 58
L 895.0606, -336.8415, 0.0000, 899.3537, -331.4339, 0.0000, 70, 96, 58
L 899.3537, -331.4339, 0.0000, 899.8615, -325.2258, 0.0000, 70, 96, 58
L 874.0074, -323.1875, 0.0000, 886.5371, -323.1875, 0.0000, 40, 66, 28
L 861.4777, -319.1109, 0.0000, 897.1716, -319.1109, 0.0000, 40, 66, 28
L 865.2689, -315.0344, 0.0000, 895.8811, -315.0344, 0.0000, 40, 66, 28
L 874.2594, -310.9578, 0.0000, 885.5499, -310.9578, 0.0000, 40, 66, 28
L -1235.3190, 4.1758, 0.0000, -1227.6755, -64.6160, 0.0000, 140, 120, 90
L -1128.3096, 4.1758, 0.0000, -1135.9531, -64.6160, 0.0000, 140, 120, 90
L -1227.6755, -64.6160, 0.0000, -1135.9531, -64.6160, 0.0000, 140, 120, 90
L -1212.3884, -64.6160, 0.0000, -1212.3884, -30.2201, 0.0000, 100, 86, 64
L -1202.4518, -22.5766, 0.0000, -1205.3622, -19.0634, 0.0000, 100, 86, 64
L -1205.3622, -19.0634, 0.0000, -1212.3884, -17.6083, 0.0000, 100, 86, 64
L -1212.3884, -17.6083, 0.0000, -1219.4146, -19.0634, 0.0000, 100, 86, 64
L -1219.4146, -19.0634, 0.0000, -1222.3250, -22.5766, 0.0000, 100, 86, 64
L -1222.3250, -22.5766, 0.0000, -1219.4146, -26.0897, 0.0000, 100, 86, 64
L -1219.4146, -26.0897, 0.0000, -1212.3884, -27.5449, 0.0000, 100, 86, 64
L -1212.3884, -27.5449, 0.0000, -1205.3622, -26.0897, 0.0000, 100, 86, 64
L -1205.3622, -26.0897, 0.0000, -1202.4518, -22.5766, 0.0000, 100, 86, 64
L -1181.8143, -64.6160, 0.0000, -1181.8143, -30.2201, 0.0000, 100, 86, 64
L -1171.8777, -22.5766, 0.0000, -1174.7880, -19.0634, 0.0000, 100, 86, 64
L -1174.7880, -19.0634, 0.0000, -1181.8143, -17.6083, 0.0000, 100, 86, 64
L -1181.8143, -17.6083, 0.0000, -1188.8405, -19.0634, 0.0000, 100, 86, 64
L -1188.8405, -19.0634, 0.0000, -1191.7509, -22.5766, 0.0000, 100, 86, 64
L -1191.7509, -22.5766, 0.0000, -1188.8405, -26.0897, 0.0000, 100, 86, 64
L -1188.8405, -26.0897, 0.0000, -1181.8143, -27.5449, 0.0000, 100, 86, 64
L -1181.8143, -27.5449, 0.0000, -1174.7880, -26.0897, 0.0000, 100, 86, 64
L -1174.7880, -26.0897, 0.0000, -1171.8777, -22.5766, 0.0000, 100, 86, 64
L -1151.2402, -64.6160, 0.0000, -1151.2402, -30.2201, 0.0000, 100, 86, 64
L -1141.3036, -22.5766, 0.0000, -1144.2139, -19.0634, 0.0000, 100, 86, 64
L -1144.2139, -19.0634, 0.0000, -1151.2402, -17.6083, 0.0000, 100, 86, 64
L -1151.2402, -17.6083, 0.0000, -1158.2664, -19.0634, 0.0000, 100, 86, 64
L -1158.2664, -19.0634, 0.0000, -1161.1767, -22.5766, 0.0000, 100, 86, 64
L -1161.1767, -22.5766, 0.0000, -1158.2664, -26.0897, 0.0000, 100, 86, 64
L -1158.2664, -26.0897, 0.0000, -1151.2402, -27.5449, 0.0000, 100, 86, 64
L -1151.2402, -27.5449, 0.0000, -1144.2139, -26.0897, 0.0000, 100, 86, 64
L -1144.2139, -26.0897, 0.0000, -1141.3036, -22.5766, 0.0000, 100, 86, 64
L 865.7228, 60.5681, 0.0000, 864.9119, 11.1059, 0.0000, 78, 84, 110
L 864.9119, 11.1059, 0.0000, 898.9666, 11.1059, 0.0000, 78, 84, 110
L 898.9666, 11.1059, 0.0000, 898.1558, 60.5681, 0.0000, 78, 84, 110
L 898.1558, 60.5681, 0.0000, 865.7228, 60.5681, 0.0000, 78, 84, 110
L 873.8310, 60.5681, 0.0000, 872.2094, 88.8322, 0.0000, 78, 84, 110
L 890.0475, 60.5681, 0.0000, 892.4800, 88.8322, 0.0000, 78, 84, 110
L 894.3048, -5.6759, 0.0000, 891.9432, 2.1116, 0.0000, 78, 84, 110
L 891.9432, 2.1116, 0.0000, 885.7604, 6.9245, 0.0000, 78, 84, 110
L 885.7604, 6.9245, 0.0000, 878.1181, 6.9245, 0.0000, 78, 84, 110
L 878.1181, 6.9245, 0.0000, 871.9354, 2.1116, 0.0000, 78, 84, 110
L 871.9354, 2.1116, 0.0000, 869.5737, -5.6759, 0.0000, 78, 84, 110
L 869.5737, -5.6759, 0.0000, 871.9354, -13.4633, 0.0000, 78, 84, 110
L 871.9354, -13.4633, 0.0000, 878.1181, -18.2762, 0.0000, 78, 84, 110
L 878.1181, -18.2762, 0.0000, 885.7604, -18.2762, 0.0000, 78, 84, 110
L 885.7604, -18.2762, 0.0000, 891.9432, -13.4633, 0.0000, 78, 84, 110
L 891.9432, -13.4633, 0.0000, 894.3048, -5.6759, 0.0000, 78, 84, 110
L 880.1728, 11.1059, 0.0000, 880.1728, 60.5681, 0.0000, 78, 84, 110
L 850.1422, 14.6389, 0.0000, 866.0407, 14.6389, 0.0000, 78, 84, 110
L 866.0407, 14.6389, 0.0000, 866.0407, 64.1011, 0.0000, 78, 84, 110
L 866.0407, 64.1011, 0.0000, 858.0915, 78.2331, 0.0000, 78, 84, 110
L 858.0915, 78.2331, 0.0000, 850.1422, 64.1011, 0.0000, 78, 84, 110
L 850.1422, 64.1011, 0.0000, 850.1422, 14.6389, 0.0000, 78, 84, 110
L 908.4369, 16.4055, 0.0000, 908.4369, 65.8676, 0.0000, 78, 84, 110
L 901.3708, 27.0045, 0.0000, 915.5029, 27.0045, 0.0000, 78, 84, 110
L -1181.8143, 279.6239, 0.0000, -1181.8143, 149.6838, 0.0000, 120, 100, 72
L -1229.2042, 160.0790, 0.0000, -1134.4244, 160.0790, 0.0000, 150, 60, 50
L -1229.2042, 160.0790, 0.0000, -1229.2042, 240.6418, 0.0000, 150, 60, 50
L -1134.4244, 160.0790, 0.0000, -1134.4244, 240.6418, 0.0000, 150, 60, 50
L -1229.2042, 240.6418, 0.0000, -1181.8143, 222.4502, 0.0000, 150, 60, 50
L -1134.4244, 240.6418, 0.0000, -1181.8143, 222.4502, 0.0000, 150, 60, 50
L -1214.9872, 175.6718, 0.0000, -1148.6414, 175.6718, 0.0000, 150, 60, 50
L -1214.9872, 196.4622, 0.0000, -1148.6414, 196.4622, 0.0000, 150, 60, 50
L -1214.9872, 217.2526, 0.0000, -1148.6414, 217.2526, 0.0000, 150, 60, 50
L -1183.5890, 524.3475, 0.0000, -1179.3863, 524.3475, 0.0000, 96, 78, 54
L -1183.7705, 526.0851, 0.0000, -1179.3156, 526.0851, 0.0000, 96, 78, 54
L -1183.9521, 527.8227, 0.0000, -1179.2449, 527.8227, 0.0000, 96, 78, 54
L -1184.3011, 529.5604, 0.0000, -1179.3417, 529.5604, 0.0000, 96, 78, 54
L -1184.6682, 531.2980, 0.0000, -1179.4566, 531.2980, 0.0000, 96, 78, 54
L -1184.9716, 533.0356, 0.0000, -1179.5078, 533.0356, 0.0000, 96, 78, 54
L -1185.1303, 534.7732, 0.0000, -1179.4142, 534.7732, 0.0000, 96, 78, 54
L -1185.2889, 536.5109, 0.0000, -1179.3206, 536.5109, 0.0000, 96, 78, 54
L -1185.2733, 538.2485, 0.0000, -1179.0528, 538.2485, 0.0000, 96, 78, 54
L -1185.1858, 539.9861, 0.0000, -1178.7130, 539.9861, 0.0000, 96, 78, 54
L -1185.1345, 541.7238, 0.0000, -1178.4095, 541.7238, 0.0000, 96, 78, 54
L -1185.3755, 543.4614, 0.0000, -1178.3982, 543.4614, 0.0000, 96, 78, 54
L -1185.6164, 545.1990, 0.0000, -1178.3869, 545.1990, 0.0000, 96, 78, 54
L -1185.6604, 546.9366, 0.0000, -1178.1786, 546.9366, 0.0000, 96, 78, 54
L -1185.5173, 548.6743, 0.0000, -1177.7833, 548.6743, 0.0000, 96, 78, 54
L -1185.3742, 550.4119, 0.0000, -1177.3880, 550.4119, 0.0000, 96, 78, 54
L -1185.8152, 552.1495, 0.0000, -1177.5768, 552.1495, 0.0000, 96, 78, 54
L -1186.3101, 553.8872, 0.0000, -1177.8194, 553.8872, 0.0000, 96, 78, 54
L -1186.6476, 555.0719, 0.0000, -1185.3621, 550.5586, 0.0000, 70, 56, 38
L -1177.9849, 555.0719, 0.0000, -1177.3546, 550.5586, 0.0000, 96, 78, 54
L -1185.3621, 550.5586, 0.0000, -1185.7338, 546.0453, 0.0000, 70, 56, 38
L -1177.3546, 550.5586, 0.0000, -1178.3814, 546.0453, 0.0000, 96, 78, 54
L -1185.7338, 546.0453, 0.0000, -1185.1079, 541.5319, 0.0000, 70, 56, 38
L -1178.3814, 546.0453, 0.0000, -1178.4108, 541.5319, 0.0000, 96, 78, 54
L -1185.1079, 541.5319, 0.0000, -1185.3353, 537.0186, 0.0000, 70, 56, 38
L -1178.4108, 541.5319, 0.0000, -1179.2932, 537.0186, 0.0000, 96, 78, 54
L -1185.3353, 537.0186, 0.0000, -1184.9232, 532.5053, 0.0000, 70, 56, 38
L -1179.2932, 537.0186, 0.0000, -1179.5363, 532.5053, 0.0000, 96, 78, 54
L -1184.9232, 532.5053, 0.0000, -1183.9698, 527.9920, 0.0000, 70, 56, 38
L -1179.5363, 532.5053, 0.0000, -1179.2381, 527.9920, 0.0000, 96, 78, 54
L -1183.9698, 527.9920, 0.0000, -1183.4982, 523.4787, 0.0000, 70, 56, 38
L -1179.2381, 527.9920, 0.0000, -1179.4217, 523.4787, 0.0000, 96, 78, 54
L -1185.3621, 550.5586, 0.0000, -1181.7587, 551.1905, 0.0000, 70, 56, 38
L -1185.1079, 541.5319, 0.0000, -1182.0942, 542.1638, 0.0000, 70, 56, 38
L -1184.9232, 532.5053, 0.0000, -1182.4991, 533.1372, 0.0000, 70, 56, 38
L -1181.8143, 527.0456, 0.0000, -1177.2365, 510.3360, 0.0000, 96, 78, 54
L -1177.2365, 510.3360, 0.0000, -1175.0822, 502.4727, 0.0000, 70, 56, 38
L -1181.8143, 527.0456, 0.0000, -1190.6219, 512.1261, 0.0000, 96, 78, 54
L -1190.6219, 512.1261, 0.0000, -1194.7667, 505.1051, 0.0000, 70, 56, 38
L -1181.8143, 527.0456, 0.0000, -1173.2276, 511.9978, 0.0000, 96, 78, 54
L -1173.2276, 511.9978, 0.0000, -1169.1868, 504.9165, 0.0000, 70, 56, 38
L -1172.7973, 499.6454, 0.0000, -1157.9005, 499.6454, 0.0000, 70, 96, 58
L -1178.6288, 502.1933, 0.0000, -1150.3708, 502.1933, 0.0000, 70, 96, 58
L -1181.8105, 504.7411, 0.0000, -1150.3774, 504.7411, 0.0000, 70, 96, 58
L -1182.9370, 507.2890, 0.0000, -1150.3841, 507.2890, 0.0000, 70, 96, 58
L -1184.7811, 509.8368, 0.0000, -1149.6679, 509.8368, 0.0000, 70, 96, 58
L -1188.4133, 512.3847, 0.0000, -1147.2701, 512.3847, 0.0000, 70, 96, 58
L -1190.5718, 514.9325, 0.0000, -1145.5517, 514.9325, 0.0000, 70, 96, 58
L -1189.8410, 517.4804, 0.0000, -1145.1653, 517.4804, 0.0000, 70, 96, 58
L -1189.1103, 520.0282, 0.0000, -1144.7788, 520.0282, 0.0000, 70, 96, 58
L -1184.8371, 522.5760, 0.0000, -1149.6670, 522.5760, 0.0000, 70, 96, 58
L -1179.6386, 525.1239, 0.0000, -1155.0352, 525.1239, 0.0000, 70, 96, 58
L -1174.4587, 527.6717, 0.0000, -1158.4161, 527.6717, 0.0000, 70, 96, 58
L -1145.6822, 514.0720, 0.0000, -1144.6643, 520.7836, 0.0000, 70, 96, 58
L -1144.6643, 520.7836, 0.0000, -1153.4554, 523.9334, 0.0000, 70, 96, 58
L -1153.4554, 523.9334, 0.0000, -1159.0447, 528.1454, 0.0000, 70, 96, 58
L -1159.0447, 528.1454, 0.0000, -1167.1254, 529.9821, 0.0000, 70, 96, 58
L -1167.1254, 529.9821, 0.0000, -1174.8613, 527.5449, 0.0000, 70, 96, 58
L -1174.8613, 527.5449, 0.0000, -1181.2873, 524.2883, 0.0000, 70, 96, 58
L -1181.2873, 524.2883, 0.0000, -1188.9483, 520.5929, 0.0000, 70, 96, 58
L -1188.9483, 520.5929, 0.0000, -1190.8186, 514.0720, 0.0000, 70, 96, 58
L -1190.8186, 514.0720, 0.0000, -1183.7408, 509.1071, 0.0000, 70, 96, 58
L -1183.7408, 509.1071, 0.0000, -1181.3872, 503.7836, 0.0000, 70, 96, 58
L -1181.3872, 503.7836, 0.0000, -1175.1105, 500.1650, 0.0000, 70, 96, 58
L -1175.1105, 500.1650, 0.0000, -1167.1254, 498.3715, 0.0000, 70, 96, 58
L -1167.1254, 498.3715, 0.0000, -1158.6994, 499.3972, 0.0000, 70, 96, 58
L -1158.6994, 499.3972, 0.0000, -1150.3702, 501.9849, 0.0000, 70, 96, 58
L -1150.3702, 501.9849, 0.0000, -1150.3888, 509.0709, 0.0000, 70, 96, 58
L -1150.3888, 509.0709, 0.0000, -1145.6822, 514.0720, 0.0000, 70, 96, 58
L -1173.9466, 516.1102, 0.0000, -1160.3041, 516.1102, 0.0000, 40, 66, 28
L -1187.5892, 520.1868, 0.0000, -1146.6616, 520.1868, 0.0000, 40, 66, 28
L -1181.3392, 524.2633, 0.0000, -1153.8933, 524.2633, 0.0000, 40, 66, 28
L -1172.3379, 528.3399, 0.0000, -1159.9004, 528.3399, 0.0000, 40, 66, 28
L -1175.5356, 507.1046, 0.0000, -1171.3486, 507.1046, 0.0000, 70, 96, 58
L -1193.0474, 509.6524, 0.0000, -1169.9423, 509.6524, 0.0000, 70, 96, 58
L -1194.1275, 512.2003, 0.0000, -1168.0526, 512.2003, 0.0000, 70, 96, 58
L -1195.2077, 514.7481, 0.0000, -1163.5098, 514.7481, 0.0000, 70, 96, 58
L -1196.2098, 517.2959, 0.0000, -1162.4400, 517.2959, 0.0000, 70, 96, 58
L -1197.2043, 519.8438, 0.0000, -1161.9139, 519.8438, 0.0000, 70, 96, 58
L -1197.4443, 522.3916, 0.0000, -1161.8732, 522.3916, 0.0000, 70, 96, 58
L -1196.7420, 524.9395, 0.0000, -1162.4387, 524.9395, 0.0000, 70, 96, 58
L -1196.0396, 527.4873, 0.0000, -1163.0864, 527.4873, 0.0000, 70, 96, 58
L -1193.4687, 530.0352, 0.0000, -1165.8149, 530.0352, 0.0000, 70, 96, 58
L -1190.6343, 532.5830, 0.0000, -1169.0589, 532.5830, 0.0000, 70, 96, 58
L -1187.7458, 535.1309, 0.0000, -1173.4126, 535.1309, 0.0000, 70, 96, 58
L -1180.8359, 537.6787, 0.0000, -1178.2948, 537.6787, 0.0000, 70, 96, 58
L -1161.6217, 521.2587, 0.0000, -1162.9828, 527.3905, 0.0000, 70, 96, 58
L -1162.9828, 527.3905, 0.0000, -1167.6413, 531.7407, 0.0000, 70, 96, 58
L -1167.6413, 531.7407, 0.0000, -1172.8724, 534.8489, 0.0000, 70, 96, 58
L -1172.8724, 534.8489, 0.0000, -1178.9405, 538.0156, 0.0000, 70, 96, 58
L -1178.9405, 538.0156, 0.0000, -1185.8723, 536.7834, 0.0000, 70, 96, 58
L -1185.8723, 536.7834, 0.0000, -1190.8975, 532.3509, 0.0000, 70, 96, 58
L -1190.8975, 532.3509, 0.0000, -1195.9544, 527.7964, 0.0000, 70, 96, 58
L -1195.9544, 527.7964, 0.0000, -1197.7567, 521.2587, 0.0000, 70, 96, 58
L -1197.7567, 521.2587, 0.0000, -1195.3024, 514.9715, 0.0000, 70, 96, 58
L -1195.3024, 514.9715, 0.0000, -1192.5969, 508.5899, 0.0000, 70, 96, 58
L -1192.5969, 508.5899, 0.0000, -1184.4264, 508.9723, 0.0000, 70, 96, 58
L -1184.4264, 508.9723, 0.0000, -1178.9405, 508.3496, 0.0000, 70, 96, 58
L -1178.9405, 508.3496, 0.0000, -1172.0518, 505.8306, 0.0000, 70, 96, 58
L -1172.0518, 505.8306, 0.0000, -1168.7527, 511.8076, 0.0000, 70, 96, 58
L -1168.7527, 511.8076, 0.0000, -1162.8948, 515.0930, 0.0000, 70, 96, 58
L -1162.8948, 515.0930, 0.0000, -1161.6217, 521.2587, 0.0000, 70, 96, 58
L -1184.2449, 523.2970, 0.0000, -1173.6360, 523.2970, 0.0000, 40, 66, 28
L -1194.8538, 527.3735, 0.0000, -1163.0271, 527.3735, 0.0000, 40, 66, 28
L -1191.8977, 531.4501, 0.0000, -1167.3301, 531.4501, 0.0000, 40, 66, 28
L -1187.2972, 535.5266, 0.0000, -1174.1709, 535.5266, 0.0000, 40, 66, 28
L -1193.2700, 495.1062, 0.0000, -1189.1530, 495.1062, 0.0000, 70, 96, 58
L -1205.9620, 497.6540, 0.0000, -1187.3308, 497.6540, 0.0000, 70, 96, 58
L -1209.3369, 500.2019, 0.0000, -1185.6234, 500.2019, 0.0000, 70, 96, 58
L -1211.9356, 502.7497, 0.0000, -1184.4889, 502.7497, 0.0000, 70, 96, 58
L -1213.2947, 505.2976, 0.0000, -1183.3544, 505.2976, 0.0000, 70, 96, 58
L -1212.3454, 507.8454, 0.0000, -1182.6515, 507.8454, 0.0000, 70, 96, 58
L -1211.3960, 510.3933, 0.0000, -1181.9991, 510.3933, 0.0000, 70, 96, 58
L -1211.5574, 512.9411, 0.0000, -1182.2051, 512.9411, 0.0000, 70, 96, 58
L -1212.6574, 515.4889, 0.0000, -1183.1365, 515.4889, 0.0000, 70, 96, 58
L -1213.7574, 518.0368, 0.0000, -1183.9174, 518.0368, 0.0000, 70, 96, 58
L -1210.6695, 520.5846, 0.0000, -1184.3203, 520.5846, 0.0000, 70, 96, 58
L -1206.8718, 523.1325, 0.0000, -1184.7232, 523.1325, 0.0000, 70, 96, 58
L -1205.7820, 525.6803, 0.0000, -1187.4671, 525.6803, 0.0000, 70, 96, 58
L -1204.6923, 528.2282, 0.0000, -1201.5745, 528.2282, 0.0000, 70, 96, 58
L -1181.7002, 511.5602, 0.0000, -1183.8026, 517.3109, 0.0000, 70, 96, 58
L -1183.8026, 517.3109, 0.0000, -1184.9064, 524.2907, 0.0000, 70, 96, 58
L -1184.9064, 524.2907, 0.0000, -1190.7815, 527.4789, 0.0000, 70, 96, 58
L -1190.7815, 527.4789, 0.0000, -1197.0942, 526.1660, 0.0000, 70, 96, 58
L -1197.0942, 526.1660, 0.0000, -1204.1795, 529.4271, 0.0000, 70, 96, 58
L -1204.1795, 529.4271, 0.0000, -1207.2737, 522.1929, 0.0000, 70, 96, 58
L -1207.2737, 522.1929, 0.0000, -1214.1465, 518.9380, 0.0000, 70, 96, 58
L -1214.1465, 518.9380, 0.0000, -1210.9612, 511.5602, 0.0000, 70, 96, 58
L -1210.9612, 511.5602, 0.0000, -1213.6264, 504.4075, 0.0000, 70, 96, 58
L -1213.6264, 504.4075, 0.0000, -1208.6310, 499.5098, 0.0000, 70, 96, 58
L -1208.6310, 499.5098, 0.0000, -1203.3335, 495.8264, 0.0000, 70, 96, 58
L -1203.3335, 495.8264, 0.0000, -1197.0942, 496.6258, 0.0000, 70, 96, 58
L -1197.0942, 496.6258, 0.0000, -1190.0641, 493.8323, 0.0000, 70, 96, 58
L -1190.0641, 493.8323, 0.0000, -1185.8128, 499.7765, 0.0000, 70, 96, 58
L -1185.8128, 499.7765, 0.0000, -1183.2356, 505.5642, 0.0000, 70, 96, 58
L -1183.2356, 505.5642, 0.0000, -1181.7002, 511.5602, 0.0000, 70, 96, 58
L -1201.8053, 513.5985, 0.0000, -1192.3831, 513.5985, 0.0000, 40, 66, 28
L -1211.2274, 517.6750, 0.0000, -1183.8602, 517.6750, 0.0000, 40, 66, 28
L -1208.2055, 521.7516, 0.0000, -1184.5049, 521.7516, 0.0000, 40, 66, 28
L -1205.7188, 525.8281, 0.0000, -1187.7395, 525.8281, 0.0000, 40, 66, 28
L -1191.2313, 489.2515, 0.0000, -1177.9425, 489.2515, 0.0000, 70, 96, 58
L -1196.7396, 491.7994, 0.0000, -1172.0573, 491.7994, 0.0000, 70, 96, 58
L -1197.1193, 494.3472, 0.0000, -1164.0276, 494.3472, 0.0000, 70, 96, 58
L -1197.5813, 496.8950, 0.0000, -1161.1466, 496.8950, 0.0000, 70, 96, 58
L -1198.4220, 499.4429, 0.0000, -1162.7178, 499.4429, 0.0000, 70, 96, 58
L -1198.1240, 501.9907, 0.0000, -1163.6197, 501.9907, 0.0000, 70, 96, 58
L -1195.7773, 504.5386, 0.0000, -1163.3174, 504.5386, 0.0000, 70, 96, 58
L -1195.0762, 507.0864, 0.0000, -1164.0139, 507.0864, 0.0000, 70, 96, 58
L -1194.8538, 509.6343, 0.0000, -1166.0585, 509.6343, 0.0000, 70, 96, 58
L -1185.1706, 512.1821, 0.0000, -1174.7180, 512.1821, 0.0000, 70, 96, 58
L -1163.7277, 501.0805, 0.0000, -1163.1437, 506.0021, 0.0000, 70, 96, 58
L -1163.1437, 506.0021, 0.0000, -1166.7699, 510.5207, 0.0000, 70, 96, 58
L -1166.7699, 510.5207, 0.0000, -1174.0885, 511.9749, 0.0000, 70, 96, 58
L -1174.0885, 511.9749, 0.0000, -1180.7908, 514.1809, 0.0000, 70, 96, 58
L -1180.7908, 514.1809, 0.0000, -1187.0834, 511.3092, 0.0000, 70, 96, 58
L -1187.0834, 511.3092, 0.0000, -1194.7783, 510.4983, 0.0000, 70, 96, 58
L -1194.7783, 510.4983, 0.0000, -1195.2486, 505.1126, 0.0000, 70, 96, 58
L -1195.2486, 505.1126, 0.0000, -1198.9623, 501.0805, 0.0000, 70, 96, 58
L -1198.9623, 501.0805, 0.0000, -1197.4311, 496.4397, 0.0000, 70, 96, 58
L -1197.4311, 496.4397, 0.0000, -1196.5422, 490.4751, 0.0000, 70, 96, 58
L -1196.5422, 490.4751, 0.0000, -1188.4606, 488.6132, 0.0000, 70, 96, 58
L -1188.4606, 488.6132, 0.0000, -1180.7908, 487.9776, 0.0000, 70, 96, 58
L -1180.7908, 487.9776, 0.0000, -1174.4692, 490.8049, 0.0000, 70, 96, 58
L -1174.4692, 490.8049, 0.0000, -1168.9245, 493.0910, 0.0000, 70, 96, 58
L -1168.9245, 493.0910, 0.0000, -1160.1835, 495.3334, 0.0000, 70, 96, 58
L -1160.1835, 495.3334, 0.0000, -1163.7277, 501.0805, 0.0000, 70, 96, 58
L -1188.0993, 503.1188, 0.0000, -1173.4822, 503.1188, 0.0000, 40, 66, 28
L -1195.0667, 507.1953, 0.0000, -1164.1013, 507.1953, 0.0000, 40, 66, 28
L -1187.4374, 511.2719, 0.0000, -1170.5503, 511.2719, 0.0000, 40, 66, 28
