L -600.0000, -2120.0000, 0.0000, -480.0000, -2000.0000, 0.0000, 150, 90, 150
L -480.0000, -2000.0000, 0.0000, -600.0000, -1880.0000, 0.0000, 150, 90, 150
L -600.0000, -1880.0000, 0.0000, -720.0000, -2000.0000, 0.0000, 150, 90, 150
L -720.0000, -2000.0000, 0.0000, -600.0000, -2120.0000, 0.0000, 150, 90, 150
L -660.0000, -1832.0000, 0.0000, -540.0000, -1832.0000, 0.0000, 150, 90, 150
P -408.0000, -2000.0000, 0.0000, 150, 90, 150, 3, Bear_Cave
L 1500.0000, -3120.0000, 0.0000, 1620.0000, -3000.0000, 0.0000, 150, 90, 150
L 1620.0000, -3000.0000, 0.0000, 1500.0000, -2880.0000, 0.0000, 150, 90, 150
L 1500.0000, -2880.0000, 0.0000, 1380.0000, -3000.0000, 0.0000, 150, 90, 150
L 1380.0000, -3000.0000, 0.0000, 1500.0000, -3120.0000, 0.0000, 150, 90, 150
L 1440.0000, -2832.0000, 0.0000, 1560.0000, -2832.0000, 0.0000, 150, 90, 150
P 1692.0000, -3000.0000, 0.0000, 150, 90, 150, 3, Mayfly_Glade
L 600.0000, -4620.0000, 0.0000, 720.0000, -4500.0000, 0.0000, 150, 90, 150
L 720.0000, -4500.0000, 0.0000, 600.0000, -4380.0000, 0.0000, 150, 90, 150
L 600.0000, -4380.0000, 0.0000, 480.0000, -4500.0000, 0.0000, 150, 90, 150
L 480.0000, -4500.0000, 0.0000, 600.0000, -4620.0000, 0.0000, 150, 90, 150
L 540.0000, -4332.0000, 0.0000, 660.0000, -4332.0000, 0.0000, 150, 90, 150
P 792.0000, -4500.0000, 0.0000, 150, 90, 150, 3, Forkwatch
