P 100.0000, -3400.0000, 0.0000, 150, 0, 200, 3, to_Blackburrow
P -100.0000, 314.0000, 0.0000, 150, 0, 200, 3, to_North_Qeynos
P 200.0000, -5050.0000, 0.0000, 150, 0, 200, 3, to_Surefall_Glade
P 2422.0000, -1240.0000, 0.0000, 150, 0, 200, 3, to_West_Karana
P 998.0000, -3416.0000, 0.0000, 30, 80, 95, 2, Blackburrow_Entrance_(gnolls)
P -281.0000, -1344.0000, 0.0000, 30, 80, 95, 2, Cottage
P -102.0000, -526.0000, 0.0000, 30, 80, 95, 2, Crossroads
P -960.0000, -3951.0000, 0.0000, 30, 80, 95, 2, Fishing_Pond
P 824.0000, -1037.0000, 0.0000, 30, 80, 95, 2, Guard_Tower
P -122.0000, -4978.0000, 0.0000, 30, 80, 95, 2, Miller_Camp
P 977.0000, -4718.0000, 0.0000, 30, 80, 95, 2, Haunted_Ruins_(undead)
P 500.0000, -3400.0000, 0.0000, 150, 90, 40, 3, Holly_Windstalker_(Undead_Ranger_20)
