L -200.00, -867.00, 0.0000, -200.00, 616.00, 0.0000, 188, 178, 158
L 0.00, -867.00, 0.0000, 0.00, 616.00, 0.0000, 188, 178, 158
L 200.00, -867.00, 0.0000, 200.00, 616.00, 0.0000, 188, 178, 158
L 400.00, -867.00, 0.0000, 400.00, 616.00, 0.0000, 188, 178, 158
L 600.00, -867.00, 0.0000, 600.00, 616.00, 0.0000, 188, 178, 158
L -279.00, -800.00, 0.0000, 713.00, -800.00, 0.0000, 188, 178, 158
L -279.00, -600.00, 0.0000, 713.00, -600.00, 0.0000, 188, 178, 158
L -279.00, -400.00, 0.0000, 713.00, -400.00, 0.0000, 188, 178, 158
L -279.00, -200.00, 0.0000, 713.00, -200.00, 0.0000, 188, 178, 158
L -279.00, 0.00, 0.0000, 713.00, 0.00, 0.0000, 188, 178, 158
L -279.00, 200.00, 0.0000, 713.00, 200.00, 0.0000, 188, 178, 158
L -279.00, 400.00, 0.0000, 713.00, 400.00, 0.0000, 188, 178, 158
L -279.00, 600.00, 0.0000, 713.00, 600.00, 0.0000, 188, 178, 158
L -514.00, -1102.00, 0.0000, -401.54, -1083.44, 0.0000, 90, 60, 34
L -401.54, -1083.44, 0.0000, -289.08, -1102.00, 0.0000, 90, 60, 34
L -289.08, -1102.00, 0.0000, -176.62, -1085.03, 0.0000, 90, 60, 34
L -176.62, -1085.03, 0.0000, -64.15, -1102.00, 0.0000, 90, 60, 34
L -64.15, -1102.00, 0.0000, 48.31, -1082.97, 0.0000, 90, 60, 34
L 48.31, -1082.97, 0.0000, 160.77, -1102.00, 0.0000, 90, 60, 34
L 160.77, -1102.00, 0.0000, 273.23, -1084.25, 0.0000, 90, 60, 34
L 273.23, -1084.25, 0.0000, 385.69, -1102.00, 0.0000, 90, 60, 34
L 385.69, -1102.00, 0.0000, 498.15, -1079.50, 0.0000, 90, 60, 34
L 498.15, -1079.50, 0.0000, 610.62, -1102.00, 0.0000, 90, 60, 34
L 610.62, -1102.00, 0.0000, 723.08, -1087.77, 0.0000, 90, 60, 34
L 723.08, -1087.77, 0.0000, 835.54, -1102.00, 0.0000, 90, 60, 34
L 835.54, -1102.00, 0.0000, 948.00, -1079.22, 0.0000, 90, 60, 34
L 948.00, -1102.00, 0.0000, 927.18, -987.12, 0.0000, 90, 60, 34
L 927.18, -987.12, 0.0000, 948.00, -872.24, 0.0000, 90, 60, 34
L 948.00, -872.24, 0.0000, 922.30, -757.35, 0.0000, 90, 60, 34
L 922.30, -757.35, 0.0000, 948.00, -642.47, 0.0000, 90, 60, 34
L 948.00, -642.47, 0.0000, 927.85, -527.59, 0.0000, 90, 60, 34
L 927.85, -527.59, 0.0000, 948.00, -412.71, 0.0000, 90, 60, 34
L 948.00, -412.71, 0.0000, 936.24, -297.82, 0.0000, 90, 60, 34
L 936.24, -297.82, 0.0000, 948.00, -182.94, 0.0000, 90, 60, 34
L 948.00, -182.94, 0.0000, 929.97, -68.06, 0.0000, 90, 60, 34
L 929.97, -68.06, 0.0000, 948.00, 46.82, 0.0000, 90, 60, 34
L 948.00, 46.82, 0.0000, 935.69, 161.71, 0.0000, 90, 60, 34
L 935.69, 161.71, 0.0000, 948.00, 276.59, 0.0000, 90, 60, 34
L 948.00, 276.59, 0.0000, 938.39, 391.47, 0.0000, 90, 60, 34
L 938.39, 391.47, 0.0000, 948.00, 506.35, 0.0000, 90, 60, 34
L 948.00, 506.35, 0.0000, 931.46, 621.24, 0.0000, 90, 60, 34
L 931.46, 621.24, 0.0000, 948.00, 736.12, 0.0000, 90, 60, 34
L 948.00, 736.12, 0.0000, 930.13, 851.00, 0.0000, 90, 60, 34
L 948.00, 851.00, 0.0000, 835.54, 830.70, 0.0000, 90, 60, 34
L 835.54, 830.70, 0.0000, 723.08, 851.00, 0.0000, 90, 60, 34
L 723.08, 851.00, 0.0000, 610.62, 837.20, 0.0000, 90, 60, 34
L 610.62, 837.20, 0.0000, 498.15, 851.00, 0.0000, 90, 60, 34
L 498.15, 851.00, 0.0000, 385.69, 825.07, 0.0000, 90, 60, 34
L 385.69, 825.07, 0.0000, 273.23, 851.00, 0.0000, 90, 60, 34
L 273.23, 851.00, 0.0000, 160.77, 829.94, 0.0000, 90, 60, 34
L 160.77, 829.94, 0.0000, 48.31, 851.00, 0.0000, 90, 60, 34
L 48.31, 851.00, 0.0000, -64.15, 838.02, 0.0000, 90, 60, 34
L -64.15, 838.02, 0.0000, -176.62, 851.00, 0.0000, 90, 60, 34
L -176.62, 851.00, 0.0000, -289.08, 840.71, 0.0000, 90, 60, 34
L -289.08, 840.71, 0.0000, -401.54, 851.00, 0.0000, 90, 60, 34
L -401.54, 851.00, 0.0000, -514.00, 835.13, 0.0000, 90, 60, 34
L -514.00, 851.00, 0.0000, -490.59, 736.12, 0.0000, 90, 60, 34
L -490.59, 736.12, 0.0000, -514.00, 621.24, 0.0000, 90, 60, 34
L -514.00, 621.24, 0.0000, -488.71, 506.35, 0.0000, 90, 60, 34
L -488.71, 506.35, 0.0000, -514.00, 391.47, 0.0000, 90, 60, 34
L -514.00, 391.47, 0.0000, -504.89, 276.59, 0.0000, 90, 60, 34
L -504.89, 276.59, 0.0000, -514.00, 161.71, 0.0000, 90, 60, 34
L -514.00, 161.71, 0.0000, -489.52, 46.82, 0.0000, 90, 60, 34
L -489.52, 46.82, 0.0000, -514.00, -68.06, 0.0000, 90, 60, 34
L -514.00, -68.06, 0.0000, -488.33, -182.94, 0.0000, 90, 60, 34
L -488.33, -182.94, 0.0000, -514.00, -297.82, 0.0000, 90, 60, 34
L -514.00, -297.82, 0.0000, -503.67, -412.71, 0.0000, 90, 60, 34
L -503.67, -412.71, 0.0000, -514.00, -527.59, 0.0000, 90, 60, 34
L -514.00, -527.59, 0.0000, -491.74, -642.47, 0.0000, 90, 60, 34
L -491.74, -642.47, 0.0000, -514.00, -757.35, 0.0000, 90, 60, 34
L -514.00, -757.35, 0.0000, -503.43, -872.24, 0.0000, 90, 60, 34
L -503.43, -872.24, 0.0000, -514.00, -987.12, 0.0000, 90, 60, 34
L -514.00, -987.12, 0.0000, -488.61, -1102.00, 0.0000, 90, 60, 34
L -474.00, -1062.00, 0.0000, -320.44, -1054.70, 0.0000, 140, 104, 60
L -320.44, -1054.70, 0.0000, -166.89, -1062.00, 0.0000, 140, 104, 60
L -166.89, -1062.00, 0.0000, -13.33, -1056.44, 0.0000, 140, 104, 60
L -13.33, -1056.44, 0.0000, 140.22, -1062.00, 0.0000, 140, 104, 60
L 140.22, -1062.00, 0.0000, 293.78, -1055.34, 0.0000, 140, 104, 60
L 293.78, -1055.34, 0.0000, 447.33, -1062.00, 0.0000, 140, 104, 60
L 447.33, -1062.00, 0.0000, 600.89, -1052.84, 0.0000, 140, 104, 60
L 600.89, -1052.84, 0.0000, 754.44, -1062.00, 0.0000, 140, 104, 60
L 754.44, -1062.00, 0.0000, 908.00, -1050.19, 0.0000, 140, 104, 60
L 908.00, -1062.00, 0.0000, 901.78, -917.92, 0.0000, 140, 104, 60
L 901.78, -917.92, 0.0000, 908.00, -773.85, 0.0000, 140, 104, 60
L 908.00, -773.85, 0.0000, 901.91, -629.77, 0.0000, 140, 104, 60
L 901.91, -629.77, 0.0000, 908.00, -485.69, 0.0000, 140, 104, 60
L 908.00, -485.69, 0.0000, 901.02, -341.62, 0.0000, 140, 104, 60
L 901.02, -341.62, 0.0000, 908.00, -197.54, 0.0000, 140, 104, 60
L 908.00, -197.54, 0.0000, 893.97, -53.46, 0.0000, 140, 104, 60
L 893.97, -53.46, 0.0000, 908.00, 90.62, 0.0000, 140, 104, 60
L 908.00, 90.62, 0.0000, 900.17, 234.69, 0.0000, 140, 104, 60
L 900.17, 234.69, 0.0000, 908.00, 378.77, 0.0000, 140, 104, 60
L 908.00, 378.77, 0.0000, 901.04, 522.85, 0.0000, 140, 104, 60
L 901.04, 522.85, 0.0000, 908.00, 666.92, 0.0000, 140, 104, 60
L 908.00, 666.92, 0.0000, 895.05, 811.00, 0.0000, 140, 104, 60
L 908.00, 811.00, 0.0000, 754.44, 796.80, 0.0000, 140, 104, 60
L 754.44, 796.80, 0.0000, 600.89, 811.00, 0.0000, 140, 104, 60
L 600.89, 811.00, 0.0000, 447.33, 803.59, 0.0000, 140, 104, 60
L 447.33, 803.59, 0.0000, 293.78, 811.00, 0.0000, 140, 104, 60
L 293.78, 811.00, 0.0000, 140.22, 802.94, 0.0000, 140, 104, 60
L 140.22, 802.94, 0.0000, -13.33, 811.00, 0.0000, 140, 104, 60
L -13.33, 811.00, 0.0000, -166.89, 805.31, 0.0000, 140, 104, 60
L -166.89, 805.31, 0.0000, -320.44, 811.00, 0.0000, 140, 104, 60
L -320.44, 811.00, 0.0000, -474.00, 800.58, 0.0000, 140, 104, 60
L -474.00, 811.00, 0.0000, -466.74, 666.92, 0.0000, 140, 104, 60
L -466.74, 666.92, 0.0000, -474.00, 522.85, 0.0000, 140, 104, 60
L -474.00, 522.85, 0.0000, -465.54, 378.77, 0.0000, 140, 104, 60
L -465.54, 378.77, 0.0000, -474.00, 234.69, 0.0000, 140, 104, 60
L -474.00, 234.69, 0.0000, -460.08, 90.62, 0.0000, 140, 104, 60
L -460.08, 90.62, 0.0000, -474.00, -53.46, 0.0000, 140, 104, 60
L -474.00, -53.46, 0.0000, -463.65, -197.54, 0.0000, 140, 104, 60
L -463.65, -197.54, 0.0000, -474.00, -341.62, 0.0000, 140, 104, 60
L -474.00, -341.62, 0.0000, -467.30, -485.69, 0.0000, 140, 104, 60
L -467.30, -485.69, 0.0000, -474.00, -629.77, 0.0000, 140, 104, 60
L -474.00, -629.77, 0.0000, -460.55, -773.85, 0.0000, 140, 104, 60
L -460.55, -773.85, 0.0000, -474.00, -917.92, 0.0000, 140, 104, 60
L -474.00, -917.92, 0.0000, -466.68, -1062.00, 0.0000, 140, 104, 60
L -434.00, -1038.00, 0.0000, -442.00, -1025.20, 0.0000, 90, 60, 34
L -442.00, -1025.20, 0.0000, -440.40, -1010.80, 0.0000, 90, 60, 34
L -440.40, -1010.80, 0.0000, -434.00, -1006.00, 0.0000, 90, 60, 34
L -434.00, -1006.00, 0.0000, -427.60, -1010.80, 0.0000, 90, 60, 34
L -427.60, -1010.80, 0.0000, -426.00, -1025.20, 0.0000, 90, 60, 34
L -426.00, -1025.20, 0.0000, -434.00, -1038.00, 0.0000, 90, 60, 34
L -440.40, -1028.40, 0.0000, -434.00, -1024.40, 0.0000, 90, 60, 34
L -427.60, -1028.40, 0.0000, -434.00, -1024.40, 0.0000, 90, 60, 34
L -440.40, -1022.00, 0.0000, -434.00, -1018.00, 0.0000, 90, 60, 34
L -427.60, -1022.00, 0.0000, -434.00, -1018.00, 0.0000, 90, 60, 34
L -440.40, -1015.60, 0.0000, -434.00, -1011.60, 0.0000, 90, 60, 34
L -427.60, -1015.60, 0.0000, -434.00, -1011.60, 0.0000, 90, 60, 34
L 868.00, -1038.00, 0.0000, 860.00, -1025.20, 0.0000, 90, 60, 34
L 860.00, -1025.20, 0.0000, 861.60, -1010.80, 0.0000, 90, 60, 34
L 861.60, -1010.80, 0.0000, 868.00, -1006.00, 0.0000, 90, 60, 34
L 868.00, -1006.00, 0.0000, 874.40, -1010.80, 0.0000, 90, 60, 34
L 874.40, -1010.80, 0.0000, 876.00, -1025.20, 0.0000, 90, 60, 34
L 876.00, -1025.20, 0.0000, 868.00, -1038.00, 0.0000, 90, 60, 34
L 861.60, -1028.40, 0.0000, 868.00, -1024.40, 0.0000, 90, 60, 34
L 874.40, -1028.40, 0.0000, 868.00, -1024.40, 0.0000, 90, 60, 34
L 861.60, -1022.00, 0.0000, 868.00, -1018.00, 0.0000, 90, 60, 34
L 874.40, -1022.00, 0.0000, 868.00, -1018.00, 0.0000, 90, 60, 34
L 861.60, -1015.60, 0.0000, 868.00, -1011.60, 0.0000, 90, 60, 34
L 874.40, -1015.60, 0.0000, 868.00, -1011.60, 0.0000, 90, 60, 34
L  -468.4600, 773.6120, 0.0000, -476.4600, 786.4120, 0.0000, 90, 60, 34
L  -476.4600, 786.4120, 0.0000, -474.8600, 800.8120, 0.0000, 90, 60, 34
L  -474.8600, 800.8120, 0.0000, -468.4600, 805.6120, 0.0000, 90, 60, 34
L  -468.4600, 805.6120, 0.0000, -462.0600, 800.8120, 0.0000, 90, 60, 34
L  -462.0600, 800.8120, 0.0000, -460.4600, 786.4120, 0.0000, 90, 60, 34
L  -460.4600, 786.4120, 0.0000, -468.4600, 773.6120, 0.0000, 90, 60, 34
L  -474.8600, 783.2120, 0.0000, -468.4600, 787.2120, 0.0000, 90, 60, 34
L  -462.0600, 783.2120, 0.0000, -468.4600, 787.2120, 0.0000, 90, 60, 34
L  -474.8600, 789.6120, 0.0000, -468.4600, 793.6120, 0.0000, 90, 60, 34
L  -462.0600, 789.6120, 0.0000, -468.4600, 793.6120, 0.0000, 90, 60, 34
L  -474.8600, 796.0120, 0.0000, -468.4600, 800.0120, 0.0000, 90, 60, 34
L  -462.0600, 796.0120, 0.0000, -468.4600, 800.0120, 0.0000, 90, 60, 34
L 868.00, 755.00, 0.0000, 860.00, 767.80, 0.0000, 90, 60, 34
L 860.00, 767.80, 0.0000, 861.60, 782.20, 0.0000, 90, 60, 34
L 861.60, 782.20, 0.0000, 868.00, 787.00, 0.0000, 90, 60, 34
L 868.00, 787.00, 0.0000, 874.40, 782.20, 0.0000, 90, 60, 34
L 874.40, 782.20, 0.0000, 876.00, 767.80, 0.0000, 90, 60, 34
L 876.00, 767.80, 0.0000, 868.00, 755.00, 0.0000, 90, 60, 34
L 861.60, 764.60, 0.0000, 868.00, 768.60, 0.0000, 90, 60, 34
L 874.40, 764.60, 0.0000, 868.00, 768.60, 0.0000, 90, 60, 34
L 861.60, 771.00, 0.0000, 868.00, 775.00, 0.0000, 90, 60, 34
L 874.40, 771.00, 0.0000, 868.00, 775.00, 0.0000, 90, 60, 34
L 861.60, 777.40, 0.0000, 868.00, 781.40, 0.0000, 90, 60, 34
L 874.40, 777.40, 0.0000, 868.00, 781.40, 0.0000, 90, 60, 34
L -282.07, -970.20, 0.0000, -292.46, -982.00, 0.0000, 90, 60, 34
L -274.07, -960.20, 0.0000, -284.46, -972.00, 0.0000, 150, 120, 80
L -292.46, -982.00, 0.0000, -323.61, -982.00, 0.0000, 90, 60, 34
L -284.46, -972.00, 0.0000, -315.61, -972.00, 0.0000, 150, 120, 80
L -323.61, -982.00, 0.0000, -334.00, -967.84, 0.0000, 90, 60, 34
L -315.61, -972.00, 0.0000, -326.00, -957.84, 0.0000, 150, 120, 80
L -334.00, -967.84, 0.0000, -334.00, -950.53, 0.0000, 90, 60, 34
L -326.00, -957.84, 0.0000, -326.00, -940.53, 0.0000, 150, 120, 80
L -334.00, -950.53, 0.0000, -323.61, -942.66, 0.0000, 90, 60, 34
L -326.00, -940.53, 0.0000, -315.61, -932.66, 0.0000, 150, 120, 80
L -323.61, -942.66, 0.0000, -292.46, -942.66, 0.0000, 90, 60, 34
L -315.61, -932.66, 0.0000, -284.46, -932.66, 0.0000, 150, 120, 80
L -292.46, -942.66, 0.0000, -282.07, -933.22, 0.0000, 90, 60, 34
L -284.46, -932.66, 0.0000, -274.07, -923.22, 0.0000, 150, 120, 80
L -282.07, -933.22, 0.0000, -282.07, -915.91, 0.0000, 90, 60, 34
L -274.07, -923.22, 0.0000, -274.07, -905.91, 0.0000, 150, 120, 80
L -282.07, -915.91, 0.0000, -292.46, -903.32, 0.0000, 90, 60, 34
L -274.07, -905.91, 0.0000, -284.46, -893.32, 0.0000, 150, 120, 80
L -292.46, -903.32, 0.0000, -323.61, -903.32, 0.0000, 90, 60, 34
L -284.46, -893.32, 0.0000, -315.61, -893.32, 0.0000, 150, 120, 80
L -323.61, -903.32, 0.0000, -334.00, -915.91, 0.0000, 90, 60, 34
L -315.61, -893.32, 0.0000, -326.00, -905.91, 0.0000, 150, 120, 80
L -253.23, -982.00, 0.0000, -253.23, -919.06, 0.0000, 90, 60, 34
L -245.23, -972.00, 0.0000, -245.23, -909.06, 0.0000, 150, 120, 80
L -253.23, -919.06, 0.0000, -242.84, -903.32, 0.0000, 90, 60, 34
L -245.23, -909.06, 0.0000, -234.84, -893.32, 0.0000, 150, 120, 80
L -242.84, -903.32, 0.0000, -211.68, -903.32, 0.0000, 90, 60, 34
L -234.84, -893.32, 0.0000, -203.68, -893.32, 0.0000, 150, 120, 80
L -211.68, -903.32, 0.0000, -201.30, -919.06, 0.0000, 90, 60, 34
L -203.68, -893.32, 0.0000, -193.30, -909.06, 0.0000, 150, 120, 80
L -201.30, -919.06, 0.0000, -201.30, -982.00, 0.0000, 90, 60, 34
L -193.30, -909.06, 0.0000, -193.30, -972.00, 0.0000, 150, 120, 80
L -172.45, -903.32, 0.0000, -172.45, -982.00, 0.0000, 90, 60, 34
L -164.45, -893.32, 0.0000, -164.45, -972.00, 0.0000, 150, 120, 80
L -172.45, -982.00, 0.0000, -136.10, -982.00, 0.0000, 90, 60, 34
L -164.45, -972.00, 0.0000, -128.10, -972.00, 0.0000, 150, 120, 80
L -136.10, -982.00, 0.0000, -123.12, -966.26, 0.0000, 90, 60, 34
L -128.10, -972.00, 0.0000, -115.12, -956.26, 0.0000, 150, 120, 80
L -123.12, -966.26, 0.0000, -136.10, -946.60, 0.0000, 90, 60, 34
L -115.12, -956.26, 0.0000, -128.10, -936.60, 0.0000, 150, 120, 80
L -136.10, -946.60, 0.0000, -172.45, -946.60, 0.0000, 90, 60, 34
L -128.10, -936.60, 0.0000, -164.45, -936.60, 0.0000, 150, 120, 80
L -154.28, -946.60, 0.0000, -120.52, -903.32, 0.0000, 90, 60, 34
L -146.28, -936.60, 0.0000, -112.52, -893.32, 0.0000, 150, 120, 80
L -39.75, -982.00, 0.0000, -91.68, -982.00, 0.0000, 90, 60, 34
L -31.75, -972.00, 0.0000, -83.68, -972.00, 0.0000, 150, 120, 80
L -91.68, -982.00, 0.0000, -91.68, -903.32, 0.0000, 90, 60, 34
L -83.68, -972.00, 0.0000, -83.68, -893.32, 0.0000, 150, 120, 80
L -91.68, -903.32, 0.0000, -39.75, -903.32, 0.0000, 90, 60, 34
L -83.68, -893.32, 0.0000, -31.75, -893.32, 0.0000, 150, 120, 80
L -91.68, -942.66, 0.0000, -55.33, -942.66, 0.0000, 90, 60, 34
L -83.68, -932.66, 0.0000, -47.33, -932.66, 0.0000, 150, 120, 80
L -10.90, -903.32, 0.0000, -10.90, -982.00, 0.0000, 90, 60, 34
L -2.90, -893.32, 0.0000, -2.90, -972.00, 0.0000, 150, 120, 80
L -10.90, -982.00, 0.0000, 41.03, -982.00, 0.0000, 90, 60, 34
L -2.90, -972.00, 0.0000, 49.03, -972.00, 0.0000, 150, 120, 80
L -10.90, -946.60, 0.0000, 25.45, -946.60, 0.0000, 90, 60, 34
L -2.90, -936.60, 0.0000, 33.45, -936.60, 0.0000, 150, 120, 80
L 69.87, -903.32, 0.0000, 95.84, -982.00, 0.0000, 90, 60, 34
L 77.87, -893.32, 0.0000, 103.84, -972.00, 0.0000, 150, 120, 80
L 95.84, -982.00, 0.0000, 121.80, -903.32, 0.0000, 90, 60, 34
L 103.84, -972.00, 0.0000, 129.80, -893.32, 0.0000, 150, 120, 80
L 82.86, -934.79, 0.0000, 108.82, -934.79, 0.0000, 90, 60, 34
L 90.86, -924.79, 0.0000, 116.82, -924.79, 0.0000, 150, 120, 80
L 150.65, -982.00, 0.0000, 150.65, -903.32, 0.0000, 90, 60, 34
L 158.65, -972.00, 0.0000, 158.65, -893.32, 0.0000, 150, 120, 80
L 150.65, -903.32, 0.0000, 192.19, -903.32, 0.0000, 90, 60, 34
L 158.65, -893.32, 0.0000, 200.19, -893.32, 0.0000, 150, 120, 80
L 231.42, -982.00, 0.0000, 231.42, -903.32, 0.0000, 90, 60, 34
L 239.42, -972.00, 0.0000, 239.42, -893.32, 0.0000, 150, 120, 80
L 231.42, -903.32, 0.0000, 272.97, -903.32, 0.0000, 90, 60, 34
L 239.42, -893.32, 0.0000, 280.97, -893.32, 0.0000, 150, 120, 80
L 442.30, -966.26, 0.0000, 429.32, -982.00, 0.0000, 90, 60, 34
L 450.30, -956.26, 0.0000, 437.32, -972.00, 0.0000, 150, 120, 80
L 429.32, -982.00, 0.0000, 405.96, -982.00, 0.0000, 90, 60, 34
L 437.32, -972.00, 0.0000, 413.96, -972.00, 0.0000, 150, 120, 80
L 405.96, -982.00, 0.0000, 392.97, -958.40, 0.0000, 90, 60, 34
L 413.96, -972.00, 0.0000, 400.97, -948.40, 0.0000, 150, 120, 80
L 392.97, -958.40, 0.0000, 392.97, -926.93, 0.0000, 90, 60, 34
L 400.97, -948.40, 0.0000, 400.97, -916.93, 0.0000, 150, 120, 80
L 392.97, -926.93, 0.0000, 405.96, -903.32, 0.0000, 90, 60, 34
L 400.97, -916.93, 0.0000, 413.96, -893.32, 0.0000, 150, 120, 80
L 405.96, -903.32, 0.0000, 429.32, -903.32, 0.0000, 90, 60, 34
L 413.96, -893.32, 0.0000, 437.32, -893.32, 0.0000, 150, 120, 80
L 429.32, -903.32, 0.0000, 442.30, -922.99, 0.0000, 90, 60, 34
L 437.32, -893.32, 0.0000, 450.30, -912.99, 0.0000, 150, 120, 80
L 442.30, -922.99, 0.0000, 442.30, -938.73, 0.0000, 90, 60, 34
L 450.30, -912.99, 0.0000, 450.30, -928.73, 0.0000, 150, 120, 80
L 442.30, -938.73, 0.0000, 424.13, -938.73, 0.0000, 90, 60, 34
L 450.30, -928.73, 0.0000, 432.13, -928.73, 0.0000, 150, 120, 80
L 473.75, -982.00, 0.0000, 473.75, -903.32, 0.0000, 90, 60, 34
L 481.75, -972.00, 0.0000, 481.75, -893.32, 0.0000, 150, 120, 80
L 473.75, -903.32, 0.0000, 515.29, -903.32, 0.0000, 90, 60, 34
L 481.75, -893.32, 0.0000, 523.29, -893.32, 0.0000, 150, 120, 80
L 554.52, -903.32, 0.0000, 580.49, -982.00, 0.0000, 90, 60, 34
L 562.52, -893.32, 0.0000, 588.49, -972.00, 0.0000, 150, 120, 80
L 580.49, -982.00, 0.0000, 606.45, -903.32, 0.0000, 90, 60, 34
L 588.49, -972.00, 0.0000, 614.45, -893.32, 0.0000, 150, 120, 80
L 567.51, -934.79, 0.0000, 593.47, -934.79, 0.0000, 90, 60, 34
L 575.51, -924.79, 0.0000, 601.47, -924.79, 0.0000, 150, 120, 80
L 635.30, -903.32, 0.0000, 635.30, -982.00, 0.0000, 90, 60, 34
L 643.30, -893.32, 0.0000, 643.30, -972.00, 0.0000, 150, 120, 80
L 635.30, -982.00, 0.0000, 666.45, -982.00, 0.0000, 90, 60, 34
L 643.30, -972.00, 0.0000, 674.45, -972.00, 0.0000, 150, 120, 80
L 666.45, -982.00, 0.0000, 684.63, -958.40, 0.0000, 90, 60, 34
L 674.45, -972.00, 0.0000, 692.63, -948.40, 0.0000, 150, 120, 80
L 684.63, -958.40, 0.0000, 684.63, -926.93, 0.0000, 90, 60, 34
L 692.63, -948.40, 0.0000, 692.63, -916.93, 0.0000, 150, 120, 80
L 684.63, -926.93, 0.0000, 666.45, -903.32, 0.0000, 90, 60, 34
L 692.63, -916.93, 0.0000, 674.45, -893.32, 0.0000, 150, 120, 80
L 666.45, -903.32, 0.0000, 635.30, -903.32, 0.0000, 90, 60, 34
L 674.45, -893.32, 0.0000, 643.30, -893.32, 0.0000, 150, 120, 80
L 768.00, -982.00, 0.0000, 716.07, -982.00, 0.0000, 90, 60, 34
L 776.00, -972.00, 0.0000, 724.07, -972.00, 0.0000, 150, 120, 80
L 716.07, -982.00, 0.0000, 716.07, -903.32, 0.0000, 90, 60, 34
L 724.07, -972.00, 0.0000, 724.07, -893.32, 0.0000, 150, 120, 80
L 716.07, -903.32, 0.0000, 768.00, -903.32, 0.0000, 90, 60, 34
L 724.07, -893.32, 0.0000, 776.00, -893.32, 0.0000, 150, 120, 80
L 716.07, -942.66, 0.0000, 752.42, -942.66, 0.0000, 90, 60, 34
L 724.07, -932.66, 0.0000, 760.42, -932.66, 0.0000, 150, 120, 80
L -364.00, -857.32, 0.0000, 798.00, -857.32, 0.0000, 150, 120, 80
L -364.00, -1024.00, 0.0000, 798.00, -1024.00, 0.0000, 150, 120, 80
L -434.00, -1036.00, 0.0000, 868.00, -1036.00, 0.0000, 90, 60, 34
L -410.46, -1037.34, 0.0000, -400.27, -1038.48, 0.0000, 70, 120, 55
L -400.27, -1038.48, 0.0000, -395.71, -1029.29, 0.0000, 70, 120, 55
L -395.71, -1029.29, 0.0000, -405.90, -1028.16, 0.0000, 70, 120, 55
L -405.90, -1028.16, 0.0000, -410.46, -1037.34, 0.0000, 70, 120, 55
L -410.46, -1037.34, 0.0000, -410.46, -1037.34, 0.0000, 70, 120, 55
L -410.46, -1037.34, 0.0000, -395.71, -1029.29, 0.0000, 70, 120, 55
L -406.77, -1035.33, 0.0000, -403.40, -1036.83, 0.0000, 70, 120, 55
L -406.77, -1035.33, 0.0000, -406.22, -1031.67, 0.0000, 70, 120, 55
L -403.09, -1033.32, 0.0000, -400.05, -1034.21, 0.0000, 70, 120, 55
L -403.09, -1033.32, 0.0000, -402.19, -1030.28, 0.0000, 70, 120, 55
L -400.14, -1031.70, 0.0000, -397.37, -1032.10, 0.0000, 70, 120, 55
L -400.14, -1031.70, 0.0000, -398.98, -1029.16, 0.0000, 70, 120, 55
L -408.00, -1036.00, 0.0000, -408.00, -1044.00, 0.0000, 90, 60, 34
L -358.46, -1034.66, 0.0000, -353.90, -1043.84, 0.0000, 70, 120, 55
L -353.90, -1043.84, 0.0000, -343.71, -1042.71, 0.0000, 70, 120, 55
L -343.71, -1042.71, 0.0000, -348.27, -1033.52, 0.0000, 70, 120, 55
L -348.27, -1033.52, 0.0000, -358.46, -1034.66, 0.0000, 70, 120, 55
L -358.46, -1034.66, 0.0000, -358.46, -1034.66, 0.0000, 70, 120, 55
L -358.46, -1034.66, 0.0000, -343.71, -1042.71, 0.0000, 70, 120, 55
L -354.77, -1036.67, 0.0000, -354.22, -1040.33, 0.0000, 70, 120, 55
L -354.77, -1036.67, 0.0000, -351.40, -1035.17, 0.0000, 70, 120, 55
L -351.09, -1038.68, 0.0000, -350.19, -1041.72, 0.0000, 70, 120, 55
L -351.09, -1038.68, 0.0000, -348.05, -1037.79, 0.0000, 70, 120, 55
L -348.14, -1040.30, 0.0000, -346.98, -1042.84, 0.0000, 70, 120, 55
L -348.14, -1040.30, 0.0000, -345.37, -1039.90, 0.0000, 70, 120, 55
L -356.00, -1036.00, 0.0000, -356.00, -1028.00, 0.0000, 90, 60, 34
L -306.46, -1037.34, 0.0000, -296.27, -1038.48, 0.0000, 70, 120, 55
L -296.27, -1038.48, 0.0000, -291.71, -1029.29, 0.0000, 70, 120, 55
L -291.71, -1029.29, 0.0000, -301.90, -1028.16, 0.0000, 70, 120, 55
L -301.90, -1028.16, 0.0000, -306.46, -1037.34, 0.0000, 70, 120, 55
L -306.46, -1037.34, 0.0000, -306.46, -1037.34, 0.0000, 70, 120, 55
L -306.46, -1037.34, 0.0000, -291.71, -1029.29, 0.0000, 70, 120, 55
L -302.77, -1035.33, 0.0000, -299.40, -1036.83, 0.0000, 70, 120, 55
L -302.77, -1035.33, 0.0000, -302.22, -1031.67, 0.0000, 70, 120, 55
L -299.09, -1033.32, 0.0000, -296.05, -1034.21, 0.0000, 70, 120, 55
L -299.09, -1033.32, 0.0000, -298.19, -1030.28, 0.0000, 70, 120, 55
L -296.14, -1031.70, 0.0000, -293.37, -1032.10, 0.0000, 70, 120, 55
L -296.14, -1031.70, 0.0000, -294.98, -1029.16, 0.0000, 70, 120, 55
L -304.00, -1036.00, 0.0000, -304.00, -1044.00, 0.0000, 90, 60, 34
L -254.46, -1034.66, 0.0000, -249.90, -1043.84, 0.0000, 70, 120, 55
L -249.90, -1043.84, 0.0000, -239.71, -1042.71, 0.0000, 70, 120, 55
L -239.71, -1042.71, 0.0000, -244.27, -1033.52, 0.0000, 70, 120, 55
L -244.27, -1033.52, 0.0000, -254.46, -1034.66, 0.0000, 70, 120, 55
L -254.46, -1034.66, 0.0000, -254.46, -1034.66, 0.0000, 70, 120, 55
L -254.46, -1034.66, 0.0000, -239.71, -1042.71, 0.0000, 70, 120, 55
L -250.77, -1036.67, 0.0000, -250.22, -1040.33, 0.0000, 70, 120, 55
L -250.77, -1036.67, 0.0000, -247.40, -1035.17, 0.0000, 70, 120, 55
L -247.09, -1038.68, 0.0000, -246.19, -1041.72, 0.0000, 70, 120, 55
L -247.09, -1038.68, 0.0000, -244.05, -1037.79, 0.0000, 70, 120, 55
L -244.14, -1040.30, 0.0000, -242.98, -1042.84, 0.0000, 70, 120, 55
L -244.14, -1040.30, 0.0000, -241.37, -1039.90, 0.0000, 70, 120, 55
L -252.00, -1036.00, 0.0000, -252.00, -1028.00, 0.0000, 90, 60, 34
L -202.46, -1037.34, 0.0000, -192.27, -1038.48, 0.0000, 70, 120, 55
L -192.27, -1038.48, 0.0000, -187.71, -1029.29, 0.0000, 70, 120, 55
L -187.71, -1029.29, 0.0000, -197.90, -1028.16, 0.0000, 70, 120, 55
L -197.90, -1028.16, 0.0000, -202.46, -1037.34, 0.0000, 70, 120, 55
L -202.46, -1037.34, 0.0000, -202.46, -1037.34, 0.0000, 70, 120, 55
L -202.46, -1037.34, 0.0000, -187.71, -1029.29, 0.0000, 70, 120, 55
L -198.77, -1035.33, 0.0000, -195.40, -1036.83, 0.0000, 70, 120, 55
L -198.77, -1035.33, 0.0000, -198.22, -1031.67, 0.0000, 70, 120, 55
L -195.09, -1033.32, 0.0000, -192.05, -1034.21, 0.0000, 70, 120, 55
L -195.09, -1033.32, 0.0000, -194.19, -1030.28, 0.0000, 70, 120, 55
L -192.14, -1031.70, 0.0000, -189.37, -1032.10, 0.0000, 70, 120, 55
L -192.14, -1031.70, 0.0000, -190.98, -1029.16, 0.0000, 70, 120, 55
L -200.00, -1036.00, 0.0000, -200.00, -1044.00, 0.0000, 90, 60, 34
L -150.46, -1034.66, 0.0000, -145.90, -1043.84, 0.0000, 70, 120, 55
L -145.90, -1043.84, 0.0000, -135.71, -1042.71, 0.0000, 70, 120, 55
L -135.71, -1042.71, 0.0000, -140.27, -1033.52, 0.0000, 70, 120, 55
L -140.27, -1033.52, 0.0000, -150.46, -1034.66, 0.0000, 70, 120, 55
L -150.46, -1034.66, 0.0000, -150.46, -1034.66, 0.0000, 70, 120, 55
L -150.46, -1034.66, 0.0000, -135.71, -1042.71, 0.0000, 70, 120, 55
L -146.77, -1036.67, 0.0000, -146.22, -1040.33, 0.0000, 70, 120, 55
L -146.77, -1036.67, 0.0000, -143.40, -1035.17, 0.0000, 70, 120, 55
L -143.09, -1038.68, 0.0000, -142.19, -1041.72, 0.0000, 70, 120, 55
L -143.09, -1038.68, 0.0000, -140.05, -1037.79, 0.0000, 70, 120, 55
L -140.14, -1040.30, 0.0000, -138.98, -1042.84, 0.0000, 70, 120, 55
L -140.14, -1040.30, 0.0000, -137.37, -1039.90, 0.0000, 70, 120, 55
L -148.00, -1036.00, 0.0000, -148.00, -1028.00, 0.0000, 90, 60, 34
L -98.46, -1037.34, 0.0000, -88.27, -1038.48, 0.0000, 70, 120, 55
L -88.27, -1038.48, 0.0000, -83.71, -1029.29, 0.0000, 70, 120, 55
L -83.71, -1029.29, 0.0000, -93.90, -1028.16, 0.0000, 70, 120, 55
L -93.90, -1028.16, 0.0000, -98.46, -1037.34, 0.0000, 70, 120, 55
L -98.46, -1037.34, 0.0000, -98.46, -1037.34, 0.0000, 70, 120, 55
L -98.46, -1037.34, 0.0000, -83.71, -1029.29, 0.0000, 70, 120, 55
L -94.77, -1035.33, 0.0000, -91.40, -1036.83, 0.0000, 70, 120, 55
L -94.77, -1035.33, 0.0000, -94.22, -1031.67, 0.0000, 70, 120, 55
L -91.09, -1033.32, 0.0000, -88.05, -1034.21, 0.0000, 70, 120, 55
L -91.09, -1033.32, 0.0000, -90.19, -1030.28, 0.0000, 70, 120, 55
L -88.14, -1031.70, 0.0000, -85.37, -1032.10, 0.0000, 70, 120, 55
L -88.14, -1031.70, 0.0000, -86.98, -1029.16, 0.0000, 70, 120, 55
L -96.00, -1036.00, 0.0000, -96.00, -1044.00, 0.0000, 90, 60, 34
L -46.46, -1034.66, 0.0000, -41.90, -1043.84, 0.0000, 70, 120, 55
L -41.90, -1043.84, 0.0000, -31.71, -1042.71, 0.0000, 70, 120, 55
L -31.71, -1042.71, 0.0000, -36.27, -1033.52, 0.0000, 70, 120, 55
L -36.27, -1033.52, 0.0000, -46.46, -1034.66, 0.0000, 70, 120, 55
L -46.46, -1034.66, 0.0000, -46.46, -1034.66, 0.0000, 70, 120, 55
L -46.46, -1034.66, 0.0000, -31.71, -1042.71, 0.0000, 70, 120, 55
L -42.77, -1036.67, 0.0000, -42.22, -1040.33, 0.0000, 70, 120, 55
L -42.77, -1036.67, 0.0000, -39.40, -1035.17, 0.0000, 70, 120, 55
L -39.09, -1038.68, 0.0000, -38.19, -1041.72, 0.0000, 70, 120, 55
L -39.09, -1038.68, 0.0000, -36.05, -1037.79, 0.0000, 70, 120, 55
L -36.14, -1040.30, 0.0000, -34.98, -1042.84, 0.0000, 70, 120, 55
L -36.14, -1040.30, 0.0000, -33.37, -1039.90, 0.0000, 70, 120, 55
L -44.00, -1036.00, 0.0000, -44.00, -1028.00, 0.0000, 90, 60, 34
L 5.54, -1037.34, 0.0000, 15.73, -1038.48, 0.0000, 70, 120, 55
L 15.73, -1038.48, 0.0000, 20.29, -1029.29, 0.0000, 70, 120, 55
L 20.29, -1029.29, 0.0000, 10.10, -1028.16, 0.0000, 70, 120, 55
L 10.10, -1028.16, 0.0000, 5.54, -1037.34, 0.0000, 70, 120, 55
L 5.54, -1037.34, 0.0000, 5.54, -1037.34, 0.0000, 70, 120, 55
L 5.54, -1037.34, 0.0000, 20.29, -1029.29, 0.0000, 70, 120, 55
L 9.23, -1035.33, 0.0000, 12.60, -1036.83, 0.0000, 70, 120, 55
L 9.23, -1035.33, 0.0000, 9.78, -1031.67, 0.0000, 70, 120, 55
L 12.91, -1033.32, 0.0000, 15.95, -1034.21, 0.0000, 70, 120, 55
L 12.91, -1033.32, 0.0000, 13.81, -1030.28, 0.0000, 70, 120, 55
L 15.86, -1031.70, 0.0000, 18.63, -1032.10, 0.0000, 70, 120, 55
L 15.86, -1031.70, 0.0000, 17.02, -1029.16, 0.0000, 70, 120, 55
L 8.00, -1036.00, 0.0000, 8.00, -1044.00, 0.0000, 90, 60, 34
L 57.54, -1034.66, 0.0000, 62.10, -1043.84, 0.0000, 70, 120, 55
L 62.10, -1043.84, 0.0000, 72.29, -1042.71, 0.0000, 70, 120, 55
L 72.29, -1042.71, 0.0000, 67.73, -1033.52, 0.0000, 70, 120, 55
L 67.73, -1033.52, 0.0000, 57.54, -1034.66, 0.0000, 70, 120, 55
L 57.54, -1034.66, 0.0000, 57.54, -1034.66, 0.0000, 70, 120, 55
L 57.54, -1034.66, 0.0000, 72.29, -1042.71, 0.0000, 70, 120, 55
L 61.23, -1036.67, 0.0000, 61.78, -1040.33, 0.0000, 70, 120, 55
L 61.23, -1036.67, 0.0000, 64.60, -1035.17, 0.0000, 70, 120, 55
L 64.91, -1038.68, 0.0000, 65.81, -1041.72, 0.0000, 70, 120, 55
L 64.91, -1038.68, 0.0000, 67.95, -1037.79, 0.0000, 70, 120, 55
L 67.86, -1040.30, 0.0000, 69.02, -1042.84, 0.0000, 70, 120, 55
L 67.86, -1040.30, 0.0000, 70.63, -1039.90, 0.0000, 70, 120, 55
L 60.00, -1036.00, 0.0000, 60.00, -1028.00, 0.0000, 90, 60, 34
L 109.54, -1037.34, 0.0000, 119.73, -1038.48, 0.0000, 70, 120, 55
L 119.73, -1038.48, 0.0000, 124.29, -1029.29, 0.0000, 70, 120, 55
L 124.29, -1029.29, 0.0000, 114.10, -1028.16, 0.0000, 70, 120, 55
L 114.10, -1028.16, 0.0000, 109.54, -1037.34, 0.0000, 70, 120, 55
L 109.54, -1037.34, 0.0000, 109.54, -1037.34, 0.0000, 70, 120, 55
L 109.54, -1037.34, 0.0000, 124.29, -1029.29, 0.0000, 70, 120, 55
L 113.23, -1035.33, 0.0000, 116.60, -1036.83, 0.0000, 70, 120, 55
L 113.23, -1035.33, 0.0000, 113.78, -1031.67, 0.0000, 70, 120, 55
L 116.91, -1033.32, 0.0000, 119.95, -1034.21, 0.0000, 70, 120, 55
L 116.91, -1033.32, 0.0000, 117.81, -1030.28, 0.0000, 70, 120, 55
L 119.86, -1031.70, 0.0000, 122.63, -1032.10, 0.0000, 70, 120, 55
L 119.86, -1031.70, 0.0000, 121.02, -1029.16, 0.0000, 70, 120, 55
L 112.00, -1036.00, 0.0000, 112.00, -1044.00, 0.0000, 90, 60, 34
L 161.54, -1034.66, 0.0000, 166.10, -1043.84, 0.0000, 70, 120, 55
L 166.10, -1043.84, 0.0000, 176.29, -1042.71, 0.0000, 70, 120, 55
L 176.29, -1042.71, 0.0000, 171.73, -1033.52, 0.0000, 70, 120, 55
L 171.73, -1033.52, 0.0000, 161.54, -1034.66, 0.0000, 70, 120, 55
L 161.54, -1034.66, 0.0000, 161.54, -1034.66, 0.0000, 70, 120, 55
L 161.54, -1034.66, 0.0000, 176.29, -1042.71, 0.0000, 70, 120, 55
L 165.23, -1036.67, 0.0000, 165.78, -1040.33, 0.0000, 70, 120, 55
L 165.23, -1036.67, 0.0000, 168.60, -1035.17, 0.0000, 70, 120, 55
L 168.91, -1038.68, 0.0000, 169.81, -1041.72, 0.0000, 70, 120, 55
L 168.91, -1038.68, 0.0000, 171.95, -1037.79, 0.0000, 70, 120, 55
L 171.86, -1040.30, 0.0000, 173.02, -1042.84, 0.0000, 70, 120, 55
L 171.86, -1040.30, 0.0000, 174.63, -1039.90, 0.0000, 70, 120, 55
L 164.00, -1036.00, 0.0000, 164.00, -1028.00, 0.0000, 90, 60, 34
L 213.54, -1037.34, 0.0000, 223.73, -1038.48, 0.0000, 70, 120, 55
L 223.73, -1038.48, 0.0000, 228.29, -1029.29, 0.0000, 70, 120, 55
L 228.29, -1029.29, 0.0000, 218.10, -1028.16, 0.0000, 70, 120, 55
L 218.10, -1028.16, 0.0000, 213.54, -1037.34, 0.0000, 70, 120, 55
L 213.54, -1037.34, 0.0000, 213.54, -1037.34, 0.0000, 70, 120, 55
L 213.54, -1037.34, 0.0000, 228.29, -1029.29, 0.0000, 70, 120, 55
L 217.23, -1035.33, 0.0000, 220.60, -1036.83, 0.0000, 70, 120, 55
L 217.23, -1035.33, 0.0000, 217.78, -1031.67, 0.0000, 70, 120, 55
L 220.91, -1033.32, 0.0000, 223.95, -1034.21, 0.0000, 70, 120, 55
L 220.91, -1033.32, 0.0000, 221.81, -1030.28, 0.0000, 70, 120, 55
L 223.86, -1031.70, 0.0000, 226.63, -1032.10, 0.0000, 70, 120, 55
L 223.86, -1031.70, 0.0000, 225.02, -1029.16, 0.0000, 70, 120, 55
L 216.00, -1036.00, 0.0000, 216.00, -1044.00, 0.0000, 90, 60, 34
L 265.54, -1034.66, 0.0000, 270.10, -1043.84, 0.0000, 70, 120, 55
L 270.10, -1043.84, 0.0000, 280.29, -1042.71, 0.0000, 70, 120, 55
L 280.29, -1042.71, 0.0000, 275.73, -1033.52, 0.0000, 70, 120, 55
L 275.73, -1033.52, 0.0000, 265.54, -1034.66, 0.0000, 70, 120, 55
L 265.54, -1034.66, 0.0000, 265.54, -1034.66, 0.0000, 70, 120, 55
L 265.54, -1034.66, 0.0000, 280.29, -1042.71, 0.0000, 70, 120, 55
L 269.23, -1036.67, 0.0000, 269.78, -1040.33, 0.0000, 70, 120, 55
L 269.23, -1036.67, 0.0000, 272.60, -1035.17, 0.0000, 70, 120, 55
L 272.91, -1038.68, 0.0000, 273.81, -1041.72, 0.0000, 70, 120, 55
L 272.91, -1038.68, 0.0000, 275.95, -1037.79, 0.0000, 70, 120, 55
L 275.86, -1040.30, 0.0000, 277.02, -1042.84, 0.0000, 70, 120, 55
L 275.86, -1040.30, 0.0000, 278.63, -1039.90, 0.0000, 70, 120, 55
L 268.00, -1036.00, 0.0000, 268.00, -1028.00, 0.0000, 90, 60, 34
L 317.54, -1037.34, 0.0000, 327.73, -1038.48, 0.0000, 70, 120, 55
L 327.73, -1038.48, 0.0000, 332.29, -1029.29, 0.0000, 70, 120, 55
L 332.29, -1029.29, 0.0000, 322.10, -1028.16, 0.0000, 70, 120, 55
L 322.10, -1028.16, 0.0000, 317.54, -1037.34, 0.0000, 70, 120, 55
L 317.54, -1037.34, 0.0000, 317.54, -1037.34, 0.0000, 70, 120, 55
L 317.54, -1037.34, 0.0000, 332.29, -1029.29, 0.0000, 70, 120, 55
L 321.23, -1035.33, 0.0000, 324.60, -1036.83, 0.0000, 70, 120, 55
L 321.23, -1035.33, 0.0000, 321.78, -1031.67, 0.0000, 70, 120, 55
L 324.91, -1033.32, 0.0000, 327.95, -1034.21, 0.0000, 70, 120, 55
L 324.91, -1033.32, 0.0000, 325.81, -1030.28, 0.0000, 70, 120, 55
L 327.86, -1031.70, 0.0000, 330.63, -1032.10, 0.0000, 70, 120, 55
L 327.86, -1031.70, 0.0000, 329.02, -1029.16, 0.0000, 70, 120, 55
L 320.00, -1036.00, 0.0000, 320.00, -1044.00, 0.0000, 90, 60, 34
L 369.54, -1034.66, 0.0000, 374.10, -1043.84, 0.0000, 70, 120, 55
L 374.10, -1043.84, 0.0000, 384.29, -1042.71, 0.0000, 70, 120, 55
L 384.29, -1042.71, 0.0000, 379.73, -1033.52, 0.0000, 70, 120, 55
L 379.73, -1033.52, 0.0000, 369.54, -1034.66, 0.0000, 70, 120, 55
L 369.54, -1034.66, 0.0000, 369.54, -1034.66, 0.0000, 70, 120, 55
L 369.54, -1034.66, 0.0000, 384.29, -1042.71, 0.0000, 70, 120, 55
L 373.23, -1036.67, 0.0000, 373.78, -1040.33, 0.0000, 70, 120, 55
L 373.23, -1036.67, 0.0000, 376.60, -1035.17, 0.0000, 70, 120, 55
L 376.91, -1038.68, 0.0000, 377.81, -1041.72, 0.0000, 70, 120, 55
L 376.91, -1038.68, 0.0000, 379.95, -1037.79, 0.0000, 70, 120, 55
L 379.86, -1040.30, 0.0000, 381.02, -1042.84, 0.0000, 70, 120, 55
L 379.86, -1040.30, 0.0000, 382.63, -1039.90, 0.0000, 70, 120, 55
L 372.00, -1036.00, 0.0000, 372.00, -1028.00, 0.0000, 90, 60, 34
L 421.54, -1037.34, 0.0000, 431.73, -1038.48, 0.0000, 70, 120, 55
L 431.73, -1038.48, 0.0000, 436.29, -1029.29, 0.0000, 70, 120, 55
L 436.29, -1029.29, 0.0000, 426.10, -1028.16, 0.0000, 70, 120, 55
L 426.10, -1028.16, 0.0000, 421.54, -1037.34, 0.0000, 70, 120, 55
L 421.54, -1037.34, 0.0000, 421.54, -1037.34, 0.0000, 70, 120, 55
L 421.54, -1037.34, 0.0000, 436.29, -1029.29, 0.0000, 70, 120, 55
L 425.23, -1035.33, 0.0000, 428.60, -1036.83, 0.0000, 70, 120, 55
L 425.23, -1035.33, 0.0000, 425.78, -1031.67, 0.0000, 70, 120, 55
L 428.91, -1033.32, 0.0000, 431.95, -1034.21, 0.0000, 70, 120, 55
L 428.91, -1033.32, 0.0000, 429.81, -1030.28, 0.0000, 70, 120, 55
L 431.86, -1031.70, 0.0000, 434.63, -1032.10, 0.0000, 70, 120, 55
L 431.86, -1031.70, 0.0000, 433.02, -1029.16, 0.0000, 70, 120, 55
L 424.00, -1036.00, 0.0000, 424.00, -1044.00, 0.0000, 90, 60, 34
L 473.54, -1034.66, 0.0000, 478.10, -1043.84, 0.0000, 70, 120, 55
L 478.10, -1043.84, 0.0000, 488.29, -1042.71, 0.0000, 70, 120, 55
L 488.29, -1042.71, 0.0000, 483.73, -1033.52, 0.0000, 70, 120, 55
L 483.73, -1033.52, 0.0000, 473.54, -1034.66, 0.0000, 70, 120, 55
L 473.54, -1034.66, 0.0000, 473.54, -1034.66, 0.0000, 70, 120, 55
L 473.54, -1034.66, 0.0000, 488.29, -1042.71, 0.0000, 70, 120, 55
L 477.23, -1036.67, 0.0000, 477.78, -1040.33, 0.0000, 70, 120, 55
L 477.23, -1036.67, 0.0000, 480.60, -1035.17, 0.0000, 70, 120, 55
L 480.91, -1038.68, 0.0000, 481.81, -1041.72, 0.0000, 70, 120, 55
L 480.91, -1038.68, 0.0000, 483.95, -1037.79, 0.0000, 70, 120, 55
L 483.86, -1040.30, 0.0000, 485.02, -1042.84, 0.0000, 70, 120, 55
L 483.86, -1040.30, 0.0000, 486.63, -1039.90, 0.0000, 70, 120, 55
L 476.00, -1036.00, 0.0000, 476.00, -1028.00, 0.0000, 90, 60, 34
L 525.54, -1037.34, 0.0000, 535.73, -1038.48, 0.0000, 70, 120, 55
L 535.73, -1038.48, 0.0000, 540.29, -1029.29, 0.0000, 70, 120, 55
L 540.29, -1029.29, 0.0000, 530.10, -1028.16, 0.0000, 70, 120, 55
L 530.10, -1028.16, 0.0000, 525.54, -1037.34, 0.0000, 70, 120, 55
L 525.54, -1037.34, 0.0000, 525.54, -1037.34, 0.0000, 70, 120, 55
L 525.54, -1037.34, 0.0000, 540.29, -1029.29, 0.0000, 70, 120, 55
L 529.23, -1035.33, 0.0000, 532.60, -1036.83, 0.0000, 70, 120, 55
L 529.23, -1035.33, 0.0000, 529.78, -1031.67, 0.0000, 70, 120, 55
L 532.91, -1033.32, 0.0000, 535.95, -1034.21, 0.0000, 70, 120, 55
L 532.91, -1033.32, 0.0000, 533.81, -1030.28, 0.0000, 70, 120, 55
L 535.86, -1031.70, 0.0000, 538.63, -1032.10, 0.0000, 70, 120, 55
L 535.86, -1031.70, 0.0000, 537.02, -1029.16, 0.0000, 70, 120, 55
L 528.00, -1036.00, 0.0000, 528.00, -1044.00, 0.0000, 90, 60, 34
L 577.54, -1034.66, 0.0000, 582.10, -1043.84, 0.0000, 70, 120, 55
L 582.10, -1043.84, 0.0000, 592.29, -1042.71, 0.0000, 70, 120, 55
L 592.29, -1042.71, 0.0000, 587.73, -1033.52, 0.0000, 70, 120, 55
L 587.73, -1033.52, 0.0000, 577.54, -1034.66, 0.0000, 70, 120, 55
L 577.54, -1034.66, 0.0000, 577.54, -1034.66, 0.0000, 70, 120, 55
L 577.54, -1034.66, 0.0000, 592.29, -1042.71, 0.0000, 70, 120, 55
L 581.23, -1036.67, 0.0000, 581.78, -1040.33, 0.0000, 70, 120, 55
L 581.23, -1036.67, 0.0000, 584.60, -1035.17, 0.0000, 70, 120, 55
L 584.91, -1038.68, 0.0000, 585.81, -1041.72, 0.0000, 70, 120, 55
L 584.91, -1038.68, 0.0000, 587.95, -1037.79, 0.0000, 70, 120, 55
L 587.86, -1040.30, 0.0000, 589.02, -1042.84, 0.0000, 70, 120, 55
L 587.86, -1040.30, 0.0000, 590.63, -1039.90, 0.0000, 70, 120, 55
L 580.00, -1036.00, 0.0000, 580.00, -1028.00, 0.0000, 90, 60, 34
L 629.54, -1037.34, 0.0000, 639.73, -1038.48, 0.0000, 70, 120, 55
L 639.73, -1038.48, 0.0000, 644.29, -1029.29, 0.0000, 70, 120, 55
L 644.29, -1029.29, 0.0000, 634.10, -1028.16, 0.0000, 70, 120, 55
L 634.10, -1028.16, 0.0000, 629.54, -1037.34, 0.0000, 70, 120, 55
L 629.54, -1037.34, 0.0000, 629.54, -1037.34, 0.0000, 70, 120, 55
L 629.54, -1037.34, 0.0000, 644.29, -1029.29, 0.0000, 70, 120, 55
L 633.23, -1035.33, 0.0000, 636.60, -1036.83, 0.0000, 70, 120, 55
L 633.23, -1035.33, 0.0000, 633.78, -1031.67, 0.0000, 70, 120, 55
L 636.91, -1033.32, 0.0000, 639.95, -1034.21, 0.0000, 70, 120, 55
L 636.91, -1033.32, 0.0000, 637.81, -1030.28, 0.0000, 70, 120, 55
L 639.86, -1031.70, 0.0000, 642.63, -1032.10, 0.0000, 70, 120, 55
L 639.86, -1031.70, 0.0000, 641.02, -1029.16, 0.0000, 70, 120, 55
L 632.00, -1036.00, 0.0000, 632.00, -1044.00, 0.0000, 90, 60, 34
L 681.54, -1034.66, 0.0000, 686.10, -1043.84, 0.0000, 70, 120, 55
L 686.10, -1043.84, 0.0000, 696.29, -1042.71, 0.0000, 70, 120, 55
L 696.29, -1042.71, 0.0000, 691.73, -1033.52, 0.0000, 70, 120, 55
L 691.73, -1033.52, 0.0000, 681.54, -1034.66, 0.0000, 70, 120, 55
L 681.54, -1034.66, 0.0000, 681.54, -1034.66, 0.0000, 70, 120, 55
L 681.54, -1034.66, 0.0000, 696.29, -1042.71, 0.0000, 70, 120, 55
L 685.23, -1036.67, 0.0000, 685.78, -1040.33, 0.0000, 70, 120, 55
L 685.23, -1036.67, 0.0000, 688.60, -1035.17, 0.0000, 70, 120, 55
L 688.91, -1038.68, 0.0000, 689.81, -1041.72, 0.0000, 70, 120, 55
L 688.91, -1038.68, 0.0000, 691.95, -1037.79, 0.0000, 70, 120, 55
L 691.86, -1040.30, 0.0000, 693.02, -1042.84, 0.0000, 70, 120, 55
L 691.86, -1040.30, 0.0000, 694.63, -1039.90, 0.0000, 70, 120, 55
L 684.00, -1036.00, 0.0000, 684.00, -1028.00, 0.0000, 90, 60, 34
L 733.54, -1037.34, 0.0000, 743.73, -1038.48, 0.0000, 70, 120, 55
L 743.73, -1038.48, 0.0000, 748.29, -1029.29, 0.0000, 70, 120, 55
L 748.29, -1029.29, 0.0000, 738.10, -1028.16, 0.0000, 70, 120, 55
L 738.10, -1028.16, 0.0000, 733.54, -1037.34, 0.0000, 70, 120, 55
L 733.54, -1037.34, 0.0000, 733.54, -1037.34, 0.0000, 70, 120, 55
L 733.54, -1037.34, 0.0000, 748.29, -1029.29, 0.0000, 70, 120, 55
L 737.23, -1035.33, 0.0000, 740.60, -1036.83, 0.0000, 70, 120, 55
L 737.23, -1035.33, 0.0000, 737.78, -1031.67, 0.0000, 70, 120, 55
L 740.91, -1033.32, 0.0000, 743.95, -1034.21, 0.0000, 70, 120, 55
L 740.91, -1033.32, 0.0000, 741.81, -1030.28, 0.0000, 70, 120, 55
L 743.86, -1031.70, 0.0000, 746.63, -1032.10, 0.0000, 70, 120, 55
L 743.86, -1031.70, 0.0000, 745.02, -1029.16, 0.0000, 70, 120, 55
L 736.00, -1036.00, 0.0000, 736.00, -1044.00, 0.0000, 90, 60, 34
L 785.54, -1034.66, 0.0000, 790.10, -1043.84, 0.0000, 70, 120, 55
L 790.10, -1043.84, 0.0000, 800.29, -1042.71, 0.0000, 70, 120, 55
L 800.29, -1042.71, 0.0000, 795.73, -1033.52, 0.0000, 70, 120, 55
L 795.73, -1033.52, 0.0000, 785.54, -1034.66, 0.0000, 70, 120, 55
L 785.54, -1034.66, 0.0000, 785.54, -1034.66, 0.0000, 70, 120, 55
L 785.54, -1034.66, 0.0000, 800.29, -1042.71, 0.0000, 70, 120, 55
L 789.23, -1036.67, 0.0000, 789.78, -1040.33, 0.0000, 70, 120, 55
L 789.23, -1036.67, 0.0000, 792.60, -1035.17, 0.0000, 70, 120, 55
L 792.91, -1038.68, 0.0000, 793.81, -1041.72, 0.0000, 70, 120, 55
L 792.91, -1038.68, 0.0000, 795.95, -1037.79, 0.0000, 70, 120, 55
L 795.86, -1040.30, 0.0000, 797.02, -1042.84, 0.0000, 70, 120, 55
L 795.86, -1040.30, 0.0000, 798.63, -1039.90, 0.0000, 70, 120, 55
L 788.00, -1036.00, 0.0000, 788.00, -1028.00, 0.0000, 90, 60, 34
L 837.54, -1037.34, 0.0000, 847.73, -1038.48, 0.0000, 70, 120, 55
L 847.73, -1038.48, 0.0000, 852.29, -1029.29, 0.0000, 70, 120, 55
L 852.29, -1029.29, 0.0000, 842.10, -1028.16, 0.0000, 70, 120, 55
L 842.10, -1028.16, 0.0000, 837.54, -1037.34, 0.0000, 70, 120, 55
L 837.54, -1037.34, 0.0000, 837.54, -1037.34, 0.0000, 70, 120, 55
L 837.54, -1037.34, 0.0000, 852.29, -1029.29, 0.0000, 70, 120, 55
L 841.23, -1035.33, 0.0000, 844.60, -1036.83, 0.0000, 70, 120, 55
L 841.23, -1035.33, 0.0000, 841.78, -1031.67, 0.0000, 70, 120, 55
L 844.91, -1033.32, 0.0000, 847.95, -1034.21, 0.0000, 70, 120, 55
L 844.91, -1033.32, 0.0000, 845.81, -1030.28, 0.0000, 70, 120, 55
L 847.86, -1031.70, 0.0000, 850.63, -1032.10, 0.0000, 70, 120, 55
L 847.86, -1031.70, 0.0000, 849.02, -1029.16, 0.0000, 70, 120, 55
L 840.00, -1036.00, 0.0000, 840.00, -1044.00, 0.0000, 90, 60, 34
L -434.00, 785.00, 0.0000, 868.00, 785.00, 0.0000, 90, 60, 34
L  -444.9200, 802.2720, 0.0000, -434.7300, 801.1320, 0.0000, 70, 120, 55
L  -434.7300, 801.1320, 0.0000, -430.1700, 810.3220, 0.0000, 70, 120, 55
L  -430.1700, 810.3220, 0.0000, -440.3600, 811.4520, 0.0000, 70, 120, 55
L  -440.3600, 811.4520, 0.0000, -444.9200, 802.2720, 0.0000, 70, 120, 55
L  -444.9200, 802.2720, 0.0000, -444.9200, 802.2720, 0.0000, 70, 120, 55
L  -444.9200, 802.2720, 0.0000, -430.1700, 810.3220, 0.0000, 70, 120, 55
L  -441.2300, 804.2820, 0.0000, -437.8600, 802.7820, 0.0000, 70, 120, 55
L  -441.2300, 804.2820, 0.0000, -440.6800, 807.9420, 0.0000, 70, 120, 55
L  -437.5500, 806.2920, 0.0000, -434.5100, 805.4020, 0.0000, 70, 120, 55
L  -437.5500, 806.2920, 0.0000, -436.6500, 809.3320, 0.0000, 70, 120, 55
L  -434.6000, 807.9120, 0.0000, -431.8300, 807.5120, 0.0000, 70, 120, 55
L  -434.6000, 807.9120, 0.0000, -433.4400, 810.4520, 0.0000, 70, 120, 55
L  -442.4600, 803.6120, 0.0000, -442.4600, 795.6120, 0.0000, 90, 60, 34
L  -392.9200, 804.9520, 0.0000, -388.3600, 795.7720, 0.0000, 70, 120, 55
L  -388.3600, 795.7720, 0.0000, -378.1700, 796.9020, 0.0000, 70, 120, 55
L  -378.1700, 796.9020, 0.0000, -382.7300, 806.0920, 0.0000, 70, 120, 55
L  -382.7300, 806.0920, 0.0000, -392.9200, 804.9520, 0.0000, 70, 120, 55
L  -392.9200, 804.9520, 0.0000, -392.9200, 804.9520, 0.0000, 70, 120, 55
L  -392.9200, 804.9520, 0.0000, -378.1700, 796.9020, 0.0000, 70, 120, 55
L  -389.2300, 802.9420, 0.0000, -388.6800, 799.2820, 0.0000, 70, 120, 55
L  -389.2300, 802.9420, 0.0000, -385.8600, 804.4420, 0.0000, 70, 120, 55
L  -385.5500, 800.9320, 0.0000, -384.6500, 797.8920, 0.0000, 70, 120, 55
L  -385.5500, 800.9320, 0.0000, -382.5100, 801.8220, 0.0000, 70, 120, 55
L  -382.6000, 799.3120, 0.0000, -381.4400, 796.7720, 0.0000, 70, 120, 55
L  -382.6000, 799.3120, 0.0000, -379.8300, 799.7120, 0.0000, 70, 120, 55
L  -390.4600, 803.6120, 0.0000, -390.4600, 811.6120, 0.0000, 90, 60, 34
L  -340.9200, 802.2720, 0.0000, -330.7300, 801.1320, 0.0000, 70, 120, 55
L -296.27, 782.52, 0.0000, -291.71, 791.71, 0.0000, 70, 120, 55
L -291.71, 791.71, 0.0000, -301.90, 792.84, 0.0000, 70, 120, 55
L  -336.3600, 811.4520, 0.0000, -340.9200, 802.2720, 0.0000, 70, 120, 55
L  -340.9200, 802.2720, 0.0000, -340.9200, 802.2720, 0.0000, 70, 120, 55
L -306.46, 783.66, 0.0000, -291.71, 791.71, 0.0000, 70, 120, 55
L  -337.2300, 804.2820, 0.0000, -333.8600, 802.7820, 0.0000, 70, 120, 55
L  -337.2300, 804.2820, 0.0000, -336.6800, 807.9420, 0.0000, 70, 120, 55
L  -333.5500, 806.2920, 0.0000, -330.5100, 805.4020, 0.0000, 70, 120, 55
L  -333.5500, 806.2920, 0.0000, -332.6500, 809.3320, 0.0000, 70, 120, 55
L -296.14, 789.30, 0.0000, -293.37, 788.90, 0.0000, 70, 120, 55
L -296.14, 789.30, 0.0000, -294.98, 791.84, 0.0000, 70, 120, 55
L  -338.4600, 803.6120, 0.0000, -338.4600, 795.6120, 0.0000, 90, 60, 34
L -254.46, 786.34, 0.0000, -249.90, 777.16, 0.0000, 70, 120, 55
L -249.90, 777.16, 0.0000, -239.71, 778.29, 0.0000, 70, 120, 55
L -239.71, 778.29, 0.0000, -244.27, 787.48, 0.0000, 70, 120, 55
L -244.27, 787.48, 0.0000, -254.46, 786.34, 0.0000, 70, 120, 55
L -254.46, 786.34, 0.0000, -254.46, 786.34, 0.0000, 70, 120, 55
L -254.46, 786.34, 0.0000, -239.71, 778.29, 0.0000, 70, 120, 55
L -250.77, 784.33, 0.0000, -250.22, 780.67, 0.0000, 70, 120, 55
L -250.77, 784.33, 0.0000, -247.40, 785.83, 0.0000, 70, 120, 55
L -247.09, 782.32, 0.0000, -246.19, 779.28, 0.0000, 70, 120, 55
L -247.09, 782.32, 0.0000, -244.05, 783.21, 0.0000, 70, 120, 55
L -244.14, 780.70, 0.0000, -242.98, 778.16, 0.0000, 70, 120, 55
L -244.14, 780.70, 0.0000, -241.37, 781.10, 0.0000, 70, 120, 55
L -252.00, 785.00, 0.0000, -252.00, 793.00, 0.0000, 90, 60, 34
L -202.46, 783.66, 0.0000, -192.27, 782.52, 0.0000, 70, 120, 55
L -192.27, 782.52, 0.0000, -187.71, 791.71, 0.0000, 70, 120, 55
L -187.71, 791.71, 0.0000, -197.90, 792.84, 0.0000, 70, 120, 55
L -197.90, 792.84, 0.0000, -202.46, 783.66, 0.0000, 70, 120, 55
L -202.46, 783.66, 0.0000, -202.46, 783.66, 0.0000, 70, 120, 55
L -202.46, 783.66, 0.0000, -187.71, 791.71, 0.0000, 70, 120, 55
L -198.77, 785.67, 0.0000, -195.40, 784.17, 0.0000, 70, 120, 55
L -198.77, 785.67, 0.0000, -198.22, 789.33, 0.0000, 70, 120, 55
L -195.09, 787.68, 0.0000, -192.05, 786.79, 0.0000, 70, 120, 55
L -195.09, 787.68, 0.0000, -194.19, 790.72, 0.0000, 70, 120, 55
L -192.14, 789.30, 0.0000, -189.37, 788.90, 0.0000, 70, 120, 55
L -192.14, 789.30, 0.0000, -190.98, 791.84, 0.0000, 70, 120, 55
L -200.00, 785.00, 0.0000, -200.00, 777.00, 0.0000, 90, 60, 34
L -150.46, 786.34, 0.0000, -145.90, 777.16, 0.0000, 70, 120, 55
L -145.90, 777.16, 0.0000, -135.71, 778.29, 0.0000, 70, 120, 55
L -135.71, 778.29, 0.0000, -140.27, 787.48, 0.0000, 70, 120, 55
L -140.27, 787.48, 0.0000, -150.46, 786.34, 0.0000, 70, 120, 55
L -150.46, 786.34, 0.0000, -150.46, 786.34, 0.0000, 70, 120, 55
L -150.46, 786.34, 0.0000, -135.71, 778.29, 0.0000, 70, 120, 55
L -146.77, 784.33, 0.0000, -146.22, 780.67, 0.0000, 70, 120, 55
L -146.77, 784.33, 0.0000, -143.40, 785.83, 0.0000, 70, 120, 55
L -143.09, 782.32, 0.0000, -142.19, 779.28, 0.0000, 70, 120, 55
L -143.09, 782.32, 0.0000, -140.05, 783.21, 0.0000, 70, 120, 55
L -140.14, 780.70, 0.0000, -138.98, 778.16, 0.0000, 70, 120, 55
L -140.14, 780.70, 0.0000, -137.37, 781.10, 0.0000, 70, 120, 55
L -148.00, 785.00, 0.0000, -148.00, 793.00, 0.0000, 90, 60, 34
L -98.46, 783.66, 0.0000, -88.27, 782.52, 0.0000, 70, 120, 55
L -88.27, 782.52, 0.0000, -83.71, 791.71, 0.0000, 70, 120, 55
L -83.71, 791.71, 0.0000, -93.90, 792.84, 0.0000, 70, 120, 55
L -93.90, 792.84, 0.0000, -98.46, 783.66, 0.0000, 70, 120, 55
L -98.46, 783.66, 0.0000, -98.46, 783.66, 0.0000, 70, 120, 55
L -98.46, 783.66, 0.0000, -83.71, 791.71, 0.0000, 70, 120, 55
L -94.77, 785.67, 0.0000, -91.40, 784.17, 0.0000, 70, 120, 55
L -94.77, 785.67, 0.0000, -94.22, 789.33, 0.0000, 70, 120, 55
L -91.09, 787.68, 0.0000, -88.05, 786.79, 0.0000, 70, 120, 55
L -91.09, 787.68, 0.0000, -90.19, 790.72, 0.0000, 70, 120, 55
L -88.14, 789.30, 0.0000, -85.37, 788.90, 0.0000, 70, 120, 55
L -88.14, 789.30, 0.0000, -86.98, 791.84, 0.0000, 70, 120, 55
L -96.00, 785.00, 0.0000, -96.00, 777.00, 0.0000, 90, 60, 34
L -46.46, 786.34, 0.0000, -41.90, 777.16, 0.0000, 70, 120, 55
L -41.90, 777.16, 0.0000, -31.71, 778.29, 0.0000, 70, 120, 55
L -31.71, 778.29, 0.0000, -36.27, 787.48, 0.0000, 70, 120, 55
L -36.27, 787.48, 0.0000, -46.46, 786.34, 0.0000, 70, 120, 55
L -46.46, 786.34, 0.0000, -46.46, 786.34, 0.0000, 70, 120, 55
L -46.46, 786.34, 0.0000, -31.71, 778.29, 0.0000, 70, 120, 55
L -42.77, 784.33, 0.0000, -42.22, 780.67, 0.0000, 70, 120, 55
L -42.77, 784.33, 0.0000, -39.40, 785.83, 0.0000, 70, 120, 55
L -39.09, 782.32, 0.0000, -38.19, 779.28, 0.0000, 70, 120, 55
L -39.09, 782.32, 0.0000, -36.05, 783.21, 0.0000, 70, 120, 55
L -36.14, 780.70, 0.0000, -34.98, 778.16, 0.0000, 70, 120, 55
L -36.14, 780.70, 0.0000, -33.37, 781.10, 0.0000, 70, 120, 55
L -44.00, 785.00, 0.0000, -44.00, 793.00, 0.0000, 90, 60, 34
L 5.54, 783.66, 0.0000, 15.73, 782.52, 0.0000, 70, 120, 55
L 15.73, 782.52, 0.0000, 20.29, 791.71, 0.0000, 70, 120, 55
L 20.29, 791.71, 0.0000, 10.10, 792.84, 0.0000, 70, 120, 55
L 10.10, 792.84, 0.0000, 5.54, 783.66, 0.0000, 70, 120, 55
L 5.54, 783.66, 0.0000, 5.54, 783.66, 0.0000, 70, 120, 55
L 5.54, 783.66, 0.0000, 20.29, 791.71, 0.0000, 70, 120, 55
L 9.23, 785.67, 0.0000, 12.60, 784.17, 0.0000, 70, 120, 55
L 9.23, 785.67, 0.0000, 9.78, 789.33, 0.0000, 70, 120, 55
L 12.91, 787.68, 0.0000, 15.95, 786.79, 0.0000, 70, 120, 55
L 12.91, 787.68, 0.0000, 13.81, 790.72, 0.0000, 70, 120, 55
L 15.86, 789.30, 0.0000, 18.63, 788.90, 0.0000, 70, 120, 55
L 15.86, 789.30, 0.0000, 17.02, 791.84, 0.0000, 70, 120, 55
L 8.00, 785.00, 0.0000, 8.00, 777.00, 0.0000, 90, 60, 34
L 57.54, 786.34, 0.0000, 62.10, 777.16, 0.0000, 70, 120, 55
L 62.10, 777.16, 0.0000, 72.29, 778.29, 0.0000, 70, 120, 55
L 72.29, 778.29, 0.0000, 67.73, 787.48, 0.0000, 70, 120, 55
L 67.73, 787.48, 0.0000, 57.54, 786.34, 0.0000, 70, 120, 55
L 57.54, 786.34, 0.0000, 57.54, 786.34, 0.0000, 70, 120, 55
L 57.54, 786.34, 0.0000, 72.29, 778.29, 0.0000, 70, 120, 55
L 61.23, 784.33, 0.0000, 61.78, 780.67, 0.0000, 70, 120, 55
L 61.23, 784.33, 0.0000, 64.60, 785.83, 0.0000, 70, 120, 55
L 64.91, 782.32, 0.0000, 65.81, 779.28, 0.0000, 70, 120, 55
L 64.91, 782.32, 0.0000, 67.95, 783.21, 0.0000, 70, 120, 55
L 67.86, 780.70, 0.0000, 69.02, 778.16, 0.0000, 70, 120, 55
L 67.86, 780.70, 0.0000, 70.63, 781.10, 0.0000, 70, 120, 55
L 60.00, 785.00, 0.0000, 60.00, 793.00, 0.0000, 90, 60, 34
L 109.54, 783.66, 0.0000, 119.73, 782.52, 0.0000, 70, 120, 55
L 119.73, 782.52, 0.0000, 124.29, 791.71, 0.0000, 70, 120, 55
L 124.29, 791.71, 0.0000, 114.10, 792.84, 0.0000, 70, 120, 55
L 114.10, 792.84, 0.0000, 109.54, 783.66, 0.0000, 70, 120, 55
L 109.54, 783.66, 0.0000, 109.54, 783.66, 0.0000, 70, 120, 55
L 109.54, 783.66, 0.0000, 124.29, 791.71, 0.0000, 70, 120, 55
L 113.23, 785.67, 0.0000, 116.60, 784.17, 0.0000, 70, 120, 55
L 113.23, 785.67, 0.0000, 113.78, 789.33, 0.0000, 70, 120, 55
L 116.91, 787.68, 0.0000, 119.95, 786.79, 0.0000, 70, 120, 55
L 116.91, 787.68, 0.0000, 117.81, 790.72, 0.0000, 70, 120, 55
L 119.86, 789.30, 0.0000, 122.63, 788.90, 0.0000, 70, 120, 55
L 119.86, 789.30, 0.0000, 121.02, 791.84, 0.0000, 70, 120, 55
L 112.00, 785.00, 0.0000, 112.00, 777.00, 0.0000, 90, 60, 34
L 161.54, 786.34, 0.0000, 166.10, 777.16, 0.0000, 70, 120, 55
L 166.10, 777.16, 0.0000, 176.29, 778.29, 0.0000, 70, 120, 55
L 176.29, 778.29, 0.0000, 171.73, 787.48, 0.0000, 70, 120, 55
L 171.73, 787.48, 0.0000, 161.54, 786.34, 0.0000, 70, 120, 55
L 161.54, 786.34, 0.0000, 161.54, 786.34, 0.0000, 70, 120, 55
L 161.54, 786.34, 0.0000, 176.29, 778.29, 0.0000, 70, 120, 55
L 165.23, 784.33, 0.0000, 165.78, 780.67, 0.0000, 70, 120, 55
L 165.23, 784.33, 0.0000, 168.60, 785.83, 0.0000, 70, 120, 55
L 168.91, 782.32, 0.0000, 169.81, 779.28, 0.0000, 70, 120, 55
L 168.91, 782.32, 0.0000, 171.95, 783.21, 0.0000, 70, 120, 55
L 171.86, 780.70, 0.0000, 173.02, 778.16, 0.0000, 70, 120, 55
L 171.86, 780.70, 0.0000, 174.63, 781.10, 0.0000, 70, 120, 55
L 164.00, 785.00, 0.0000, 164.00, 793.00, 0.0000, 90, 60, 34
L 213.54, 783.66, 0.0000, 223.73, 782.52, 0.0000, 70, 120, 55
L 223.73, 782.52, 0.0000, 228.29, 791.71, 0.0000, 70, 120, 55
L 228.29, 791.71, 0.0000, 218.10, 792.84, 0.0000, 70, 120, 55
L 218.10, 792.84, 0.0000, 213.54, 783.66, 0.0000, 70, 120, 55
L 213.54, 783.66, 0.0000, 213.54, 783.66, 0.0000, 70, 120, 55
L 213.54, 783.66, 0.0000, 228.29, 791.71, 0.0000, 70, 120, 55
L 217.23, 785.67, 0.0000, 220.60, 784.17, 0.0000, 70, 120, 55
L 217.23, 785.67, 0.0000, 217.78, 789.33, 0.0000, 70, 120, 55
L 220.91, 787.68, 0.0000, 223.95, 786.79, 0.0000, 70, 120, 55
L 220.91, 787.68, 0.0000, 221.81, 790.72, 0.0000, 70, 120, 55
L 223.86, 789.30, 0.0000, 226.63, 788.90, 0.0000, 70, 120, 55
L 223.86, 789.30, 0.0000, 225.02, 791.84, 0.0000, 70, 120, 55
L 216.00, 785.00, 0.0000, 216.00, 777.00, 0.0000, 90, 60, 34
L 265.54, 786.34, 0.0000, 270.10, 777.16, 0.0000, 70, 120, 55
L 270.10, 777.16, 0.0000, 280.29, 778.29, 0.0000, 70, 120, 55
L 280.29, 778.29, 0.0000, 275.73, 787.48, 0.0000, 70, 120, 55
L 275.73, 787.48, 0.0000, 265.54, 786.34, 0.0000, 70, 120, 55
L 265.54, 786.34, 0.0000, 265.54, 786.34, 0.0000, 70, 120, 55
L 265.54, 786.34, 0.0000, 280.29, 778.29, 0.0000, 70, 120, 55
L 269.23, 784.33, 0.0000, 269.78, 780.67, 0.0000, 70, 120, 55
L 269.23, 784.33, 0.0000, 272.60, 785.83, 0.0000, 70, 120, 55
L 272.91, 782.32, 0.0000, 273.81, 779.28, 0.0000, 70, 120, 55
L 272.91, 782.32, 0.0000, 275.95, 783.21, 0.0000, 70, 120, 55
L 275.86, 780.70, 0.0000, 277.02, 778.16, 0.0000, 70, 120, 55
L 275.86, 780.70, 0.0000, 278.63, 781.10, 0.0000, 70, 120, 55
L 268.00, 785.00, 0.0000, 268.00, 793.00, 0.0000, 90, 60, 34
L 317.54, 783.66, 0.0000, 327.73, 782.52, 0.0000, 70, 120, 55
L 327.73, 782.52, 0.0000, 332.29, 791.71, 0.0000, 70, 120, 55
L 332.29, 791.71, 0.0000, 322.10, 792.84, 0.0000, 70, 120, 55
L 322.10, 792.84, 0.0000, 317.54, 783.66, 0.0000, 70, 120, 55
L 317.54, 783.66, 0.0000, 317.54, 783.66, 0.0000, 70, 120, 55
L 317.54, 783.66, 0.0000, 332.29, 791.71, 0.0000, 70, 120, 55
L 321.23, 785.67, 0.0000, 324.60, 784.17, 0.0000, 70, 120, 55
L 321.23, 785.67, 0.0000, 321.78, 789.33, 0.0000, 70, 120, 55
L 324.91, 787.68, 0.0000, 327.95, 786.79, 0.0000, 70, 120, 55
L 324.91, 787.68, 0.0000, 325.81, 790.72, 0.0000, 70, 120, 55
L 327.86, 789.30, 0.0000, 330.63, 788.90, 0.0000, 70, 120, 55
L 327.86, 789.30, 0.0000, 329.02, 791.84, 0.0000, 70, 120, 55
L 320.00, 785.00, 0.0000, 320.00, 777.00, 0.0000, 90, 60, 34
L 369.54, 786.34, 0.0000, 374.10, 777.16, 0.0000, 70, 120, 55
L 374.10, 777.16, 0.0000, 384.29, 778.29, 0.0000, 70, 120, 55
L 384.29, 778.29, 0.0000, 379.73, 787.48, 0.0000, 70, 120, 55
L 379.73, 787.48, 0.0000, 369.54, 786.34, 0.0000, 70, 120, 55
L 369.54, 786.34, 0.0000, 369.54, 786.34, 0.0000, 70, 120, 55
L 369.54, 786.34, 0.0000, 384.29, 778.29, 0.0000, 70, 120, 55
L 373.23, 784.33, 0.0000, 373.78, 780.67, 0.0000, 70, 120, 55
L 373.23, 784.33, 0.0000, 376.60, 785.83, 0.0000, 70, 120, 55
L 376.91, 782.32, 0.0000, 377.81, 779.28, 0.0000, 70, 120, 55
L 376.91, 782.32, 0.0000, 379.95, 783.21, 0.0000, 70, 120, 55
L 379.86, 780.70, 0.0000, 381.02, 778.16, 0.0000, 70, 120, 55
L 379.86, 780.70, 0.0000, 382.63, 781.10, 0.0000, 70, 120, 55
L 372.00, 785.00, 0.0000, 372.00, 793.00, 0.0000, 90, 60, 34
L 421.54, 783.66, 0.0000, 431.73, 782.52, 0.0000, 70, 120, 55
L 431.73, 782.52, 0.0000, 436.29, 791.71, 0.0000, 70, 120, 55
L 436.29, 791.71, 0.0000, 426.10, 792.84, 0.0000, 70, 120, 55
L 426.10, 792.84, 0.0000, 421.54, 783.66, 0.0000, 70, 120, 55
L 421.54, 783.66, 0.0000, 421.54, 783.66, 0.0000, 70, 120, 55
L 421.54, 783.66, 0.0000, 436.29, 791.71, 0.0000, 70, 120, 55
L 425.23, 785.67, 0.0000, 428.60, 784.17, 0.0000, 70, 120, 55
L 425.23, 785.67, 0.0000, 425.78, 789.33, 0.0000, 70, 120, 55
L 428.91, 787.68, 0.0000, 431.95, 786.79, 0.0000, 70, 120, 55
L 428.91, 787.68, 0.0000, 429.81, 790.72, 0.0000, 70, 120, 55
L 431.86, 789.30, 0.0000, 434.63, 788.90, 0.0000, 70, 120, 55
L 431.86, 789.30, 0.0000, 433.02, 791.84, 0.0000, 70, 120, 55
L 424.00, 785.00, 0.0000, 424.00, 777.00, 0.0000, 90, 60, 34
L 473.54, 786.34, 0.0000, 478.10, 777.16, 0.0000, 70, 120, 55
L 478.10, 777.16, 0.0000, 488.29, 778.29, 0.0000, 70, 120, 55
L 488.29, 778.29, 0.0000, 483.73, 787.48, 0.0000, 70, 120, 55
L 483.73, 787.48, 0.0000, 473.54, 786.34, 0.0000, 70, 120, 55
L 473.54, 786.34, 0.0000, 473.54, 786.34, 0.0000, 70, 120, 55
L 473.54, 786.34, 0.0000, 488.29, 778.29, 0.0000, 70, 120, 55
L 477.23, 784.33, 0.0000, 477.78, 780.67, 0.0000, 70, 120, 55
L 477.23, 784.33, 0.0000, 480.60, 785.83, 0.0000, 70, 120, 55
L 480.91, 782.32, 0.0000, 481.81, 779.28, 0.0000, 70, 120, 55
L 480.91, 782.32, 0.0000, 483.95, 783.21, 0.0000, 70, 120, 55
L 483.86, 780.70, 0.0000, 485.02, 778.16, 0.0000, 70, 120, 55
L 483.86, 780.70, 0.0000, 486.63, 781.10, 0.0000, 70, 120, 55
L 476.00, 785.00, 0.0000, 476.00, 793.00, 0.0000, 90, 60, 34
L 525.54, 783.66, 0.0000, 535.73, 782.52, 0.0000, 70, 120, 55
L 535.73, 782.52, 0.0000, 540.29, 791.71, 0.0000, 70, 120, 55
L 540.29, 791.71, 0.0000, 530.10, 792.84, 0.0000, 70, 120, 55
L 530.10, 792.84, 0.0000, 525.54, 783.66, 0.0000, 70, 120, 55
L 525.54, 783.66, 0.0000, 525.54, 783.66, 0.0000, 70, 120, 55
L 525.54, 783.66, 0.0000, 540.29, 791.71, 0.0000, 70, 120, 55
L 529.23, 785.67, 0.0000, 532.60, 784.17, 0.0000, 70, 120, 55
L 529.23, 785.67, 0.0000, 529.78, 789.33, 0.0000, 70, 120, 55
L 532.91, 787.68, 0.0000, 535.95, 786.79, 0.0000, 70, 120, 55
L 532.91, 787.68, 0.0000, 533.81, 790.72, 0.0000, 70, 120, 55
L 535.86, 789.30, 0.0000, 538.63, 788.90, 0.0000, 70, 120, 55
L 535.86, 789.30, 0.0000, 537.02, 791.84, 0.0000, 70, 120, 55
L 528.00, 785.00, 0.0000, 528.00, 777.00, 0.0000, 90, 60, 34
L 577.54, 786.34, 0.0000, 582.10, 777.16, 0.0000, 70, 120, 55
L 582.10, 777.16, 0.0000, 592.29, 778.29, 0.0000, 70, 120, 55
L 592.29, 778.29, 0.0000, 587.73, 787.48, 0.0000, 70, 120, 55
L 587.73, 787.48, 0.0000, 577.54, 786.34, 0.0000, 70, 120, 55
L 577.54, 786.34, 0.0000, 577.54, 786.34, 0.0000, 70, 120, 55
L 577.54, 786.34, 0.0000, 592.29, 778.29, 0.0000, 70, 120, 55
L 581.23, 784.33, 0.0000, 581.78, 780.67, 0.0000, 70, 120, 55
L 581.23, 784.33, 0.0000, 584.60, 785.83, 0.0000, 70, 120, 55
L 584.91, 782.32, 0.0000, 585.81, 779.28, 0.0000, 70, 120, 55
L 584.91, 782.32, 0.0000, 587.95, 783.21, 0.0000, 70, 120, 55
L 587.86, 780.70, 0.0000, 589.02, 778.16, 0.0000, 70, 120, 55
L 587.86, 780.70, 0.0000, 590.63, 781.10, 0.0000, 70, 120, 55
L 580.00, 785.00, 0.0000, 580.00, 793.00, 0.0000, 90, 60, 34
L 629.54, 783.66, 0.0000, 639.73, 782.52, 0.0000, 70, 120, 55
L 639.73, 782.52, 0.0000, 644.29, 791.71, 0.0000, 70, 120, 55
L 644.29, 791.71, 0.0000, 634.10, 792.84, 0.0000, 70, 120, 55
L 634.10, 792.84, 0.0000, 629.54, 783.66, 0.0000, 70, 120, 55
L 629.54, 783.66, 0.0000, 629.54, 783.66, 0.0000, 70, 120, 55
L 629.54, 783.66, 0.0000, 644.29, 791.71, 0.0000, 70, 120, 55
L 633.23, 785.67, 0.0000, 636.60, 784.17, 0.0000, 70, 120, 55
L 633.23, 785.67, 0.0000, 633.78, 789.33, 0.0000, 70, 120, 55
L 636.91, 787.68, 0.0000, 639.95, 786.79, 0.0000, 70, 120, 55
L 636.91, 787.68, 0.0000, 637.81, 790.72, 0.0000, 70, 120, 55
L 639.86, 789.30, 0.0000, 642.63, 788.90, 0.0000, 70, 120, 55
L 639.86, 789.30, 0.0000, 641.02, 791.84, 0.0000, 70, 120, 55
L 632.00, 785.00, 0.0000, 632.00, 777.00, 0.0000, 90, 60, 34
L 681.54, 786.34, 0.0000, 686.10, 777.16, 0.0000, 70, 120, 55
L 686.10, 777.16, 0.0000, 696.29, 778.29, 0.0000, 70, 120, 55
L 696.29, 778.29, 0.0000, 691.73, 787.48, 0.0000, 70, 120, 55
L 691.73, 787.48, 0.0000, 681.54, 786.34, 0.0000, 70, 120, 55
L 681.54, 786.34, 0.0000, 681.54, 786.34, 0.0000, 70, 120, 55
L 681.54, 786.34, 0.0000, 696.29, 778.29, 0.0000, 70, 120, 55
L 685.23, 784.33, 0.0000, 685.78, 780.67, 0.0000, 70, 120, 55
L 685.23, 784.33, 0.0000, 688.60, 785.83, 0.0000, 70, 120, 55
L 688.91, 782.32, 0.0000, 689.81, 779.28, 0.0000, 70, 120, 55
L 688.91, 782.32, 0.0000, 691.95, 783.21, 0.0000, 70, 120, 55
L 691.86, 780.70, 0.0000, 693.02, 778.16, 0.0000, 70, 120, 55
L 691.86, 780.70, 0.0000, 694.63, 781.10, 0.0000, 70, 120, 55
L 684.00, 785.00, 0.0000, 684.00, 793.00, 0.0000, 90, 60, 34
L 733.54, 783.66, 0.0000, 743.73, 782.52, 0.0000, 70, 120, 55
L 743.73, 782.52, 0.0000, 748.29, 791.71, 0.0000, 70, 120, 55
L 748.29, 791.71, 0.0000, 738.10, 792.84, 0.0000, 70, 120, 55
L 738.10, 792.84, 0.0000, 733.54, 783.66, 0.0000, 70, 120, 55
L 733.54, 783.66, 0.0000, 733.54, 783.66, 0.0000, 70, 120, 55
L 733.54, 783.66, 0.0000, 748.29, 791.71, 0.0000, 70, 120, 55
L 737.23, 785.67, 0.0000, 740.60, 784.17, 0.0000, 70, 120, 55
L 737.23, 785.67, 0.0000, 737.78, 789.33, 0.0000, 70, 120, 55
L 740.91, 787.68, 0.0000, 743.95, 786.79, 0.0000, 70, 120, 55
L 740.91, 787.68, 0.0000, 741.81, 790.72, 0.0000, 70, 120, 55
L 743.86, 789.30, 0.0000, 746.63, 788.90, 0.0000, 70, 120, 55
L 743.86, 789.30, 0.0000, 745.02, 791.84, 0.0000, 70, 120, 55
L 736.00, 785.00, 0.0000, 736.00, 777.00, 0.0000, 90, 60, 34
L 785.54, 786.34, 0.0000, 790.10, 777.16, 0.0000, 70, 120, 55
L 790.10, 777.16, 0.0000, 800.29, 778.29, 0.0000, 70, 120, 55
L 800.29, 778.29, 0.0000, 795.73, 787.48, 0.0000, 70, 120, 55
L 795.73, 787.48, 0.0000, 785.54, 786.34, 0.0000, 70, 120, 55
L 785.54, 786.34, 0.0000, 785.54, 786.34, 0.0000, 70, 120, 55
L 785.54, 786.34, 0.0000, 800.29, 778.29, 0.0000, 70, 120, 55
L 789.23, 784.33, 0.0000, 789.78, 780.67, 0.0000, 70, 120, 55
L 789.23, 784.33, 0.0000, 792.60, 785.83, 0.0000, 70, 120, 55
L 792.91, 782.32, 0.0000, 793.81, 779.28, 0.0000, 70, 120, 55
L 792.91, 782.32, 0.0000, 795.95, 783.21, 0.0000, 70, 120, 55
L 795.86, 780.70, 0.0000, 797.02, 778.16, 0.0000, 70, 120, 55
L 795.86, 780.70, 0.0000, 798.63, 781.10, 0.0000, 70, 120, 55
L 788.00, 785.00, 0.0000, 788.00, 793.00, 0.0000, 90, 60, 34
L 837.54, 783.66, 0.0000, 847.73, 782.52, 0.0000, 70, 120, 55
L 847.73, 782.52, 0.0000, 852.29, 791.71, 0.0000, 70, 120, 55
L 852.29, 791.71, 0.0000, 842.10, 792.84, 0.0000, 70, 120, 55
L 842.10, 792.84, 0.0000, 837.54, 783.66, 0.0000, 70, 120, 55
L 837.54, 783.66, 0.0000, 837.54, 783.66, 0.0000, 70, 120, 55
L 837.54, 783.66, 0.0000, 852.29, 791.71, 0.0000, 70, 120, 55
L 841.23, 785.67, 0.0000, 844.60, 784.17, 0.0000, 70, 120, 55
L 841.23, 785.67, 0.0000, 841.78, 789.33, 0.0000, 70, 120, 55
L 844.91, 787.68, 0.0000, 847.95, 786.79, 0.0000, 70, 120, 55
L 844.91, 787.68, 0.0000, 845.81, 790.72, 0.0000, 70, 120, 55
L 847.86, 789.30, 0.0000, 850.63, 788.90, 0.0000, 70, 120, 55
L 847.86, 789.30, 0.0000, 849.02, 791.84, 0.0000, 70, 120, 55
L 840.00, 785.00, 0.0000, 840.00, 777.00, 0.0000, 90, 60, 34
L -376.50, -720.00, 0.0000, -376.50, -747.20, 0.0000, 90, 60, 34
L -378.50, -720.00, 0.0000, -378.50, -743.80, 0.0000, 90, 60, 34
L -406.70, -743.80, 0.0000, -376.50, -765.90, 0.0000, 70, 120, 55
L -376.50, -765.90, 0.0000, -346.30, -743.80, 0.0000, 70, 120, 55
L -406.70, -743.80, 0.0000, -388.58, -739.80, 0.0000, 70, 120, 55
L -346.30, -743.80, 0.0000, -364.42, -739.80, 0.0000, 70, 120, 55
L -403.07, -768.17, 0.0000, -376.50, -790.27, 0.0000, 70, 120, 55
L -376.50, -790.27, 0.0000, -349.93, -768.17, 0.0000, 70, 120, 55
L -403.07, -768.17, 0.0000, -387.13, -764.17, 0.0000, 70, 120, 55
L -349.93, -768.17, 0.0000, -365.87, -764.17, 0.0000, 70, 120, 55
L -399.45, -792.53, 0.0000, -376.50, -814.63, 0.0000, 70, 120, 55
L -376.50, -814.63, 0.0000, -353.55, -792.53, 0.0000, 70, 120, 55
L -399.45, -792.53, 0.0000, -385.68, -788.53, 0.0000, 70, 120, 55
L -353.55, -792.53, 0.0000, -367.32, -788.53, 0.0000, 70, 120, 55
L -395.82, -816.90, 0.0000, -376.50, -839.00, 0.0000, 70, 120, 55
L -376.50, -839.00, 0.0000, -357.18, -816.90, 0.0000, 70, 120, 55
L -395.82, -816.90, 0.0000, -384.23, -812.90, 0.0000, 70, 120, 55
L -357.18, -816.90, 0.0000, -368.77, -812.90, 0.0000, 70, 120, 55
L -392.19, -841.27, 0.0000, -376.50, -863.37, 0.0000, 70, 120, 55
L -376.50, -863.37, 0.0000, -360.81, -841.27, 0.0000, 70, 120, 55
L -392.19, -841.27, 0.0000, -382.78, -837.27, 0.0000, 70, 120, 55
L -360.81, -841.27, 0.0000, -370.22, -837.27, 0.0000, 70, 120, 55
L -388.57, -865.63, 0.0000, -376.50, -887.73, 0.0000, 70, 120, 55
L -376.50, -887.73, 0.0000, -364.43, -865.63, 0.0000, 70, 120, 55
L -388.57, -865.63, 0.0000, -381.33, -861.63, 0.0000, 70, 120, 55
L -364.43, -865.63, 0.0000, -371.67, -861.63, 0.0000, 70, 120, 55
L -384.94, -890.00, 0.0000, -376.50, -912.10, 0.0000, 70, 120, 55
L -376.50, -912.10, 0.0000, -368.06, -890.00, 0.0000, 70, 120, 55
L -384.94, -890.00, 0.0000, -379.88, -886.00, 0.0000, 70, 120, 55
L -368.06, -890.00, 0.0000, -373.12, -886.00, 0.0000, 70, 120, 55
L -376.50, -890.00, 0.0000, -376.50, -896.00, 0.0000, 70, 120, 55
L 810.50, -720.00, 0.0000, 810.50, -747.20, 0.0000, 90, 60, 34
L 808.50, -720.00, 0.0000, 808.50, -743.80, 0.0000, 90, 60, 34
L 780.30, -743.80, 0.0000, 810.50, -765.90, 0.0000, 70, 120, 55
L 810.50, -765.90, 0.0000, 840.70, -743.80, 0.0000, 70, 120, 55
L 780.30, -743.80, 0.0000, 798.42, -739.80, 0.0000, 70, 120, 55
L 840.70, -743.80, 0.0000, 822.58, -739.80, 0.0000, 70, 120, 55
L 783.93, -768.17, 0.0000, 810.50, -790.27, 0.0000, 70, 120, 55
L 810.50, -790.27, 0.0000, 837.07, -768.17, 0.0000, 70, 120, 55
L 783.93, -768.17, 0.0000, 799.87, -764.17, 0.0000, 70, 120, 55
L 837.07, -768.17, 0.0000, 821.13, -764.17, 0.0000, 70, 120, 55
L 787.55, -792.53, 0.0000, 810.50, -814.63, 0.0000, 70, 120, 55
L 810.50, -814.63, 0.0000, 833.45, -792.53, 0.0000, 70, 120, 55
L 787.55, -792.53, 0.0000, 801.32, -788.53, 0.0000, 70, 120, 55
L 833.45, -792.53, 0.0000, 819.68, -788.53, 0.0000, 70, 120, 55
L 791.18, -816.90, 0.0000, 810.50, -839.00, 0.0000, 70, 120, 55
L 810.50, -839.00, 0.0000, 829.82, -816.90, 0.0000, 70, 120, 55
L 791.18, -816.90, 0.0000, 802.77, -812.90, 0.0000, 70, 120, 55
L 829.82, -816.90, 0.0000, 818.23, -812.90, 0.0000, 70, 120, 55
L 794.81, -841.27, 0.0000, 810.50, -863.37, 0.0000, 70, 120, 55
L 810.50, -863.37, 0.0000, 826.19, -841.27, 0.0000, 70, 120, 55
L 794.81, -841.27, 0.0000, 804.22, -837.27, 0.0000, 70, 120, 55
L 826.19, -841.27, 0.0000, 816.78, -837.27, 0.0000, 70, 120, 55
L 798.43, -865.63, 0.0000, 810.50, -887.73, 0.0000, 70, 120, 55
L 810.50, -887.73, 0.0000, 822.57, -865.63, 0.0000, 70, 120, 55
L 798.43, -865.63, 0.0000, 805.67, -861.63, 0.0000, 70, 120, 55
L 822.57, -865.63, 0.0000, 815.33, -861.63, 0.0000, 70, 120, 55
L 802.06, -890.00, 0.0000, 810.50, -912.10, 0.0000, 70, 120, 55
L 810.50, -912.10, 0.0000, 818.94, -890.00, 0.0000, 70, 120, 55
L 802.06, -890.00, 0.0000, 807.12, -886.00, 0.0000, 70, 120, 55
L 818.94, -890.00, 0.0000, 813.88, -886.00, 0.0000, 70, 120, 55
L 810.50, -890.00, 0.0000, 810.50, -896.00, 0.0000, 70, 120, 55
L -376.50, -480.00, 0.0000, -376.50, -509.28, 0.0000, 90, 60, 34
L -378.50, -480.00, 0.0000, -378.50, -505.62, 0.0000, 90, 60, 34
L -408.78, -505.62, 0.0000, -376.50, -529.41, 0.0000, 70, 120, 55
L -376.50, -529.41, 0.0000, -344.22, -505.62, 0.0000, 70, 120, 55
L -408.78, -505.62, 0.0000, -389.41, -501.62, 0.0000, 70, 120, 55
L -344.22, -505.62, 0.0000, -363.59, -501.62, 0.0000, 70, 120, 55
L -404.88, -531.85, 0.0000, -376.50, -555.64, 0.0000, 70, 120, 55
L -376.50, -555.64, 0.0000, -348.12, -531.85, 0.0000, 70, 120, 55
L -404.88, -531.85, 0.0000, -387.85, -527.85, 0.0000, 70, 120, 55
L -348.12, -531.85, 0.0000, -365.15, -527.85, 0.0000, 70, 120, 55
L -400.97, -558.08, 0.0000, -376.50, -581.87, 0.0000, 70, 120, 55
L -376.50, -581.87, 0.0000, -352.03, -558.08, 0.0000, 70, 120, 55
L -400.97, -558.08, 0.0000, -386.29, -554.08, 0.0000, 70, 120, 55
L -352.03, -558.08, 0.0000, -366.71, -554.08, 0.0000, 70, 120, 55
L -397.07, -584.31, 0.0000, -376.50, -608.10, 0.0000, 70, 120, 55
L -376.50, -608.10, 0.0000, -355.93, -584.31, 0.0000, 70, 120, 55
L -397.07, -584.31, 0.0000, -384.73, -580.31, 0.0000, 70, 120, 55
L -355.93, -584.31, 0.0000, -368.27, -580.31, 0.0000, 70, 120, 55
L -393.16, -610.54, 0.0000, -376.50, -634.33, 0.0000, 70, 120, 55
L -376.50, -634.33, 0.0000, -359.84, -610.54, 0.0000, 70, 120, 55
L -393.16, -610.54, 0.0000, -383.17, -606.54, 0.0000, 70, 120, 55
L -359.84, -610.54, 0.0000, -369.83, -606.54, 0.0000, 70, 120, 55
L -389.26, -636.77, 0.0000, -376.50, -660.56, 0.0000, 70, 120, 55
L -376.50, -660.56, 0.0000, -363.74, -636.77, 0.0000, 70, 120, 55
L -389.26, -636.77, 0.0000, -381.60, -632.77, 0.0000, 70, 120, 55
L -363.74, -636.77, 0.0000, -371.40, -632.77, 0.0000, 70, 120, 55
L -385.36, -663.00, 0.0000, -376.50, -686.79, 0.0000, 70, 120, 55
L -376.50, -686.79, 0.0000, -367.64, -663.00, 0.0000, 70, 120, 55
L -385.36, -663.00, 0.0000, -380.04, -659.00, 0.0000, 70, 120, 55
L -367.64, -663.00, 0.0000, -372.96, -659.00, 0.0000, 70, 120, 55
L -376.50, -663.00, 0.0000, -376.50, -669.00, 0.0000, 70, 120, 55
L 810.50, -480.00, 0.0000, 810.50, -509.28, 0.0000, 90, 60, 34
L 808.50, -480.00, 0.0000, 808.50, -505.62, 0.0000, 90, 60, 34
L 778.22, -505.62, 0.0000, 810.50, -529.41, 0.0000, 70, 120, 55
L 810.50, -529.41, 0.0000, 842.78, -505.62, 0.0000, 70, 120, 55
L 778.22, -505.62, 0.0000, 797.59, -501.62, 0.0000, 70, 120, 55
L 842.78, -505.62, 0.0000, 823.41, -501.62, 0.0000, 70, 120, 55
L 782.12, -531.85, 0.0000, 810.50, -555.64, 0.0000, 70, 120, 55
L 810.50, -555.64, 0.0000, 838.88, -531.85, 0.0000, 70, 120, 55
L 782.12, -531.85, 0.0000, 799.15, -527.85, 0.0000, 70, 120, 55
L 838.88, -531.85, 0.0000, 821.85, -527.85, 0.0000, 70, 120, 55
L 786.03, -558.08, 0.0000, 810.50, -581.87, 0.0000, 70, 120, 55
L 810.50, -581.87, 0.0000, 834.97, -558.08, 0.0000, 70, 120, 55
L 786.03, -558.08, 0.0000, 800.71, -554.08, 0.0000, 70, 120, 55
L 834.97, -558.08, 0.0000, 820.29, -554.08, 0.0000, 70, 120, 55
L 789.93, -584.31, 0.0000, 810.50, -608.10, 0.0000, 70, 120, 55
L 810.50, -608.10, 0.0000, 831.07, -584.31, 0.0000, 70, 120, 55
L 789.93, -584.31, 0.0000, 802.27, -580.31, 0.0000, 70, 120, 55
L 831.07, -584.31, 0.0000, 818.73, -580.31, 0.0000, 70, 120, 55
L 793.84, -610.54, 0.0000, 810.50, -634.33, 0.0000, 70, 120, 55
L 810.50, -634.33, 0.0000, 827.16, -610.54, 0.0000, 70, 120, 55
L 793.84, -610.54, 0.0000, 803.83, -606.54, 0.0000, 70, 120, 55
L 827.16, -610.54, 0.0000, 817.17, -606.54, 0.0000, 70, 120, 55
L 797.74, -636.77, 0.0000, 810.50, -660.56, 0.0000, 70, 120, 55
L 810.50, -660.56, 0.0000, 823.26, -636.77, 0.0000, 70, 120, 55
L 797.74, -636.77, 0.0000, 805.40, -632.77, 0.0000, 70, 120, 55
L 823.26, -636.77, 0.0000, 815.60, -632.77, 0.0000, 70, 120, 55
L 801.64, -663.00, 0.0000, 810.50, -686.79, 0.0000, 70, 120, 55
L 810.50, -686.79, 0.0000, 819.36, -663.00, 0.0000, 70, 120, 55
L 801.64, -663.00, 0.0000, 806.96, -659.00, 0.0000, 70, 120, 55
L 819.36, -663.00, 0.0000, 814.04, -659.00, 0.0000, 70, 120, 55
L 810.50, -663.00, 0.0000, 810.50, -669.00, 0.0000, 70, 120, 55
L -376.50, -240.00, 0.0000, -376.50, -271.36, 0.0000, 90, 60, 34
L -378.50, -240.00, 0.0000, -378.50, -267.44, 0.0000, 90, 60, 34
L -410.86, -267.44, 0.0000, -376.50, -292.92, 0.0000, 70, 120, 55
L -376.50, -292.92, 0.0000, -342.14, -267.44, 0.0000, 70, 120, 55
L -410.86, -267.44, 0.0000, -390.24, -263.44, 0.0000, 70, 120, 55
L -342.14, -267.44, 0.0000, -362.76, -263.44, 0.0000, 70, 120, 55
L -406.68, -295.53, 0.0000, -376.50, -321.01, 0.0000, 70, 120, 55
L -376.50, -321.01, 0.0000, -346.32, -295.53, 0.0000, 70, 120, 55
L -406.68, -295.53, 0.0000, -388.57, -291.53, 0.0000, 70, 120, 55
L -346.32, -295.53, 0.0000, -364.43, -291.53, 0.0000, 70, 120, 55
L -402.50, -323.63, 0.0000, -376.50, -349.11, 0.0000, 70, 120, 55
L -376.50, -349.11, 0.0000, -350.50, -323.63, 0.0000, 70, 120, 55
L -402.50, -323.63, 0.0000, -386.90, -319.63, 0.0000, 70, 120, 55
L -350.50, -323.63, 0.0000, -366.10, -319.63, 0.0000, 70, 120, 55
L -398.32, -351.72, 0.0000, -376.50, -377.20, 0.0000, 70, 120, 55
L -376.50, -377.20, 0.0000, -354.68, -351.72, 0.0000, 70, 120, 55
L -398.32, -351.72, 0.0000, -385.23, -347.72, 0.0000, 70, 120, 55
L -354.68, -351.72, 0.0000, -367.77, -347.72, 0.0000, 70, 120, 55
L -394.13, -379.81, 0.0000, -376.50, -405.29, 0.0000, 70, 120, 55
L -376.50, -405.29, 0.0000, -358.87, -379.81, 0.0000, 70, 120, 55
L -394.13, -379.81, 0.0000, -383.55, -375.81, 0.0000, 70, 120, 55
L -358.87, -379.81, 0.0000, -369.45, -375.81, 0.0000, 70, 120, 55
L -389.95, -407.91, 0.0000, -376.50, -433.39, 0.0000, 70, 120, 55
L -376.50, -433.39, 0.0000, -363.05, -407.91, 0.0000, 70, 120, 55
L -389.95, -407.91, 0.0000, -381.88, -403.91, 0.0000, 70, 120, 55
L -363.05, -407.91, 0.0000, -371.12, -403.91, 0.0000, 70, 120, 55
L -385.77, -436.00, 0.0000, -376.50, -461.48, 0.0000, 70, 120, 55
L -376.50, -461.48, 0.0000, -367.23, -436.00, 0.0000, 70, 120, 55
L -385.77, -436.00, 0.0000, -380.21, -432.00, 0.0000, 70, 120, 55
L -367.23, -436.00, 0.0000, -372.79, -432.00, 0.0000, 70, 120, 55
L -376.50, -436.00, 0.0000, -376.50, -442.00, 0.0000, 70, 120, 55
L 810.50, -240.00, 0.0000, 810.50, -271.36, 0.0000, 90, 60, 34
L 808.50, -240.00, 0.0000, 808.50, -267.44, 0.0000, 90, 60, 34
L 776.14, -267.44, 0.0000, 810.50, -292.92, 0.0000, 70, 120, 55
L 810.50, -292.92, 0.0000, 844.86, -267.44, 0.0000, 70, 120, 55
L 776.14, -267.44, 0.0000, 796.76, -263.44, 0.0000, 70, 120, 55
L 844.86, -267.44, 0.0000, 824.24, -263.44, 0.0000, 70, 120, 55
L 780.32, -295.53, 0.0000, 810.50, -321.01, 0.0000, 70, 120, 55
L 810.50, -321.01, 0.0000, 840.68, -295.53, 0.0000, 70, 120, 55
L 780.32, -295.53, 0.0000, 798.43, -291.53, 0.0000, 70, 120, 55
L 840.68, -295.53, 0.0000, 822.57, -291.53, 0.0000, 70, 120, 55
L 784.50, -323.63, 0.0000, 810.50, -349.11, 0.0000, 70, 120, 55
L 810.50, -349.11, 0.0000, 836.50, -323.63, 0.0000, 70, 120, 55
L 784.50, -323.63, 0.0000, 800.10, -319.63, 0.0000, 70, 120, 55
L 836.50, -323.63, 0.0000, 820.90, -319.63, 0.0000, 70, 120, 55
L 788.68, -351.72, 0.0000, 810.50, -377.20, 0.0000, 70, 120, 55
L 810.50, -377.20, 0.0000, 832.32, -351.72, 0.0000, 70, 120, 55
L 788.68, -351.72, 0.0000, 801.77, -347.72, 0.0000, 70, 120, 55
L 832.32, -351.72, 0.0000, 819.23, -347.72, 0.0000, 70, 120, 55
L 792.87, -379.81, 0.0000, 810.50, -405.29, 0.0000, 70, 120, 55
L 810.50, -405.29, 0.0000, 828.13, -379.81, 0.0000, 70, 120, 55
L 792.87, -379.81, 0.0000, 803.45, -375.81, 0.0000, 70, 120, 55
L 828.13, -379.81, 0.0000, 817.55, -375.81, 0.0000, 70, 120, 55
L 797.05, -407.91, 0.0000, 810.50, -433.39, 0.0000, 70, 120, 55
L 810.50, -433.39, 0.0000, 823.95, -407.91, 0.0000, 70, 120, 55
L 797.05, -407.91, 0.0000, 805.12, -403.91, 0.0000, 70, 120, 55
L 823.95, -407.91, 0.0000, 815.88, -403.91, 0.0000, 70, 120, 55
L 801.23, -436.00, 0.0000, 810.50, -461.48, 0.0000, 70, 120, 55
L 810.50, -461.48, 0.0000, 819.77, -436.00, 0.0000, 70, 120, 55
L 801.23, -436.00, 0.0000, 806.79, -432.00, 0.0000, 70, 120, 55
L 819.77, -436.00, 0.0000, 814.21, -432.00, 0.0000, 70, 120, 55
L 810.50, -436.00, 0.0000, 810.50, -442.00, 0.0000, 70, 120, 55
L -376.50, 0.00, 0.0000, -376.50, -33.44, 0.0000, 90, 60, 34
L -378.50, 0.00, 0.0000, -378.50, -29.26, 0.0000, 90, 60, 34
L -412.94, -29.26, 0.0000, -376.50, -56.43, 0.0000, 70, 120, 55
L -376.50, -56.43, 0.0000, -340.06, -29.26, 0.0000, 70, 120, 55
L -412.94, -29.26, 0.0000, -391.08, -25.26, 0.0000, 70, 120, 55
L -340.06, -29.26, 0.0000, -361.92, -25.26, 0.0000, 70, 120, 55
L -408.48, -59.22, 0.0000, -376.50, -86.39, 0.0000, 70, 120, 55
L -376.50, -86.39, 0.0000, -344.52, -59.22, 0.0000, 70, 120, 55
L -408.48, -59.22, 0.0000, -389.29, -55.22, 0.0000, 70, 120, 55
L -344.52, -59.22, 0.0000, -363.71, -55.22, 0.0000, 70, 120, 55
L -404.02, -89.17, 0.0000, -376.50, -116.34, 0.0000, 70, 120, 55
L -376.50, -116.34, 0.0000, -348.98, -89.17, 0.0000, 70, 120, 55
L -404.02, -89.17, 0.0000, -387.51, -85.17, 0.0000, 70, 120, 55
L -348.98, -89.17, 0.0000, -365.49, -85.17, 0.0000, 70, 120, 55
L -399.56, -119.13, 0.0000, -376.50, -146.30, 0.0000, 70, 120, 55
L -376.50, -146.30, 0.0000, -353.44, -119.13, 0.0000, 70, 120, 55
L -399.56, -119.13, 0.0000, -385.73, -115.13, 0.0000, 70, 120, 55
L -353.44, -119.13, 0.0000, -367.27, -115.13, 0.0000, 70, 120, 55
L -395.11, -149.09, 0.0000, -376.50, -176.26, 0.0000, 70, 120, 55
L -376.50, -176.26, 0.0000, -357.89, -149.09, 0.0000, 70, 120, 55
L -395.11, -149.09, 0.0000, -383.94, -145.09, 0.0000, 70, 120, 55
L -357.89, -149.09, 0.0000, -369.06, -145.09, 0.0000, 70, 120, 55
L -390.65, -179.04, 0.0000, -376.50, -206.21, 0.0000, 70, 120, 55
L -376.50, -206.21, 0.0000, -362.35, -179.04, 0.0000, 70, 120, 55
L -390.65, -179.04, 0.0000, -382.16, -175.04, 0.0000, 70, 120, 55
L -362.35, -179.04, 0.0000, -370.84, -175.04, 0.0000, 70, 120, 55
L -386.19, -209.00, 0.0000, -376.50, -236.17, 0.0000, 70, 120, 55
L -376.50, -236.17, 0.0000, -366.81, -209.00, 0.0000, 70, 120, 55
L -386.19, -209.00, 0.0000, -380.38, -205.00, 0.0000, 70, 120, 55
L -366.81, -209.00, 0.0000, -372.62, -205.00, 0.0000, 70, 120, 55
L -376.50, -209.00, 0.0000, -376.50, -215.00, 0.0000, 70, 120, 55
L 810.50, 0.00, 0.0000, 810.50, -33.44, 0.0000, 90, 60, 34
L 808.50, 0.00, 0.0000, 808.50, -29.26, 0.0000, 90, 60, 34
L 774.06, -29.26, 0.0000, 810.50, -56.43, 0.0000, 70, 120, 55
L 810.50, -56.43, 0.0000, 846.94, -29.26, 0.0000, 70, 120, 55
L 774.06, -29.26, 0.0000, 795.92, -25.26, 0.0000, 70, 120, 55
L 846.94, -29.26, 0.0000, 825.08, -25.26, 0.0000, 70, 120, 55
L 778.52, -59.22, 0.0000, 810.50, -86.39, 0.0000, 70, 120, 55
L 810.50, -86.39, 0.0000, 842.48, -59.22, 0.0000, 70, 120, 55
L 778.52, -59.22, 0.0000, 797.71, -55.22, 0.0000, 70, 120, 55
L 842.48, -59.22, 0.0000, 823.29, -55.22, 0.0000, 70, 120, 55
L 782.98, -89.17, 0.0000, 810.50, -116.34, 0.0000, 70, 120, 55
L 810.50, -116.34, 0.0000, 838.02, -89.17, 0.0000, 70, 120, 55
L 782.98, -89.17, 0.0000, 799.49, -85.17, 0.0000, 70, 120, 55
L 838.02, -89.17, 0.0000, 821.51, -85.17, 0.0000, 70, 120, 55
L 787.44, -119.13, 0.0000, 810.50, -146.30, 0.0000, 70, 120, 55
L 810.50, -146.30, 0.0000, 833.56, -119.13, 0.0000, 70, 120, 55
L 787.44, -119.13, 0.0000, 801.27, -115.13, 0.0000, 70, 120, 55
L 833.56, -119.13, 0.0000, 819.73, -115.13, 0.0000, 70, 120, 55
L 791.89, -149.09, 0.0000, 810.50, -176.26, 0.0000, 70, 120, 55
L 810.50, -176.26, 0.0000, 829.11, -149.09, 0.0000, 70, 120, 55
L 791.89, -149.09, 0.0000, 803.06, -145.09, 0.0000, 70, 120, 55
L 829.11, -149.09, 0.0000, 817.94, -145.09, 0.0000, 70, 120, 55
L 796.35, -179.04, 0.0000, 810.50, -206.21, 0.0000, 70, 120, 55
L 810.50, -206.21, 0.0000, 824.65, -179.04, 0.0000, 70, 120, 55
L 796.35, -179.04, 0.0000, 804.84, -175.04, 0.0000, 70, 120, 55
L 824.65, -179.04, 0.0000, 816.16, -175.04, 0.0000, 70, 120, 55
L 800.81, -209.00, 0.0000, 810.50, -236.17, 0.0000, 70, 120, 55
L 810.50, -236.17, 0.0000, 820.19, -209.00, 0.0000, 70, 120, 55
L 800.81, -209.00, 0.0000, 806.62, -205.00, 0.0000, 70, 120, 55
L 820.19, -209.00, 0.0000, 814.38, -205.00, 0.0000, 70, 120, 55
L 810.50, -209.00, 0.0000, 810.50, -215.00, 0.0000, 70, 120, 55
L -376.50, 240.00, 0.0000, -376.50, 210.88, 0.0000, 90, 60, 34
L -378.50, 240.00, 0.0000, -378.50, 214.52, 0.0000, 90, 60, 34
L -408.62, 214.52, 0.0000, -376.50, 190.86, 0.0000, 70, 120, 55
L -376.50, 190.86, 0.0000, -344.38, 214.52, 0.0000, 70, 120, 55
L -408.62, 214.52, 0.0000, -389.35, 218.52, 0.0000, 70, 120, 55
L -344.38, 214.52, 0.0000, -363.65, 218.52, 0.0000, 70, 120, 55
L -404.74, 188.43, 0.0000, -376.50, 164.77, 0.0000, 70, 120, 55
L -376.50, 164.77, 0.0000, -348.26, 188.43, 0.0000, 70, 120, 55
L -404.74, 188.43, 0.0000, -387.79, 192.43, 0.0000, 70, 120, 55
L -348.26, 188.43, 0.0000, -365.21, 192.43, 0.0000, 70, 120, 55
L -400.85, 162.35, 0.0000, -376.50, 138.69, 0.0000, 70, 120, 55
L -376.50, 138.69, 0.0000, -352.15, 162.35, 0.0000, 70, 120, 55
L -400.85, 162.35, 0.0000, -386.24, 166.35, 0.0000, 70, 120, 55
L -352.15, 162.35, 0.0000, -366.76, 166.35, 0.0000, 70, 120, 55
L -396.97, 136.26, 0.0000, -376.50, 112.60, 0.0000, 70, 120, 55
L -376.50, 112.60, 0.0000, -356.03, 136.26, 0.0000, 70, 120, 55
L -396.97, 136.26, 0.0000, -384.69, 140.26, 0.0000, 70, 120, 55
L -356.03, 136.26, 0.0000, -368.31, 140.26, 0.0000, 70, 120, 55
L -393.09, 110.17, 0.0000, -376.50, 86.51, 0.0000, 70, 120, 55
L -376.50, 86.51, 0.0000, -359.91, 110.17, 0.0000, 70, 120, 55
L -393.09, 110.17, 0.0000, -383.14, 114.17, 0.0000, 70, 120, 55
L -359.91, 110.17, 0.0000, -369.86, 114.17, 0.0000, 70, 120, 55
L -389.21, 84.09, 0.0000, -376.50, 60.43, 0.0000, 70, 120, 55
L -376.50, 60.43, 0.0000, -363.79, 84.09, 0.0000, 70, 120, 55
L -389.21, 84.09, 0.0000, -381.58, 88.09, 0.0000, 70, 120, 55
L -363.79, 84.09, 0.0000, -371.42, 88.09, 0.0000, 70, 120, 55
L -385.32, 58.00, 0.0000, -376.50, 34.34, 0.0000, 70, 120, 55
L -376.50, 34.34, 0.0000, -367.68, 58.00, 0.0000, 70, 120, 55
L -385.32, 58.00, 0.0000, -380.03, 62.00, 0.0000, 70, 120, 55
L -367.68, 58.00, 0.0000, -372.97, 62.00, 0.0000, 70, 120, 55
L -376.50, 58.00, 0.0000, -376.50, 52.00, 0.0000, 70, 120, 55
L 810.50, 240.00, 0.0000, 810.50, 210.88, 0.0000, 90, 60, 34
L 808.50, 240.00, 0.0000, 808.50, 214.52, 0.0000, 90, 60, 34
L 778.38, 214.52, 0.0000, 810.50, 190.86, 0.0000, 70, 120, 55
L 810.50, 190.86, 0.0000, 842.62, 214.52, 0.0000, 70, 120, 55
L 778.38, 214.52, 0.0000, 797.65, 218.52, 0.0000, 70, 120, 55
L 842.62, 214.52, 0.0000, 823.35, 218.52, 0.0000, 70, 120, 55
L 782.26, 188.43, 0.0000, 810.50, 164.77, 0.0000, 70, 120, 55
L 810.50, 164.77, 0.0000, 838.74, 188.43, 0.0000, 70, 120, 55
L 782.26, 188.43, 0.0000, 799.21, 192.43, 0.0000, 70, 120, 55
L 838.74, 188.43, 0.0000, 821.79, 192.43, 0.0000, 70, 120, 55
L 786.15, 162.35, 0.0000, 810.50, 138.69, 0.0000, 70, 120, 55
L 810.50, 138.69, 0.0000, 834.85, 162.35, 0.0000, 70, 120, 55
L 786.15, 162.35, 0.0000, 800.76, 166.35, 0.0000, 70, 120, 55
L 834.85, 162.35, 0.0000, 820.24, 166.35, 0.0000, 70, 120, 55
L 790.03, 136.26, 0.0000, 810.50, 112.60, 0.0000, 70, 120, 55
L 810.50, 112.60, 0.0000, 830.97, 136.26, 0.0000, 70, 120, 55
L 790.03, 136.26, 0.0000, 802.31, 140.26, 0.0000, 70, 120, 55
L 830.97, 136.26, 0.0000, 818.69, 140.26, 0.0000, 70, 120, 55
L 793.91, 110.17, 0.0000, 810.50, 86.51, 0.0000, 70, 120, 55
L 810.50, 86.51, 0.0000, 827.09, 110.17, 0.0000, 70, 120, 55
L 793.91, 110.17, 0.0000, 803.86, 114.17, 0.0000, 70, 120, 55
L 827.09, 110.17, 0.0000, 817.14, 114.17, 0.0000, 70, 120, 55
L 797.79, 84.09, 0.0000, 810.50, 60.43, 0.0000, 70, 120, 55
L 810.50, 60.43, 0.0000, 823.21, 84.09, 0.0000, 70, 120, 55
L 797.79, 84.09, 0.0000, 805.42, 88.09, 0.0000, 70, 120, 55
L 823.21, 84.09, 0.0000, 815.58, 88.09, 0.0000, 70, 120, 55
L 801.68, 58.00, 0.0000, 810.50, 34.34, 0.0000, 70, 120, 55
L 810.50, 34.34, 0.0000, 819.32, 58.00, 0.0000, 70, 120, 55
L 801.68, 58.00, 0.0000, 806.97, 62.00, 0.0000, 70, 120, 55
L 819.32, 58.00, 0.0000, 814.03, 62.00, 0.0000, 70, 120, 55
L 810.50, 58.00, 0.0000, 810.50, 52.00, 0.0000, 70, 120, 55
L -376.50, 480.00, 0.0000, -376.50, 448.80, 0.0000, 90, 60, 34
L -378.50, 480.00, 0.0000, -378.50, 452.70, 0.0000, 90, 60, 34
L -410.70, 452.70, 0.0000, -376.50, 427.35, 0.0000, 70, 120, 55
L -376.50, 427.35, 0.0000, -342.30, 452.70, 0.0000, 70, 120, 55
L -410.70, 452.70, 0.0000, -390.18, 456.70, 0.0000, 70, 120, 55
L -342.30, 452.70, 0.0000, -362.82, 456.70, 0.0000, 70, 120, 55
L -406.54, 424.75, 0.0000, -376.50, 399.40, 0.0000, 70, 120, 55
L -376.50, 399.40, 0.0000, -346.46, 424.75, 0.0000, 70, 120, 55
L -406.54, 424.75, 0.0000, -388.52, 428.75, 0.0000, 70, 120, 55
L -346.46, 424.75, 0.0000, -364.48, 428.75, 0.0000, 70, 120, 55
L -402.38, 396.80, 0.0000, -376.50, 371.45, 0.0000, 70, 120, 55
L -376.50, 371.45, 0.0000, -350.62, 396.80, 0.0000, 70, 120, 55
L -402.38, 396.80, 0.0000, -386.85, 400.80, 0.0000, 70, 120, 55
L -350.62, 396.80, 0.0000, -366.15, 400.80, 0.0000, 70, 120, 55
L -398.22, 368.85, 0.0000, -376.50, 343.50, 0.0000, 70, 120, 55
L -376.50, 343.50, 0.0000, -354.78, 368.85, 0.0000, 70, 120, 55
L -398.22, 368.85, 0.0000, -385.19, 372.85, 0.0000, 70, 120, 55
L -354.78, 368.85, 0.0000, -367.81, 372.85, 0.0000, 70, 120, 55
L -394.06, 340.90, 0.0000, -376.50, 315.55, 0.0000, 70, 120, 55
L -376.50, 315.55, 0.0000, -358.94, 340.90, 0.0000, 70, 120, 55
L -394.06, 340.90, 0.0000, -383.52, 344.90, 0.0000, 70, 120, 55
L -358.94, 340.90, 0.0000, -369.48, 344.90, 0.0000, 70, 120, 55
L -389.90, 312.95, 0.0000, -376.50, 287.60, 0.0000, 70, 120, 55
L -376.50, 287.60, 0.0000, -363.10, 312.95, 0.0000, 70, 120, 55
L -389.90, 312.95, 0.0000, -381.86, 316.95, 0.0000, 70, 120, 55
L -363.10, 312.95, 0.0000, -371.14, 316.95, 0.0000, 70, 120, 55
L -385.74, 285.00, 0.0000, -376.50, 259.65, 0.0000, 70, 120, 55
L -376.50, 259.65, 0.0000, -367.26, 285.00, 0.0000, 70, 120, 55
L -385.74, 285.00, 0.0000, -380.20, 289.00, 0.0000, 70, 120, 55
L -367.26, 285.00, 0.0000, -372.80, 289.00, 0.0000, 70, 120, 55
L -376.50, 285.00, 0.0000, -376.50, 279.00, 0.0000, 70, 120, 55
L 810.50, 480.00, 0.0000, 810.50, 448.80, 0.0000, 90, 60, 34
L 808.50, 480.00, 0.0000, 808.50, 452.70, 0.0000, 90, 60, 34
L 776.30, 452.70, 0.0000, 810.50, 427.35, 0.0000, 70, 120, 55
L 810.50, 427.35, 0.0000, 844.70, 452.70, 0.0000, 70, 120, 55
L 776.30, 452.70, 0.0000, 796.82, 456.70, 0.0000, 70, 120, 55
L 844.70, 452.70, 0.0000, 824.18, 456.70, 0.0000, 70, 120, 55
L 780.46, 424.75, 0.0000, 810.50, 399.40, 0.0000, 70, 120, 55
L 810.50, 399.40, 0.0000, 840.54, 424.75, 0.0000, 70, 120, 55
L 780.46, 424.75, 0.0000, 798.48, 428.75, 0.0000, 70, 120, 55
L 840.54, 424.75, 0.0000, 822.52, 428.75, 0.0000, 70, 120, 55
L 784.62, 396.80, 0.0000, 810.50, 371.45, 0.0000, 70, 120, 55
L 810.50, 371.45, 0.0000, 836.38, 396.80, 0.0000, 70, 120, 55
L 784.62, 396.80, 0.0000, 800.15, 400.80, 0.0000, 70, 120, 55
L 836.38, 396.80, 0.0000, 820.85, 400.80, 0.0000, 70, 120, 55
L 788.78, 368.85, 0.0000, 810.50, 343.50, 0.0000, 70, 120, 55
L 810.50, 343.50, 0.0000, 832.22, 368.85, 0.0000, 70, 120, 55
L 788.78, 368.85, 0.0000, 801.81, 372.85, 0.0000, 70, 120, 55
L 832.22, 368.85, 0.0000, 819.19, 372.85, 0.0000, 70, 120, 55
L 792.94, 340.90, 0.0000, 810.50, 315.55, 0.0000, 70, 120, 55
L 810.50, 315.55, 0.0000, 828.06, 340.90, 0.0000, 70, 120, 55
L 792.94, 340.90, 0.0000, 803.48, 344.90, 0.0000, 70, 120, 55
L 828.06, 340.90, 0.0000, 817.52, 344.90, 0.0000, 70, 120, 55
L 797.10, 312.95, 0.0000, 810.50, 287.60, 0.0000, 70, 120, 55
L 810.50, 287.60, 0.0000, 823.90, 312.95, 0.0000, 70, 120, 55
L 797.10, 312.95, 0.0000, 805.14, 316.95, 0.0000, 70, 120, 55
L 823.90, 312.95, 0.0000, 815.86, 316.95, 0.0000, 70, 120, 55
L 801.26, 285.00, 0.0000, 810.50, 259.65, 0.0000, 70, 120, 55
L 810.50, 259.65, 0.0000, 819.74, 285.00, 0.0000, 70, 120, 55
L 801.26, 285.00, 0.0000, 806.80, 289.00, 0.0000, 70, 120, 55
L 819.74, 285.00, 0.0000, 814.20, 289.00, 0.0000, 70, 120, 55
L 810.50, 285.00, 0.0000, 810.50, 279.00, 0.0000, 70, 120, 55
L  -340.9600, 732.1120, 0.0000, -342.0200, 744.2720, 0.0000, 90, 60, 34
L  -342.0200, 744.2720, 0.0000, -345.1800, 756.0520, 0.0000, 90, 60, 34
L  -345.1800, 756.0520, 0.0000, -350.3400, 767.1120, 0.0000, 90, 60, 34
L  -350.3400, 767.1120, 0.0000, -357.3400, 777.1120, 0.0000, 90, 60, 34
L  -357.3400, 777.1120, 0.0000, -365.9600, 785.7320, 0.0000, 90, 60, 34
L  -365.9600, 785.7320, 0.0000, -375.9600, 792.7320, 0.0000, 90, 60, 34
L  -375.9600, 792.7320, 0.0000, -387.0200, 797.8920, 0.0000, 90, 60, 34
L  -387.0200, 797.8920, 0.0000, -398.8000, 801.0520, 0.0000, 90, 60, 34
L  -398.8000, 801.0520, 0.0000, -410.9600, 802.1120, 0.0000, 90, 60, 34
L  -410.9600, 802.1120, 0.0000, -423.1200, 801.0520, 0.0000, 90, 60, 34
L  -423.1200, 801.0520, 0.0000, -434.9000, 797.8920, 0.0000, 90, 60, 34
L  -434.9000, 797.8920, 0.0000, -445.9600, 792.7320, 0.0000, 90, 60, 34
L  -445.9600, 792.7320, 0.0000, -455.9600, 785.7320, 0.0000, 90, 60, 34
L  -455.9600, 785.7320, 0.0000, -464.5800, 777.1120, 0.0000, 90, 60, 34
L  -464.5800, 777.1120, 0.0000, -471.5800, 767.1120, 0.0000, 90, 60, 34
L  -471.5800, 767.1120, 0.0000, -476.7400, 756.0520, 0.0000, 90, 60, 34
L  -476.7400, 756.0520, 0.0000, -479.9000, 744.2720, 0.0000, 90, 60, 34
L  -479.9000, 744.2720, 0.0000, -480.9600, 732.1120, 0.0000, 90, 60, 34
L  -480.9600, 732.1120, 0.0000, -479.9000, 719.9520, 0.0000, 90, 60, 34
L  -479.9000, 719.9520, 0.0000, -476.7400, 708.1720, 0.0000, 90, 60, 34
L  -476.7400, 708.1720, 0.0000, -471.5800, 697.1120, 0.0000, 90, 60, 34
L  -471.5800, 697.1120, 0.0000, -464.5800, 687.1120, 0.0000, 90, 60, 34
L  -464.5800, 687.1120, 0.0000, -455.9600, 678.4920, 0.0000, 90, 60, 34
L  -455.9600, 678.4920, 0.0000, -445.9600, 671.4920, 0.0000, 90, 60, 34
L  -445.9600, 671.4920, 0.0000, -434.9000, 666.3320, 0.0000, 90, 60, 34
L  -434.9000, 666.3320, 0.0000, -423.1200, 663.1720, 0.0000, 90, 60, 34
L  -423.1200, 663.1720, 0.0000, -410.9600, 662.1120, 0.0000, 90, 60, 34
L  -410.9600, 662.1120, 0.0000, -398.8000, 663.1720, 0.0000, 90, 60, 34
L  -398.8000, 663.1720, 0.0000, -387.0200, 666.3320, 0.0000, 90, 60, 34
L  -387.0200, 666.3320, 0.0000, -375.9600, 671.4920, 0.0000, 90, 60, 34
L  -375.9600, 671.4920, 0.0000, -365.9600, 678.4920, 0.0000, 90, 60, 34
L  -365.9600, 678.4920, 0.0000, -357.3400, 687.1120, 0.0000, 90, 60, 34
L  -357.3400, 687.1120, 0.0000, -350.3400, 697.1120, 0.0000, 90, 60, 34
L  -350.3400, 697.1120, 0.0000, -345.1800, 708.1720, 0.0000, 90, 60, 34
L  -345.1800, 708.1720, 0.0000, -342.0200, 719.9520, 0.0000, 90, 60, 34
L  -342.0200, 719.9520, 0.0000, -340.9600, 732.1120, 0.0000, 90, 60, 34
L  -331.8600, 732.1120, 0.0000, -333.0600, 745.8520, 0.0000, 140, 104, 60
L  -333.0600, 745.8520, 0.0000, -336.6300, 759.1620, 0.0000, 140, 104, 60
L  -336.6300, 759.1620, 0.0000, -342.4600, 771.6620, 0.0000, 140, 104, 60
L  -342.4600, 771.6620, 0.0000, -350.3700, 782.9520, 0.0000, 140, 104, 60
L  -350.3700, 782.9520, 0.0000, -360.1200, 792.7020, 0.0000, 140, 104, 60
L  -360.1200, 792.7020, 0.0000, -371.4100, 800.6120, 0.0000, 140, 104, 60
L  -371.4100, 800.6120, 0.0000, -383.9100, 806.4420, 0.0000, 140, 104, 60
L  -383.9100, 806.4420, 0.0000, -397.2200, 810.0120, 0.0000, 140, 104, 60
L  -397.2200, 810.0120, 0.0000, -410.9600, 811.2120, 0.0000, 140, 104, 60
L  -410.9600, 811.2120, 0.0000, -424.7000, 810.0120, 0.0000, 140, 104, 60
L  -424.7000, 810.0120, 0.0000, -438.0100, 806.4420, 0.0000, 140, 104, 60
L  -438.0100, 806.4420, 0.0000, -450.5100, 800.6120, 0.0000, 140, 104, 60
L  -450.5100, 800.6120, 0.0000, -461.8000, 792.7020, 0.0000, 140, 104, 60
L  -461.8000, 792.7020, 0.0000, -471.5500, 782.9520, 0.0000, 140, 104, 60
L  -471.5500, 782.9520, 0.0000, -479.4600, 771.6620, 0.0000, 140, 104, 60
L  -479.4600, 771.6620, 0.0000, -485.2900, 759.1620, 0.0000, 140, 104, 60
L  -485.2900, 759.1620, 0.0000, -488.8600, 745.8520, 0.0000, 140, 104, 60
L  -488.8600, 745.8520, 0.0000, -490.0600, 732.1120, 0.0000, 140, 104, 60
L  -490.0600, 732.1120, 0.0000, -488.8600, 718.3720, 0.0000, 140, 104, 60
L  -488.8600, 718.3720, 0.0000, -485.2900, 705.0620, 0.0000, 140, 104, 60
L  -485.2900, 705.0620, 0.0000, -479.4600, 692.5620, 0.0000, 140, 104, 60
L  -479.4600, 692.5620, 0.0000, -471.5500, 681.2720, 0.0000, 140, 104, 60
L  -471.5500, 681.2720, 0.0000, -461.8000, 671.5220, 0.0000, 140, 104, 60
L  -461.8000, 671.5220, 0.0000, -450.5100, 663.6120, 0.0000, 140, 104, 60
L  -450.5100, 663.6120, 0.0000, -438.0100, 657.7820, 0.0000, 140, 104, 60
L  -438.0100, 657.7820, 0.0000, -424.7000, 654.2120, 0.0000, 140, 104, 60
L  -424.7000, 654.2120, 0.0000, -410.9600, 653.0120, 0.0000, 140, 104, 60
L  -410.9600, 653.0120, 0.0000, -397.2200, 654.2120, 0.0000, 140, 104, 60
L  -397.2200, 654.2120, 0.0000, -383.9100, 657.7820, 0.0000, 140, 104, 60
L  -383.9100, 657.7820, 0.0000, -371.4100, 663.6120, 0.0000, 140, 104, 60
L  -371.4100, 663.6120, 0.0000, -360.1200, 671.5220, 0.0000, 140, 104, 60
L  -360.1200, 671.5220, 0.0000, -350.3700, 681.2720, 0.0000, 140, 104, 60
L  -350.3700, 681.2720, 0.0000, -342.4600, 692.5620, 0.0000, 140, 104, 60
L  -342.4600, 692.5620, 0.0000, -336.6300, 705.0620, 0.0000, 140, 104, 60
L  -336.6300, 705.0620, 0.0000, -333.0600, 718.3720, 0.0000, 140, 104, 60
L  -333.0600, 718.3720, 0.0000, -331.8600, 732.1120, 0.0000, 140, 104, 60
L  -410.9600, 732.1120, 0.0000, -410.9600, 662.1120, 0.0000, 90, 60, 34
L  -410.9600, 732.1120, 0.0000, -381.2600, 702.4120, 0.0000, 70, 120, 55
L  -410.9600, 732.1120, 0.0000, -340.9600, 732.1120, 0.0000, 90, 60, 34
L  -410.9600, 732.1120, 0.0000, -381.2600, 761.8120, 0.0000, 70, 120, 55
L  -410.9600, 732.1120, 0.0000, -410.9600, 802.1120, 0.0000, 90, 60, 34
L  -410.9600, 732.1120, 0.0000, -440.6600, 761.8120, 0.0000, 70, 120, 55
L  -410.9600, 732.1120, 0.0000, -480.9600, 732.1120, 0.0000, 90, 60, 34
L  -410.9600, 732.1120, 0.0000, -440.6600, 702.4120, 0.0000, 70, 120, 55
L  -410.9600, 737.0420, 0.0000, -421.3000, 722.2520, 0.0000, 90, 60, 34
L  -421.3000, 722.2520, 0.0000, -410.9400, 707.4720, 0.0000, 90, 60, 34
L  -410.9400, 707.4720, 0.0000, -400.6000, 722.2620, 0.0000, 90, 60, 34
L  -400.6000, 722.2620, 0.0000, -410.9600, 737.0420, 0.0000, 90, 60, 34
L  -410.9600, 737.0420, 0.0000, -410.9600, 737.0420, 0.0000, 90, 60, 34
L  -410.9600, 737.0420, 0.0000, -410.9400, 707.4720, 0.0000, 90, 60, 34
L  -410.9600, 729.6520, 0.0000, -416.1300, 725.7020, 0.0000, 90, 60, 34
L  -410.9600, 729.6520, 0.0000, -405.7800, 725.7120, 0.0000, 90, 60, 34
L  -410.9500, 722.2520, 0.0000, -414.8900, 718.3120, 0.0000, 90, 60, 34
L  -410.9500, 722.2520, 0.0000, -407.0100, 718.3120, 0.0000, 90, 60, 34
L  -410.9500, 716.3420, 0.0000, -413.9000, 712.4020, 0.0000, 90, 60, 34
L  -410.9500, 716.3420, 0.0000, -407.9900, 712.4020, 0.0000, 90, 60, 34
L  -410.9600, 735.2520, 0.0000, -417.5400, 725.8320, 0.0000, 70, 120, 55
L  -417.5400, 725.8320, 0.0000, -410.9500, 716.4320, 0.0000, 70, 120, 55
L  -410.9500, 716.4320, 0.0000, -404.3700, 725.8420, 0.0000, 70, 120, 55
L  -404.3700, 725.8420, 0.0000, -410.9600, 735.2520, 0.0000, 70, 120, 55
L  -410.9600, 735.2520, 0.0000, -410.9600, 735.2520, 0.0000, 70, 120, 55
L  -410.9600, 735.2520, 0.0000, -410.9500, 716.4320, 0.0000, 70, 120, 55
L  -410.9600, 730.5420, 0.0000, -414.2500, 728.0320, 0.0000, 70, 120, 55
L  -410.9600, 730.5420, 0.0000, -407.6600, 728.0420, 0.0000, 70, 120, 55
L  -410.9600, 725.8420, 0.0000, -413.4600, 723.3320, 0.0000, 70, 120, 55
L  -410.9600, 725.8420, 0.0000, -408.4400, 723.3320, 0.0000, 70, 120, 55
L  -410.9500, 722.0720, 0.0000, -412.8300, 719.5620, 0.0000, 70, 120, 55
L  -410.9500, 722.0720, 0.0000, -409.0700, 719.5720, 0.0000, 70, 120, 55
L  -410.9600, 697.1120, 0.0000, -410.9600, 669.1120, 0.0000, 90, 60, 34
L  -418.9600, 676.1120, 0.0000, -410.9600, 666.3120, 0.0000, 90, 60, 34
L  -402.9600, 676.1120, 0.0000, -410.9600, 666.3120, 0.0000, 90, 60, 34
P -410.9600, 642.5120, 0.0000, 90, 60, 34, 3, N
P -410.9600, 821.7120, 0.0000, 90, 60, 34, 1, S
P -321.3600, 732.1120, 0.0000, 90, 60, 34, 1, E
P -500.5600, 732.1120, 0.0000, 90, 60, 34, 1, W
