L -355.8176, -816.9844, 0.0000, -437.5988, -898.7656, 0.0000, 150, 90, 150
L -437.5988, -898.7656, 0.0000, -410.7578, -892.0553, 0.0000, 150, 90, 150
L -437.5988, -898.7656, 0.0000, -430.8885, -871.9246, 0.0000, 150, 90, 150
P -355.8176, -789.1871, 0.0000, 150, 90, 150, 3, To_Twisted_Tower
L -322.5697, -369.6250, 0.0000, -470.8467, -369.6250, 0.0000, 150, 90, 150
L -470.8467, -369.6250, 0.0000, -441.1913, -387.4182, 0.0000, 150, 90, 150
L -470.8467, -369.6250, 0.0000, -441.1913, -351.8318, 0.0000, 150, 90, 150
P -322.5697, -341.8277, 0.0000, 150, 90, 150, 4, To_Jethro's_Cast
L -344.2844, 66.2012, 0.0000, -449.1320, 171.0488, 0.0000, 150, 90, 150
L -449.1320, 171.0488, 0.0000, -440.7442, 137.4976, 0.0000, 150, 90, 150
L -449.1320, 171.0488, 0.0000, -415.5808, 162.6610, 0.0000, 150, 90, 150
P -344.2844, 93.9985, 0.0000, 150, 90, 150, 4, To_Jaggedpine
L -355.8176, 565.9844, 0.0000, -437.5988, 647.7656, 0.0000, 150, 90, 150
L -437.5988, 647.7656, 0.0000, -430.8885, 620.9246, 0.0000, 150, 90, 150
L -437.5988, 647.7656, 0.0000, -410.7578, 641.0553, 0.0000, 150, 90, 150
P -355.8176, 593.7817, 0.0000, 150, 90, 150, 3, To_Crethly_Manor
L -148.5000, -910.3944, 0.0000, -148.5000, -1058.6713, 0.0000, 150, 90, 150
L -148.5000, -1058.6713, 0.0000, -130.7068, -1029.0159, 0.0000, 150, 90, 150
L -148.5000, -1058.6713, 0.0000, -166.2932, -1029.0159, 0.0000, 150, 90, 150
P -148.5000, -882.5971, 0.0000, 150, 90, 150, 4, To_Murnf
L 582.5000, -926.7049, 0.0000, 582.5000, -1042.3608, 0.0000, 150, 90, 150
L 582.5000, -1042.3608, 0.0000, 596.7346, -1018.6365, 0.0000, 150, 90, 150
L 582.5000, -1042.3608, 0.0000, 568.2654, -1018.6365, 0.0000, 150, 90, 150
P 582.5000, -898.9076, 0.0000, 150, 90, 150, 3, To_Salisearaneen
L 778.2481, -724.0762, 0.0000, 883.0957, -828.9238, 0.0000, 150, 90, 150
L 883.0957, -828.9238, 0.0000, 874.7079, -795.3726, 0.0000, 150, 90, 150
L 883.0957, -828.9238, 0.0000, 849.5445, -820.5360, 0.0000, 150, 90, 150
P 778.2481, -696.2789, 0.0000, 150, 90, 150, 4, To_Spirit_Talker's_Wood
L 789.7813, -84.6094, 0.0000, 871.5625, -166.3906, 0.0000, 150, 90, 150
L 871.5625, -166.3906, 0.0000, 864.8522, -139.5496, 0.0000, 150, 90, 150
L 871.5625, -166.3906, 0.0000, 844.7215, -159.6803, 0.0000, 150, 90, 150
P 789.7813, -56.8121, 0.0000, 150, 90, 150, 3, To_Diren_Village
L 756.5335, 525.5000, 0.0000, 904.8104, 525.5000, 0.0000, 150, 90, 150
L 904.8104, 525.5000, 0.0000, 875.1550, 543.2932, 0.0000, 150, 90, 150
L 904.8104, 525.5000, 0.0000, 875.1550, 507.7068, 0.0000, 150, 90, 150
P 756.5335, 553.2973, 0.0000, 150, 90, 150, 4, To_Wymondham
L 217.0000, 675.5237, 0.0000, 217.0000, 791.1796, 0.0000, 150, 90, 150
L 217.0000, 791.1796, 0.0000, 202.7654, 767.4553, 0.0000, 150, 90, 150
L 217.0000, 791.1796, 0.0000, 231.2346, 767.4553, 0.0000, 150, 90, 150
P 217.0000, 703.3209, 0.0000, 150, 90, 150, 3, To_Fog_Marsh
