P 510.3604, -38.3787, 42.7510, 160, 105, 0, 3, to_Jaggedpine_Forest
P -111.6318, 613.3677, 3.7510, 160, 105, 0, 3, to_Qeynos_Hills
P -136.1700, 40.4751, 2.7510, 30, 70, 90, 2, Ran_Walker
P -12.0000, 40.0000, 3.7510, 35, 95, 55, 2, Frannie_(Baking)
P 286.0000, 152.0000, 3.7510, 35, 95, 55, 2, Sallah_(Spells)
P 294.0000, 154.0000, 3.7510, 35, 95, 55, 2, Sequea_(Merchant)
P 301.0000, 157.0000, 3.7510, 35, 95, 55, 2, Arrivae_(Spells)
P 301.0000, 119.0000, 3.7510, 165, 60, 20, 3, Vesteri_(GM_Druid)
P 272.0000, 107.0000, 3.7510, 30, 70, 90, 2, Livam_(Fletcher)
P 259.8770, 106.6450, 3.7510, 35, 95, 55, 2, Qomber_(Spells)
P 396.0000, 176.0000, 3.7510, 165, 60, 20, 3, Gerael_(GM_Druid)
P 434.0000, 217.0000, 6.7510, 165, 60, 20, 3, Salmekia_(GM_Druid)
P 438.0000, 206.0000, 6.7510, 165, 60, 20, 3, Te`Anara_(GM_Druid)
P 77.0000, -103.0000, 3.7510, 35, 95, 55, 2, Bukem_(Spells)
P 87.0000, -104.0000, 3.7510, 35, 95, 55, 2, Grathin_(Weapons)
P 94.0000, -104.0000, 3.7510, 35, 95, 55, 2, Raken_(Spells)
P 112.0000, -107.0000, 3.7510, 35, 95, 55, 2, Durvinna_(Spells)
P 109.0000, -126.0000, 3.7510, 30, 70, 90, 2, Tonsia_(Fletcher)
P 103.0000, -136.0000, 3.7510, 165, 60, 20, 3, Merona_(GM_Ranger)
P 4.0000, -175.0000, 3.7510, 165, 60, 20, 3, Errin_(GM_Ranger)
P 36.0000, -177.0000, 3.7510, 165, 60, 20, 3, Gillarian_(GM_Ranger)
P -83.3412, -102.7518, 2.7510, 165, 60, 20, 3, Hager_(GM_Ranger)
P -102.4980, -108.2033, 3.7510, 30, 70, 90, 2, Jarse_(Fletcher)
P 11.5464, -242.8316, 1.2434, 165, 60, 20, 3, Larsk_(GM_Ranger)
