P 181.2733, 1955.0663, 34.2218, 35, 95, 55, 2, Fletching_Merchants
P 158.3047, 1784.8387, -2.7188, 30, 70, 90, 2, Loom
P -2090.5889, 1774.3232, -2.4256, 35, 95, 55, 2, Florgg_(Skills)
P -2102.8245, 1748.7432, -0.7121, 165, 60, 20, 3, Shargnol_(GM_Rogue)
P -2143.8591, 1746.1982, -0.0927, 165, 60, 20, 3, Thragnog_(GM_Shadow_Knight)
P -2154.9385, 1770.5587, -0.0719, 35, 95, 55, 2, Vordangl_(Spells)
P -2138.5613, 1882.1987, -0.6623, 165, 60, 20, 3, Ralg_(GM_Cleric)
P -2088.5801, 1867.7867, -2.4655, 35, 95, 55, 2, Biddlegorb_(Spells)
P -1985.0767, 2054.5959, -0.9161, 35, 95, 55, 2, Flogglebig_(Spells)
P -1957.9008, 2057.7637, -2.1559, 165, 60, 20, 3, Malgorn_(GM_Necromancer)
P -1935.0884, 2055.9507, -2.5299, 35, 95, 55, 2, Noglleg_(Spells)
P -919.6992, 2289.4744, 12.5256, 35, 95, 55, 2, Glag_(Merchant)
P -921.1129, 2273.8035, 12.5256, 35, 95, 55, 2, Huoo_(Weapons)
P -914.1738, 2322.7637, 60.7048, 30, 70, 90, 2, Oven
P -893.1265, 2339.7439, 60.7048, 35, 95, 55, 2, Baking_Merchants
P -863.1306, 2376.0103, 60.7048, 30, 70, 90, 2, Forge
P -841.3917, 2371.9258, -2.7306, 35, 95, 55, 2, Grop_(Merchant)
P -831.7244, 2382.5671, -3.1601, 35, 95, 55, 2, Gribbl_(Blacksmith)
P -817.8657, 2378.1846, -2.0689, 35, 95, 55, 2, Folis_(Pottery)
P -71.7022, 1216.5083, 2.9716, 35, 95, 55, 2, Virek_(Merchant)
P -4.5429, 1256.8074, -2.3752, 30, 70, 90, 2, Brew_Barrel
P 4.6842, 1278.8566, -2.6633, 35, 95, 55, 2, Brewing_Merchants
P -356.1915, 1653.0912, -2.5410, 35, 95, 55, 2, Spell_and_Skill_Merchants
P -421.5539, 1975.5326, -2.3166, 165, 60, 20, 3, Galdok_(GM_Cleric)
P -364.7933, 1955.6653, 16.6608, 165, 60, 20, 3, Kintok_(GM_Shaman)
P -323.7503, 2004.9393, -2.7167, 35, 95, 55, 2, Alchemist_Merchants
P -371.6286, 2014.2126, -2.5901, 35, 95, 55, 2, Gluchh_(Satchels)
P -452.3717, 1937.5648, -2.1698, 165, 60, 20, 3, Uklo_(GM_Wizard)
P -613.4218, 2245.3384, 40.8529, 30, 70, 90, 2, Priest_of_Discord
P -590.8099, 2216.0322, 40.8529, 30, 70, 90, 2, Oven
P -88.9001, 1787.4154, -0.8577, 30, 70, 90, 2, Quartermaster_Grik_(Tribute_Master)
P -192.7688, 2210.1743, 47.1728, 140, 35, 30, 3, Srekta_(Tradeskill_Quests)
P -302.7460, 2132.4468, 55.9123, 35, 95, 55, 2, Zribb_(Merchant)
P -223.0889, 2193.5659, -2.6978, 35, 95, 55, 2, Armor_Merchants
P -299.0121, 2096.7878, -1.5943, 30, 70, 90, 2, Kiln
P -282.0658, 2091.4761, -1.7313, 35, 95, 55, 2, Pottery_Merchant
P -273.5338, 2087.0610, -1.7313, 30, 70, 90, 2, Pottery_Wheel
P 192.9188, 1892.9358, 77.9020, 35, 95, 55, 2, Jewelcrafting_Merchants
P 151.3969, 1796.1345, -2.6718, 35, 95, 55, 2, Tailoring_Merchants
P 52.7801, 1744.1868, -1.9628, 35, 95, 55, 2, Blacksmithing_Merchants
P -516.7068, 1743.4064, -2.6114, 35, 95, 55, 3, Zlopps_(Banker)
P -444.1320, 1688.3203, -2.0275, 165, 60, 20, 3, Arglug_(GM_Shaman)
P -357.4714, 1649.2512, -2.5919, 165, 60, 20, 3, Griblok_(GM_Warrior)
P -352.3206, 1664.1605, -2.3977, 165, 60, 20, 3, Grubbus_(GM_Paladin)
P -335.5752, 1723.0436, -2.5251, 35, 95, 55, 2, Gokk_(Spells)
P -327.3542, 1717.6466, -2.6885, 165, 60, 20, 3, Gloorg_(GM_Cleric)
P -331.5101, 1721.0369, -2.6060, 30, 70, 90, 2, Forge
P -260.8762, 1620.4009, -2.7167, 165, 60, 20, 3, Sergug_(GM_Wizard)
P -359.7076, 1392.0477, -1.7055, 30, 70, 90, 2, Malka_(Town_Crier)
P 1203.0000, -1937.0000, -1.0000, 165, 60, 20, 2, Abigail_(Notable)
P -1808.0000, -5056.0000, 123.8385, 165, 60, 20, 2, Albain_Tinderbrand_(Notable)
P 3304.0000, -3476.0000, 19.8413, 165, 60, 20, 2, Ankhefenmut_(Notable)
P -383.0000, -1729.0000, 88.3803, 165, 60, 20, 2, Ankhesenaten_(Notable)
P -93.0000, -1491.0000, 90.3467, 165, 60, 20, 2, Ankhetperure_(Notable)
P -232.0000, -1495.0000, -2.3113, 165, 60, 20, 2, Ankhnesmerira_(Notable)
P 2304.0000, 456.0000, 4.5846, 165, 60, 20, 2, Bindlegrob_(Notable)
P 1315.0000, -4065.0000, -0.2467, 165, 60, 20, 2, Brill_(Notable)
P -1500.0000, 0.0000, 99.9142, 165, 60, 20, 2, Broog_Bloodbeard_(Notable)
P -1390.0000, -3922.0000, -1.2001, 165, 60, 20, 2, Chandra_Kali_(Notable)
P -1310.0000, -1719.0000, -1.6782, 165, 60, 20, 2, Chizzlik_(Notable)
P -896.0000, -4093.0000, -0.0191, 165, 60, 20, 2, Darfumpel_Zirubbel_(Notable)
P 822.0000, -2968.0000, 114.6811, 165, 60, 20, 2, David_(Notable)
P -844.0000, -4342.0000, 2.2815, 165, 60, 20, 2, Delila_(Notable)
P -740.0000, -2007.0000, 3.8928, 165, 60, 20, 2, Findlegrob_(Notable)
P 1905.0000, -2870.0000, 34.3173, 165, 60, 20, 2, Glaron_the_Wicked_(Notable)
P 492.0000, -2849.0000, 46.8294, 165, 60, 20, 2, Grazhak_the_Berzerker_(Notable)
P -1225.0000, -125.0000, 121.4101, 165, 60, 20, 2, Guard_Carnita_(Notable)
P 1282.0000, -3968.0000, -0.7720, 165, 60, 20, 2, Guard_Dykalin_(Notable)
P -1811.0000, -1551.0000, 15.5326, 165, 60, 20, 2, Guard_Gruilka_(Notable)
P -1730.0000, -1551.0000, 8.3699, 165, 60, 20, 2, Guard_Shiznak_(Notable)
P -1055.0000, -4197.0000, 0.0663, 165, 60, 20, 2, Kathryn_(Notable)
P 1561.0000, 634.0000, -1.1542, 165, 60, 20, 2, Kazzel_D`Leryt_(Notable)
P 1328.0000, -3865.0000, -0.9840, 165, 60, 20, 2, Kedryll_Tindle_(Notable)
P 916.0000, -1634.0000, 21.6469, 165, 60, 20, 2, Kindra_Farseer_(Notable)
P -1477.0000, -3989.0000, 21.2441, 165, 60, 20, 2, Lianna_Ferasa_(Notable)
P 2085.0000, 15.0000, -1.0000, 165, 60, 20, 2, Maldyn_the_Unkempt_(Notable)
P 839.0000, -2888.0000, 113.5930, 165, 60, 20, 2, Marianna_(Notable)
P -847.0000, -4244.0000, 2.2815, 165, 60, 20, 2, Meelana_(Notable)
P 763.0000, -3070.0000, 86.8481, 165, 60, 20, 2, Nicholas_(Notable)
P -1775.0000, -5296.0000, 125.3977, 165, 60, 20, 2, Nola_Thistleborn_(Notable)
P -1650.0000, -3550.0000, 122.0276, 165, 60, 20, 2, Oculys_Ogrefiend_(Notable)
P 2239.0000, -1432.0000, 174.5694, 165, 60, 20, 2, Sir_Edwin_Motte_(Notable)
P -1748.0000, -5118.0000, 124.2269, 165, 60, 20, 2, Solvedi_Aldeberan_(Notable)
P 1383.0000, -3992.0000, -0.7720, 165, 60, 20, 2, Sven_Drinn_(Notable)
P -1570.0000, -6325.0000, 0.0575, 165, 60, 20, 2, Tabien_the_Goodly_(Notable)
P 1441.0000, -3429.0000, 89.7260, 165, 60, 20, 2, Tainted_hill_giant_(Notable)
P -1211.0000, -2777.0000, 77.1272, 165, 60, 20, 2, Tarskuk_(Notable)
P -1897.0000, -5177.0000, 127.2364, 165, 60, 20, 2, Tholia_Fastbond_(Notable)
P -1637.0000, -5251.0000, 127.9940, 165, 60, 20, 2, Tibrinn_Ember_(Notable)
P -2227.0000, -5021.0000, 56.1562, 165, 60, 20, 2, Unkempt_Preserver_(Notable)
P -1345.0000, -6237.0000, 0.0575, 165, 60, 20, 2, Xenyari_Lisariel_(Notable)
P -2394.0000, -2813.0000, 13.1150, 165, 60, 20, 2, Zazamaharet_(Notable)
P -2337.0000, -2895.0000, 17.6335, 165, 60, 20, 2, Zazamenhu_(Notable)
P -2476.0000, -2894.0000, 43.8845, 165, 60, 20, 2, Zazaphenebti_(Notable)
