L 225.3053, -2320.7311, 0.0000, 277.2158, -2226.3484, 0.0000, 150, 90, 150
L 277.2158, -2226.3484, 0.0000, 225.3053, -2131.9656, 0.0000, 150, 90, 150
L 225.3053, -2131.9656, 0.0000, 173.3948, -2226.3484, 0.0000, 150, 90, 150
L 173.3948, -2226.3484, 0.0000, 225.3053, -2320.7311, 0.0000, 150, 90, 150
P 385.7559, -2226.3484, 0.0000, 150, 90, 150, 2, Geomancer's_Pass
L -1511.5250, -6262.1069, 0.0000, -1511.5250, -7160.9900, 0.0000, 150, 90, 150
L -1511.5250, -7160.9900, 0.0000, -1403.6590, -6981.2134, 0.0000, 150, 90, 150
L -1511.5250, -7160.9900, 0.0000, -1619.3910, -6981.2134, 0.0000, 150, 90, 150
P -2691.3091, -6477.8388, 0.0000, 150, 90, 150, 4, To_Cyclops's_Fortress
L 1962.1450, -6459.8612, 0.0000, 1962.1450, -7160.9900, 0.0000, 150, 90, 150
L 1962.1450, -7160.9900, 0.0000, 2048.4378, -7017.1687, 0.0000, 150, 90, 150
L 1962.1450, -7160.9900, 0.0000, 1875.8522, -7017.1687, 0.0000, 150, 90, 150
P 1063.2619, -6576.7160, 0.0000, 150, 90, 150, 3, To_Aviak_Village
L 2800.0969, -5526.1850, 0.0000, 3698.9800, -5526.1850, 0.0000, 150, 90, 150
L 3698.9800, -5526.1850, 0.0000, 3519.2034, -5418.3190, 0.0000, 150, 90, 150
L 3698.9800, -5526.1850, 0.0000, 3519.2034, -5634.0510, 0.0000, 150, 90, 150
P 782.1043, -5292.4754, 0.0000, 150, 90, 150, 4, To_Sphinx_Pyramid
L 2800.0969, -2256.5750, 0.0000, 3698.9800, -2256.5750, 0.0000, 150, 90, 150
L 3698.9800, -2256.5750, 0.0000, 3519.2034, -2148.7090, 0.0000, 150, 90, 150
L 3698.9800, -2256.5750, 0.0000, 3519.2034, -2364.4410, 0.0000, 150, 90, 150
P 782.1043, -2022.8654, 0.0000, 150, 90, 150, 4, To_Urglunt's_Gate
L 2997.8512, 1013.0350, 0.0000, 3698.9800, 1013.0350, 0.0000, 150, 90, 150
L 3698.9800, 1013.0350, 0.0000, 3555.1587, 1099.3278, 0.0000, 150, 90, 150
L 3698.9800, 1013.0350, 0.0000, 3555.1587, 926.7422, 0.0000, 150, 90, 150
P 1766.3813, 1246.7446, 0.0000, 150, 90, 150, 3, To_Kelinar
L -2752.5871, -5278.2985, 0.0000, -3248.3600, -5774.0715, 0.0000, 150, 90, 150
L -3248.3600, -5774.0715, 0.0000, -3085.6448, -5733.3927, 0.0000, 150, 90, 150
L -3248.3600, -5774.0715, 0.0000, -3207.6812, -5611.3562, 0.0000, 150, 90, 150
P -2644.7211, -5292.4754, 0.0000, 150, 90, 150, 3, To_Stoneclaw
L -2349.4769, -2256.5750, 0.0000, -3248.3600, -2256.5750, 0.0000, 150, 90, 150
L -3248.3600, -2256.5750, 0.0000, -3068.5834, -2364.4410, 0.0000, 150, 90, 150
L -3248.3600, -2256.5750, 0.0000, -3068.5834, -2148.7090, 0.0000, 150, 90, 150
P -2241.6109, -2022.8654, 0.0000, 150, 90, 150, 4, To_Geomancer's_Citadel
L -2612.7537, 695.2318, 0.0000, -3248.3600, 1330.8382, 0.0000, 150, 90, 150
L -3248.3600, 1330.8382, 0.0000, -3197.5115, 1127.4441, 0.0000, 150, 90, 150
L -3248.3600, 1330.8382, 0.0000, -3044.9660, 1279.9897, 0.0000, 150, 90, 150
P -2504.8877, 1246.7446, 0.0000, 150, 90, 150, 4, To_Fort_Alliance
L -1511.5250, 1748.9569, 0.0000, -1511.5250, 2647.8400, 0.0000, 150, 90, 150
L -1511.5250, 2647.8400, 0.0000, -1619.3910, 2468.0634, 0.0000, 150, 90, 150
L -1511.5250, 2647.8400, 0.0000, -1403.6590, 2468.0634, 0.0000, 150, 90, 150
P -2241.8675, 2432.1081, 0.0000, 150, 90, 150, 4, To_Lake_Rathe
L 1962.1450, 1946.7112, 0.0000, 1962.1450, 2647.8400, 0.0000, 150, 90, 150
L 1962.1450, 2647.8400, 0.0000, 1875.8522, 2504.0187, 0.0000, 150, 90, 150
L 1962.1450, 2647.8400, 0.0000, 2048.4378, 2504.0187, 0.0000, 150, 90, 150
P 1231.8025, 2530.9852, 0.0000, 150, 90, 150, 3, To_Ogre_Ruins
