L 852.1726, -684.8611, 0.0000, 914.6080, -747.2964, 0.0000, 150, 90, 150
L 914.6080, -747.2964, 0.0000, 909.6131, -727.3171, 0.0000, 150, 90, 150
L 914.6080, -747.2964, 0.0000, 894.6287, -742.3016, 0.0000, 150, 90, 150
P 852.1726, -663.6642, 0.0000, 150, 90, 150, 4, To_Lake_Neriuss
L 852.1726, -254.1186, 0.0000, 914.6080, -316.5539, 0.0000, 150, 90, 150
L 914.6080, -316.5539, 0.0000, 909.6131, -296.5746, 0.0000, 150, 90, 150
L 914.6080, -316.5539, 0.0000, 894.6287, -311.5591, 0.0000, 150, 90, 150
P 852.1726, -232.9217, 0.0000, 150, 90, 150, 4, To_North_Kithicor
L 852.1726, 114.1886, 0.0000, 914.6080, 176.6239, 0.0000, 150, 90, 150
L 914.6080, 176.6239, 0.0000, 894.6287, 171.6291, 0.0000, 150, 90, 150
L 914.6080, 176.6239, 0.0000, 909.6131, 156.6446, 0.0000, 150, 90, 150
P 852.1726, 135.3855, 0.0000, 150, 90, 150, 4, To_Moss_Mouth_Cavern
L 859.0405, 551.7990, 0.0000, 907.7401, 600.4985, 0.0000, 150, 90, 150
L 907.7401, 600.4985, 0.0000, 891.7566, 596.5027, 0.0000, 150, 90, 150
L 907.7401, 600.4985, 0.0000, 903.7442, 584.5151, 0.0000, 150, 90, 150
P 859.0405, 572.9959, 0.0000, 150, 90, 150, 3, To_Saerk_Towers
L -104.3825, 547.0820, 0.0000, -104.3825, 615.9536, 0.0000, 150, 90, 150
L -104.3825, 615.9536, 0.0000, -112.8590, 601.8261, 0.0000, 150, 90, 150
L -104.3825, 615.9536, 0.0000, -95.9060, 601.8261, 0.0000, 150, 90, 150
P -104.3825, 568.2789, 0.0000, 150, 90, 150, 3, To_Castle_Felstar
L 694.1325, 547.0820, 0.0000, 694.1325, 615.9536, 0.0000, 150, 90, 150
L 694.1325, 615.9536, 0.0000, 685.6560, 601.8261, 0.0000, 150, 90, 150
L 694.1325, 615.9536, 0.0000, 702.6090, 601.8261, 0.0000, 150, 90, 150
P 694.1325, 568.2789, 0.0000, 150, 90, 150, 3, To_Bastable_Village
L -269.2905, -619.9386, 0.0000, -317.9901, -668.6381, 0.0000, 150, 90, 150
L -317.9901, -668.6381, 0.0000, -302.0066, -664.6422, 0.0000, 150, 90, 150
L -317.9901, -668.6381, 0.0000, -313.9942, -652.6547, 0.0000, 150, 90, 150
P -269.2905, -598.7417, 0.0000, 150, 90, 150, 3, To_Shon-To_Monastery
L -259.2045, -69.9650, 0.0000, -328.0761, -69.9650, 0.0000, 150, 90, 150
L -328.0761, -69.9650, 0.0000, -313.9486, -78.4415, 0.0000, 150, 90, 150
L -328.0761, -69.9650, 0.0000, -313.9486, -61.4885, 0.0000, 150, 90, 150
P -259.2045, -48.7681, 0.0000, 150, 90, 150, 3, To_Merry-by-Water
L -259.2045, 504.3583, 0.0000, -328.0761, 504.3583, 0.0000, 150, 90, 150
L -328.0761, 504.3583, 0.0000, -313.9486, 495.8818, 0.0000, 150, 90, 150
L -328.0761, 504.3583, 0.0000, -313.9486, 512.8348, 0.0000, 150, 90, 150
P -259.2045, 525.5552, 0.0000, 150, 90, 150, 3, To_Baga_Village
L 294.8750, -687.0158, 0.0000, 294.8750, -755.8873, 0.0000, 150, 90, 150
L 294.8750, -755.8873, 0.0000, 303.3515, -741.7598, 0.0000, 150, 90, 150
L 294.8750, -755.8873, 0.0000, 286.3985, -741.7598, 0.0000, 150, 90, 150
P 294.8750, -665.8189, 0.0000, 150, 90, 150, 3, To_Thedruk
