P 469.0000, -383.0000, 0.6260, 30, 70, 90, 3, Kiln
P 241.0000, 4.0000, 0.6260, 30, 70, 90, 3, Loom
P 254.0000, 37.0000, 0.6260, 30, 70, 90, 3, Brew_Barrel
P -71.4592, 62.0602, 0.6260, 160, 105, 0, 3, to_Misty_Thicket
P 284.0000, 365.0000, 2.1885, 160, 105, 0, 3, to_Kithicor_Forest
P 363.0000, 81.0000, -11.9990, 30, 70, 90, 3, Forge
P 54.0000, -125.0000, 0.6260, 30, 70, 90, 3, Weary_Foot_Rest_(Inn)
P 158.0000, 187.0000, -11.3740, 30, 70, 90, 3, Oven
P 183.2703, -179.9371, -2.9839, 30, 70, 90, 3, Vale_Forge
P 126.0000, 3.0000, 0.6260, 140, 35, 30, 3, Priest_of_Discord
P 100.0000, -160.0000, 0.6260, 30, 70, 90, 3, Hoggle_(Soulbinder)
P 380.0000, 231.0000, -19.9990, 140, 35, 30, 2, Hendi_(GM_Cleric)
P 424.7500, 38.5000, -13.9990, 140, 35, 30, 2, Hibbs_(GM_Druid)
P 189.0000, 51.0000, 12.6260, 140, 35, 30, 2, Lendel_(GM_Rogue)
P 205.0000, -126.0000, 32.6260, 140, 35, 30, 2, Ghobber_(GM_Warrior)
P 174.0000, -90.0000, 2.6260, 140, 35, 30, 2, Lanena_(GM_Warrior)
P 173.0000, -86.0000, 2.6260, 35, 95, 55, 2, Donlo_(Banker)
P 243.0000, 18.0000, 0.6260, 35, 95, 55, 2, Meeka_Diggs_(Cloth)
P 428.0000, -19.0000, -7.3740, 35, 95, 55, 2, Fiddy_Bobick_(Dock)
P 212.0000, -212.0000, 0.6260, 35, 95, 55, 2, Bag_Merchant
P 343.0000, 87.0000, -11.3740, 35, 95, 55, 2, Daleen_(Veggies)
P 217.0000, 229.0000, -3.3740, 35, 95, 55, 2, Kizzie_(Potions)
P 350.0000, 208.0000, -15.3740, 35, 95, 55, 2, Gilth_(Cleric_Spells)
P 228.0000, 157.0000, 0.6260, 35, 95, 55, 2, Kevlin_Diggs_(Merchant)
P 90.0000, 160.0000, -11.3740, 35, 95, 55, 2, Marta_(Pottery_Vendor)
P 107.0000, 251.0000, -19.9990, 35, 95, 55, 2, Frankle_(Merchant)
P 42.0000, -159.0000, 0.6260, 35, 95, 55, 2, Innkeep_(Weary_Foot)
P 207.0000, 49.0000, 0.6260, 35, 95, 55, 2, Flyndia_(Fools_Gold)
P 191.0000, 60.0000, 24.6260, 165, 60, 20, 2, Ace_Slighthand_(Rogue)
P 247.0000, 159.0000, 4.5525, 110, 0, 60, 2, Mangler_(Wolf_KoS_2)
P 379.0000, -104.0000, -35.9217, 165, 60, 20, 2, Chomper_(Rare_Fish)
P 201.0000, 92.0000, 12.6260, 140, 35, 30, 2, Hebber_(GM_Rogue)
P 137.0000, -99.0000, 2.6260, 140, 35, 30, 2, Anrey_(GM_Warrior)
