P 263.0000, 424.0000, -99.9688, 150, 0, 200, 3, to_Lavastorm_(entrance/succor)
P 345.0000, 533.0000, -49.9688, 165, 60, 20, 2, Targin_the_Rock_(Monk_35-39)
P 362.0000, 549.0000, -40.8125, 165, 60, 20, 2, Solusek_Kobold_King_(SK_42)
P 345.0000, 652.0000, -68.9688, 165, 60, 20, 2, Kobold_Champion_(War_39)
P 108.0000, 557.0000, -81.9688, 165, 60, 20, 2, Kobold_Noble_(Ench_38_charms)
P 322.0000, 590.0000, -40.6562, 165, 60, 20, 2, Kobold_Priest_(Cleric_40)
P -321.0000, 482.0000, -69.9688, 110, 0, 60, 2, Efreeti_Lord_Djarn_(Wiz_50_GEBs)
P 128.0000, 712.0000, -67.9688, 165, 60, 20, 2, Death_Beetle_(War_40-42)
P 237.0000, 762.0000, -76.9688, 165, 60, 20, 2, Noxious_Spider_(43-45)
P 346.0000, 1002.0000, -68.1250, 165, 60, 20, 2, Stone_Spider_(44-46)
P 444.0000, 1053.0000, -20.0000, 165, 60, 20, 2, Guano_Harvester_(25_invis)
P 472.0000, 1237.0000, 10.0000, 165, 60, 20, 2, Fire_Giant_Warrior_(47-51)
P 286.0000, 1460.0000, 46.9688, 165, 60, 20, 2, Fire_Giant_Wizard_(47-51)
P 385.0000, 1552.0000, 27.0000, 110, 0, 60, 3, King_Tranix_(Giant_SK_52)
P 359.0000, 1451.0000, 7.0000, 110, 0, 60, 2, Warlord_Skarlon_(Giant_53)
P 825.0000, 1449.0000, 84.9688, 110, 0, 60, 2, Magus_Rokyl_(Wiz_51_inner_lair)
P 825.0000, 1434.0000, 84.9688, 35, 95, 55, 2, Zordak_Ragefire_(Vendor_60_Cleric_Epic)
P 871.0000, 1395.0000, 192.9375, 110, 0, 60, 3, Lord_Nagafen_(Red_Dragon_55_RAID)
