L -200.00, -28.00, 0.0000, -200.00, 1589.38, 0.0000, 170, 110, 80
L 0.00, -28.00, 0.0000, 0.00, 1589.38, 0.0000, 170, 110, 80
L 200.00, -28.00, 0.0000, 200.00, 1589.38, 0.0000, 170, 110, 80
L 400.00, -28.00, 0.0000, 400.00, 1589.38, 0.0000, 170, 110, 80
L 600.00, -28.00, 0.0000, 600.00, 1589.38, 0.0000, 170, 110, 80
L 800.00, -28.00, 0.0000, 800.00, 1589.38, 0.0000, 170, 110, 80
L -357.84, 200.00, 0.0000, 979.59, 200.00, 0.0000, 170, 110, 80
L -357.84, 400.00, 0.0000, 979.59, 400.00, 0.0000, 170, 110, 80
L -357.84, 600.00, 0.0000, 979.59, 600.00, 0.0000, 170, 110, 80
L -357.84, 800.00, 0.0000, 979.59, 800.00, 0.0000, 170, 110, 80
L -357.84, 1000.00, 0.0000, 979.59, 1000.00, 0.0000, 170, 110, 80
L -357.84, 1200.00, 0.0000, 979.59, 1200.00, 0.0000, 170, 110, 80
L -357.84, 1400.00, 0.0000, 979.59, 1400.00, 0.0000, 170, 110, 80
L -357.84, 1589.38, 0.0000, 979.59, 1589.38, 0.0000, 170, 110, 80
L -357.84, -28.00, 0.0000, -357.84, 1589.38, 0.0000, 170, 110, 80
L 979.59, -28.00, 0.0000, 979.59, 1589.38, 0.0000, 170, 110, 80
L -615.84, -286.00, 0.0000, -492.28, -258.07, 0.0000, 92, 34, 28
L 1114.03, -286.00, 0.0000, 1237.59, -272.86, 0.0000, 92, 34, 28
L 1237.59, -286.00, 0.0000, 1210.51, -160.51, 0.0000, 92, 34, 28
L 1210.51, -160.51, 0.0000, 1237.59, -35.01, 0.0000, 92, 34, 28
L 1237.59, -35.01, 0.0000, 1226.35, 90.48, 0.0000, 92, 34, 28
L 1226.35, 90.48, 0.0000, 1237.59, 215.97, 0.0000, 92, 34, 28
L 1237.59, 215.97, 0.0000, 1210.83, 341.46, 0.0000, 92, 34, 28
L 1210.83, 341.46, 0.0000, 1237.59, 466.96, 0.0000, 92, 34, 28
L 1237.59, 466.96, 0.0000, 1226.05, 592.45, 0.0000, 92, 34, 28
L 1226.05, 592.45, 0.0000, 1237.59, 717.94, 0.0000, 92, 34, 28
L 1237.59, 717.94, 0.0000, 1224.68, 843.43, 0.0000, 92, 34, 28
L 1224.68, 843.43, 0.0000, 1237.59, 968.93, 0.0000, 92, 34, 28
L 1237.59, 968.93, 0.0000, 1222.93, 1094.42, 0.0000, 92, 34, 28
L 1222.93, 1094.42, 0.0000, 1237.59, 1219.91, 0.0000, 92, 34, 28
L 1237.59, 1219.91, 0.0000, 1217.24, 1345.40, 0.0000, 92, 34, 28
L 1217.24, 1345.40, 0.0000, 1237.59, 1470.90, 0.0000, 92, 34, 28
L 1237.59, 1470.90, 0.0000, 1219.21, 1596.39, 0.0000, 92, 34, 28
L 1219.21, 1596.39, 0.0000, 1237.59, 1721.88, 0.0000, 92, 34, 28
L 1237.59, 1721.88, 0.0000, 1226.15, 1847.38, 0.0000, 92, 34, 28
L 1237.59, 1847.38, 0.0000, 1114.03, 1819.78, 0.0000, 92, 34, 28
L 1114.03, 1819.78, 0.0000, 990.47, 1847.38, 0.0000, 92, 34, 28
L 990.47, 1847.38, 0.0000, 866.91, 1830.99, 0.0000, 92, 34, 28
L 866.91, 1830.99, 0.0000, 743.34, 1847.38, 0.0000, 92, 34, 28
L 743.34, 1847.38, 0.0000, 619.78, 1835.67, 0.0000, 92, 34, 28
L 619.78, 1835.67, 0.0000, 496.22, 1847.38, 0.0000, 92, 34, 28
L 496.22, 1847.38, 0.0000, 372.66, 1818.19, 0.0000, 92, 34, 28
L 372.66, 1818.19, 0.0000, 249.09, 1847.38, 0.0000, 92, 34, 28
L 249.09, 1847.38, 0.0000, 125.53, 1825.51, 0.0000, 92, 34, 28
L 125.53, 1825.51, 0.0000, 1.97, 1847.38, 0.0000, 92, 34, 28
L 1.97, 1847.38, 0.0000, -121.59, 1816.88, 0.0000, 92, 34, 28
L -121.59, 1816.88, 0.0000, -245.16, 1847.38, 0.0000, 92, 34, 28
L -245.16, 1847.38, 0.0000, -368.72, 1828.85, 0.0000, 92, 34, 28
L -368.72, 1828.85, 0.0000, -492.28, 1847.38, 0.0000, 92, 34, 28
L -492.28, 1847.38, 0.0000, -615.84, 1821.94, 0.0000, 92, 34, 28
L -615.84, 1847.38, 0.0000, -598.18, 1721.88, 0.0000, 92, 34, 28
L -598.18, 1721.88, 0.0000, -615.84, 1596.39, 0.0000, 92, 34, 28
L -615.84, 1596.39, 0.0000, -589.33, 1470.90, 0.0000, 92, 34, 28
L -589.33, 1470.90, 0.0000, -615.84, 1345.40, 0.0000, 92, 34, 28
L -615.84, 1345.40, 0.0000, -587.41, 1219.91, 0.0000, 92, 34, 28
L -587.41, 1219.91, 0.0000, -615.84, 1094.42, 0.0000, 92, 34, 28
L -615.84, 1094.42, 0.0000, -594.70, 968.93, 0.0000, 92, 34, 28
L -594.70, 968.93, 0.0000, -615.84, 843.43, 0.0000, 92, 34, 28
L -615.84, 843.43, 0.0000, -586.58, 717.94, 0.0000, 92, 34, 28
L -586.58, 717.94, 0.0000, -615.84, 592.45, 0.0000, 92, 34, 28
L -615.84, 592.45, 0.0000, -587.14, 466.96, 0.0000, 92, 34, 28
L -587.14, 466.96, 0.0000, -615.84, 341.46, 0.0000, 92, 34, 28
L -615.84, 341.46, 0.0000, -585.00, 215.97, 0.0000, 92, 34, 28
L -585.00, 215.97, 0.0000, -615.84, 90.48, 0.0000, 92, 34, 28
L -615.84, 90.48, 0.0000, -604.25, -35.01, 0.0000, 92, 34, 28
L -604.25, -35.01, 0.0000, -615.84, -160.51, 0.0000, 92, 34, 28
L -615.84, -160.51, 0.0000, -584.47, -286.00, 0.0000, 92, 34, 28
L 1157.59, -206.00, 0.0000, 1148.85, -41.55, 0.0000, 200, 60, 40
L 1148.85, -41.55, 0.0000, 1157.59, 122.90, 0.0000, 200, 60, 40
L 1157.59, 122.90, 0.0000, 1149.54, 287.34, 0.0000, 200, 60, 40
L 1149.54, 287.34, 0.0000, 1157.59, 451.79, 0.0000, 200, 60, 40
L 1157.59, 451.79, 0.0000, 1150.59, 616.24, 0.0000, 200, 60, 40
L 1150.59, 616.24, 0.0000, 1157.59, 780.69, 0.0000, 200, 60, 40
L 1157.59, 780.69, 0.0000, 1146.03, 945.14, 0.0000, 200, 60, 40
L 1146.03, 945.14, 0.0000, 1157.59, 1109.58, 0.0000, 200, 60, 40
L 1157.59, 1109.58, 0.0000, 1143.93, 1274.03, 0.0000, 200, 60, 40
L 1143.93, 1274.03, 0.0000, 1157.59, 1438.48, 0.0000, 200, 60, 40
L 1157.59, 1438.48, 0.0000, 1151.03, 1602.93, 0.0000, 200, 60, 40
L 1151.03, 1602.93, 0.0000, 1157.59, 1767.38, 0.0000, 200, 60, 40
L 1157.59, 1767.38, 0.0000, 988.25, 1760.69, 0.0000, 200, 60, 40
L 988.25, 1760.69, 0.0000, 818.91, 1767.38, 0.0000, 200, 60, 40
L 818.91, 1767.38, 0.0000, 649.56, 1758.82, 0.0000, 200, 60, 40
L 649.56, 1758.82, 0.0000, 480.22, 1767.38, 0.0000, 200, 60, 40
L 480.22, 1767.38, 0.0000, 310.87, 1755.14, 0.0000, 200, 60, 40
L 310.87, 1755.14, 0.0000, 141.53, 1767.38, 0.0000, 200, 60, 40
L 141.53, 1767.38, 0.0000, -27.81, 1750.00, 0.0000, 200, 60, 40
L -27.81, 1750.00, 0.0000, -197.16, 1767.38, 0.0000, 200, 60, 40
L -197.16, 1767.38, 0.0000, -366.50, 1756.45, 0.0000, 200, 60, 40
L -366.50, 1756.45, 0.0000, -535.84, 1767.38, 0.0000, 200, 60, 40
L -535.84, 1767.38, 0.0000, -529.40, 1602.93, 0.0000, 200, 60, 40
L -529.40, 1602.93, 0.0000, -535.84, 1438.48, 0.0000, 200, 60, 40
L -535.84, 1438.48, 0.0000, -520.60, 1274.03, 0.0000, 200, 60, 40
L -520.60, 1274.03, 0.0000, -535.84, 1109.58, 0.0000, 200, 60, 40
L -535.84, 1109.58, 0.0000, -523.14, 945.14, 0.0000, 200, 60, 40
L -523.14, 945.14, 0.0000, -535.84, 780.69, 0.0000, 200, 60, 40
L -535.84, 780.69, 0.0000, -524.56, 616.24, 0.0000, 200, 60, 40
L -524.56, 616.24, 0.0000, -535.84, 451.79, 0.0000, 200, 60, 40
L -535.84, 451.79, 0.0000, -525.99, 287.34, 0.0000, 200, 60, 40
L -525.99, 287.34, 0.0000, -535.84, 122.90, 0.0000, 200, 60, 40
L -535.84, 122.90, 0.0000, -522.61, -41.55, 0.0000, 200, 60, 40
L -522.61, -41.55, 0.0000, -535.84, -206.00, 0.0000, 200, 60, 40
L -435.84, -50.94, 0.0000, -435.84, -166.00, 0.0000, 168, 44, 30
L -427.84, -40.94, 0.0000, -427.84, -156.00, 0.0000, 200, 60, 40
L -435.84, -166.00, 0.0000, -359.91, -50.94, 0.0000, 168, 44, 30
L -427.84, -156.00, 0.0000, -351.91, -40.94, 0.0000, 200, 60, 40
L -359.91, -50.94, 0.0000, -359.91, -166.00, 0.0000, 168, 44, 30
L -351.91, -40.94, 0.0000, -351.91, -156.00, 0.0000, 200, 60, 40
L -317.72, -50.94, 0.0000, -279.75, -166.00, 0.0000, 168, 44, 30
L -309.72, -40.94, 0.0000, -271.75, -156.00, 0.0000, 200, 60, 40
L -279.75, -166.00, 0.0000, -241.78, -50.94, 0.0000, 168, 44, 30
L -271.75, -156.00, 0.0000, -233.78, -40.94, 0.0000, 200, 60, 40
L -298.73, -96.97, 0.0000, -260.77, -96.97, 0.0000, 168, 44, 30
L -290.73, -86.97, 0.0000, -252.77, -86.97, 0.0000, 200, 60, 40
L -127.45, -142.99, 0.0000, -146.44, -166.00, 0.0000, 168, 44, 30
L -119.45, -132.99, 0.0000, -138.44, -156.00, 0.0000, 200, 60, 40
L -146.44, -166.00, 0.0000, -180.61, -166.00, 0.0000, 168, 44, 30
L -138.44, -156.00, 0.0000, -172.61, -156.00, 0.0000, 200, 60, 40
L -180.61, -166.00, 0.0000, -199.59, -131.48, 0.0000, 168, 44, 30
L -172.61, -156.00, 0.0000, -191.59, -121.48, 0.0000, 200, 60, 40
L -199.59, -131.48, 0.0000, -199.59, -85.46, 0.0000, 168, 44, 30
L -191.59, -121.48, 0.0000, -191.59, -75.46, 0.0000, 200, 60, 40
L -199.59, -85.46, 0.0000, -180.61, -50.94, 0.0000, 168, 44, 30
L -191.59, -75.46, 0.0000, -172.61, -40.94, 0.0000, 200, 60, 40
L -180.61, -50.94, 0.0000, -146.44, -50.94, 0.0000, 168, 44, 30
L -172.61, -40.94, 0.0000, -138.44, -40.94, 0.0000, 200, 60, 40
L -146.44, -50.94, 0.0000, -127.45, -79.71, 0.0000, 168, 44, 30
L -138.44, -40.94, 0.0000, -119.45, -69.71, 0.0000, 200, 60, 40
L -127.45, -79.71, 0.0000, -127.45, -102.72, 0.0000, 168, 44, 30
L -119.45, -69.71, 0.0000, -119.45, -92.72, 0.0000, 200, 60, 40
L -127.45, -102.72, 0.0000, -154.03, -102.72, 0.0000, 168, 44, 30
L -119.45, -92.72, 0.0000, -146.03, -92.72, 0.0000, 200, 60, 40
L -81.47, -50.94, 0.0000, -43.50, -166.00, 0.0000, 168, 44, 30
L -73.47, -40.94, 0.0000, -35.50, -156.00, 0.0000, 200, 60, 40
L -43.50, -166.00, 0.0000, -5.53, -50.94, 0.0000, 168, 44, 30
L -35.50, -156.00, 0.0000, 2.47, -40.94, 0.0000, 200, 60, 40
L -62.48, -96.97, 0.0000, -24.52, -96.97, 0.0000, 168, 44, 30
L -54.48, -86.97, 0.0000, -16.52, -86.97, 0.0000, 200, 60, 40
L 36.66, -50.94, 0.0000, 36.66, -166.00, 0.0000, 168, 44, 30
L 44.66, -40.94, 0.0000, 44.66, -156.00, 0.0000, 200, 60, 40
L 36.66, -166.00, 0.0000, 112.59, -166.00, 0.0000, 168, 44, 30
L 44.66, -156.00, 0.0000, 120.59, -156.00, 0.0000, 200, 60, 40
L 36.66, -114.22, 0.0000, 89.81, -114.22, 0.0000, 168, 44, 30
L 44.66, -104.22, 0.0000, 97.81, -104.22, 0.0000, 200, 60, 40
L 230.72, -166.00, 0.0000, 154.78, -166.00, 0.0000, 168, 44, 30
L 238.72, -156.00, 0.0000, 162.78, -156.00, 0.0000, 200, 60, 40
L 154.78, -166.00, 0.0000, 154.78, -50.94, 0.0000, 168, 44, 30
L 162.78, -156.00, 0.0000, 162.78, -40.94, 0.0000, 200, 60, 40
L 154.78, -50.94, 0.0000, 230.72, -50.94, 0.0000, 168, 44, 30
L 162.78, -40.94, 0.0000, 238.72, -40.94, 0.0000, 200, 60, 40
L 154.78, -108.47, 0.0000, 207.94, -108.47, 0.0000, 168, 44, 30
L 162.78, -98.47, 0.0000, 215.94, -98.47, 0.0000, 200, 60, 40
L 272.91, -50.94, 0.0000, 272.91, -166.00, 0.0000, 168, 44, 30
L 280.91, -40.94, 0.0000, 280.91, -156.00, 0.0000, 200, 60, 40
L 272.91, -166.00, 0.0000, 348.84, -50.94, 0.0000, 168, 44, 30
L 280.91, -156.00, 0.0000, 356.84, -40.94, 0.0000, 200, 60, 40
L 348.84, -50.94, 0.0000, 348.84, -166.00, 0.0000, 168, 44, 30
L 356.84, -40.94, 0.0000, 356.84, -156.00, 0.0000, 200, 60, 40
L 466.97, -148.74, 0.0000, 451.78, -166.00, 0.0000, 168, 44, 30
L 474.97, -138.74, 0.0000, 459.78, -156.00, 0.0000, 200, 60, 40
L 451.78, -166.00, 0.0000, 406.22, -166.00, 0.0000, 168, 44, 30
L 459.78, -156.00, 0.0000, 414.22, -156.00, 0.0000, 200, 60, 40
L 406.22, -166.00, 0.0000, 391.03, -145.29, 0.0000, 168, 44, 30
L 414.22, -156.00, 0.0000, 399.03, -135.29, 0.0000, 200, 60, 40
L 391.03, -145.29, 0.0000, 391.03, -119.98, 0.0000, 168, 44, 30
L 399.03, -135.29, 0.0000, 399.03, -109.98, 0.0000, 200, 60, 40
L 391.03, -119.98, 0.0000, 406.22, -108.47, 0.0000, 168, 44, 30
L 399.03, -109.98, 0.0000, 414.22, -98.47, 0.0000, 200, 60, 40
L 406.22, -108.47, 0.0000, 451.78, -108.47, 0.0000, 168, 44, 30
L 414.22, -98.47, 0.0000, 459.78, -98.47, 0.0000, 200, 60, 40
L 451.78, -108.47, 0.0000, 466.97, -94.66, 0.0000, 168, 44, 30
L 459.78, -98.47, 0.0000, 474.97, -84.66, 0.0000, 200, 60, 40
L 466.97, -94.66, 0.0000, 466.97, -69.35, 0.0000, 168, 44, 30
L 474.97, -84.66, 0.0000, 474.97, -59.35, 0.0000, 200, 60, 40
L 466.97, -69.35, 0.0000, 451.78, -50.94, 0.0000, 168, 44, 30
L 474.97, -59.35, 0.0000, 459.78, -40.94, 0.0000, 200, 60, 40
L 451.78, -50.94, 0.0000, 406.22, -50.94, 0.0000, 168, 44, 30
L 459.78, -40.94, 0.0000, 414.22, -40.94, 0.0000, 200, 60, 40
L 406.22, -50.94, 0.0000, 391.03, -69.35, 0.0000, 168, 44, 30
L 414.22, -40.94, 0.0000, 399.03, -59.35, 0.0000, 200, 60, 40
L 627.28, -166.00, 0.0000, 627.28, -50.94, 0.0000, 168, 44, 30
L 635.28, -156.00, 0.0000, 635.28, -40.94, 0.0000, 200, 60, 40
L 627.28, -50.94, 0.0000, 688.03, -50.94, 0.0000, 168, 44, 30
L 635.28, -40.94, 0.0000, 696.03, -40.94, 0.0000, 200, 60, 40
L 745.41, -50.94, 0.0000, 783.38, -166.00, 0.0000, 168, 44, 30
L 753.41, -40.94, 0.0000, 791.38, -156.00, 0.0000, 200, 60, 40
L 783.38, -166.00, 0.0000, 821.34, -50.94, 0.0000, 168, 44, 30
L 791.38, -156.00, 0.0000, 829.34, -40.94, 0.0000, 200, 60, 40
L 764.39, -96.97, 0.0000, 802.36, -96.97, 0.0000, 168, 44, 30
L 772.39, -86.97, 0.0000, 810.36, -86.97, 0.0000, 200, 60, 40
L 901.50, -50.94, 0.0000, 901.50, -166.00, 0.0000, 168, 44, 30
L 909.50, -40.94, 0.0000, 909.50, -156.00, 0.0000, 200, 60, 40
L 878.72, -166.00, 0.0000, 924.28, -166.00, 0.0000, 168, 44, 30
L 886.72, -156.00, 0.0000, 932.28, -156.00, 0.0000, 200, 60, 40
L 878.72, -50.94, 0.0000, 924.28, -50.94, 0.0000, 168, 44, 30
L 886.72, -40.94, 0.0000, 932.28, -40.94, 0.0000, 200, 60, 40
L 981.66, -50.94, 0.0000, 981.66, -166.00, 0.0000, 168, 44, 30
L 989.66, -40.94, 0.0000, 989.66, -156.00, 0.0000, 200, 60, 40
L 981.66, -166.00, 0.0000, 1034.81, -166.00, 0.0000, 168, 44, 30
L 989.66, -156.00, 0.0000, 1042.81, -156.00, 0.0000, 200, 60, 40
L 1034.81, -166.00, 0.0000, 1053.80, -142.99, 0.0000, 168, 44, 30
L 1042.81, -156.00, 0.0000, 1061.80, -132.99, 0.0000, 200, 60, 40
L 1053.80, -142.99, 0.0000, 1034.81, -114.22, 0.0000, 168, 44, 30
L 1061.80, -132.99, 0.0000, 1042.81, -104.22, 0.0000, 200, 60, 40
L 1034.81, -114.22, 0.0000, 981.66, -114.22, 0.0000, 168, 44, 30
L 1042.81, -104.22, 0.0000, 989.66, -104.22, 0.0000, 200, 60, 40
L 1008.23, -114.22, 0.0000, 1057.59, -50.94, 0.0000, 168, 44, 30
L 1016.23, -104.22, 0.0000, 1065.59, -40.94, 0.0000, 200, 60, 40
L -465.84, -4.94, 0.0000, 1087.59, -4.94, 0.0000, 200, 60, 40
L -465.84, -208.00, 0.0000, 1087.59, -208.00, 0.0000, 200, 60, 40
L -376.84, 1678.38, 0.0000, -377.91, 1690.53, 0.0000, 92, 34, 28
L -377.91, 1690.53, 0.0000, -381.07, 1702.32, 0.0000, 92, 34, 28
L -381.07, 1702.32, 0.0000, -386.22, 1713.38, 0.0000, 92, 34, 28
L -386.22, 1713.38, 0.0000, -393.22, 1723.37, 0.0000, 92, 34, 28
L -393.22, 1723.37, 0.0000, -401.85, 1732.00, 0.0000, 92, 34, 28
L -401.85, 1732.00, 0.0000, -411.84, 1739.00, 0.0000, 92, 34, 28
L -411.84, 1739.00, 0.0000, -422.90, 1744.15, 0.0000, 92, 34, 28
L -422.90, 1744.15, 0.0000, -434.69, 1747.31, 0.0000, 92, 34, 28
L -434.69, 1747.31, 0.0000, -446.84, 1748.38, 0.0000, 92, 34, 28
L -446.84, 1748.38, 0.0000, -459.00, 1747.31, 0.0000, 92, 34, 28
L -459.00, 1747.31, 0.0000, -470.79, 1744.15, 0.0000, 92, 34, 28
L -470.79, 1744.15, 0.0000, -481.84, 1739.00, 0.0000, 92, 34, 28
L -481.84, 1739.00, 0.0000, -491.84, 1732.00, 0.0000, 92, 34, 28
L -491.84, 1732.00, 0.0000, -500.47, 1723.37, 0.0000, 92, 34, 28
L -500.47, 1723.37, 0.0000, -507.47, 1713.38, 0.0000, 92, 34, 28
L -507.47, 1713.38, 0.0000, -512.62, 1702.32, 0.0000, 92, 34, 28
L -512.62, 1702.32, 0.0000, -515.78, 1690.53, 0.0000, 92, 34, 28
L -515.78, 1690.53, 0.0000, -516.84, 1678.38, 0.0000, 92, 34, 28
L -516.84, 1678.38, 0.0000, -515.78, 1666.22, 0.0000, 92, 34, 28
L -515.78, 1666.22, 0.0000, -512.62, 1654.43, 0.0000, 92, 34, 28
L -512.62, 1654.43, 0.0000, -507.47, 1643.38, 0.0000, 92, 34, 28
L -507.47, 1643.38, 0.0000, -500.47, 1633.38, 0.0000, 92, 34, 28
L -500.47, 1633.38, 0.0000, -491.84, 1624.75, 0.0000, 92, 34, 28
L -491.84, 1624.75, 0.0000, -481.84, 1617.75, 0.0000, 92, 34, 28
L -481.84, 1617.75, 0.0000, -470.79, 1612.60, 0.0000, 92, 34, 28
L -470.79, 1612.60, 0.0000, -459.00, 1609.44, 0.0000, 92, 34, 28
L -459.00, 1609.44, 0.0000, -446.84, 1608.38, 0.0000, 92, 34, 28
L -446.84, 1608.38, 0.0000, -434.69, 1609.44, 0.0000, 92, 34, 28
L -434.69, 1609.44, 0.0000, -422.90, 1612.60, 0.0000, 92, 34, 28
L -422.90, 1612.60, 0.0000, -411.84, 1617.75, 0.0000, 92, 34, 28
L -411.84, 1617.75, 0.0000, -401.85, 1624.75, 0.0000, 92, 34, 28
L -401.85, 1624.75, 0.0000, -393.22, 1633.38, 0.0000, 92, 34, 28
L -393.22, 1633.38, 0.0000, -386.22, 1643.38, 0.0000, 92, 34, 28
L -386.22, 1643.38, 0.0000, -381.07, 1654.43, 0.0000, 92, 34, 28
L -381.07, 1654.43, 0.0000, -377.91, 1666.22, 0.0000, 92, 34, 28
L -377.91, 1666.22, 0.0000, -376.84, 1678.38, 0.0000, 92, 34, 28
L -367.74, 1678.38, 0.0000, -368.95, 1692.11, 0.0000, 200, 60, 40
L -368.95, 1692.11, 0.0000, -372.51, 1705.43, 0.0000, 200, 60, 40
L -372.51, 1705.43, 0.0000, -378.34, 1717.92, 0.0000, 200, 60, 40
L -378.34, 1717.92, 0.0000, -386.25, 1729.22, 0.0000, 200, 60, 40
L -386.25, 1729.22, 0.0000, -396.00, 1738.97, 0.0000, 200, 60, 40
L -396.00, 1738.97, 0.0000, -407.29, 1746.88, 0.0000, 200, 60, 40
L -407.29, 1746.88, 0.0000, -419.79, 1752.70, 0.0000, 200, 60, 40
L -419.79, 1752.70, 0.0000, -433.11, 1756.27, 0.0000, 200, 60, 40
L -433.11, 1756.27, 0.0000, -446.84, 1757.47, 0.0000, 200, 60, 40
L -446.84, 1757.47, 0.0000, -460.58, 1756.27, 0.0000, 200, 60, 40
L -460.58, 1756.27, 0.0000, -473.90, 1752.70, 0.0000, 200, 60, 40
L -473.90, 1752.70, 0.0000, -486.39, 1746.88, 0.0000, 200, 60, 40
L -486.39, 1746.88, 0.0000, -497.69, 1738.97, 0.0000, 200, 60, 40
L -497.69, 1738.97, 0.0000, -507.44, 1729.22, 0.0000, 200, 60, 40
L -507.44, 1729.22, 0.0000, -515.35, 1717.92, 0.0000, 200, 60, 40
L -515.35, 1717.92, 0.0000, -521.17, 1705.43, 0.0000, 200, 60, 40
L -521.17, 1705.43, 0.0000, -524.74, 1692.11, 0.0000, 200, 60, 40
L -524.74, 1692.11, 0.0000, -525.94, 1678.38, 0.0000, 200, 60, 40
L -525.94, 1678.38, 0.0000, -524.74, 1664.64, 0.0000, 200, 60, 40
L -524.74, 1664.64, 0.0000, -521.17, 1651.32, 0.0000, 200, 60, 40
L -521.17, 1651.32, 0.0000, -515.35, 1638.83, 0.0000, 200, 60, 40
L -515.35, 1638.83, 0.0000, -507.44, 1627.53, 0.0000, 200, 60, 40
L -507.44, 1627.53, 0.0000, -497.69, 1617.78, 0.0000, 200, 60, 40
L -497.69, 1617.78, 0.0000, -486.39, 1609.87, 0.0000, 200, 60, 40
L -486.39, 1609.87, 0.0000, -473.90, 1604.05, 0.0000, 200, 60, 40
L -473.90, 1604.05, 0.0000, -460.58, 1600.48, 0.0000, 200, 60, 40
L -460.58, 1600.48, 0.0000, -446.84, 1599.28, 0.0000, 200, 60, 40
L -446.84, 1599.28, 0.0000, -433.11, 1600.48, 0.0000, 200, 60, 40
L -433.11, 1600.48, 0.0000, -419.79, 1604.05, 0.0000, 200, 60, 40
L -419.79, 1604.05, 0.0000, -407.29, 1609.87, 0.0000, 200, 60, 40
L -407.29, 1609.87, 0.0000, -396.00, 1617.78, 0.0000, 200, 60, 40
L -396.00, 1617.78, 0.0000, -386.25, 1627.53, 0.0000, 200, 60, 40
L -386.25, 1627.53, 0.0000, -378.34, 1638.83, 0.0000, 200, 60, 40
L -378.34, 1638.83, 0.0000, -372.51, 1651.32, 0.0000, 200, 60, 40
L -372.51, 1651.32, 0.0000, -368.95, 1664.64, 0.0000, 200, 60, 40
L -368.95, 1664.64, 0.0000, -367.74, 1678.38, 0.0000, 200, 60, 40
L -446.84, 1678.38, 0.0000, -446.84, 1608.38, 0.0000, 200, 60, 40
L -446.84, 1678.38, 0.0000, -417.15, 1648.68, 0.0000, 170, 110, 80
L -446.84, 1678.38, 0.0000, -376.84, 1678.38, 0.0000, 200, 60, 40
L -446.84, 1678.38, 0.0000, -417.15, 1708.07, 0.0000, 170, 110, 80
L -446.84, 1678.38, 0.0000, -446.84, 1748.38, 0.0000, 200, 60, 40
L -446.84, 1678.38, 0.0000, -476.54, 1708.07, 0.0000, 170, 110, 80
L -446.84, 1678.38, 0.0000, -516.84, 1678.38, 0.0000, 200, 60, 40
L -446.84, 1678.38, 0.0000, -476.54, 1648.68, 0.0000, 170, 110, 80
L -446.84, 1694.06, 0.0000, -455.80, 1678.38, 0.0000, 200, 60, 40
L -455.80, 1678.38, 0.0000, -446.84, 1660.45, 0.0000, 200, 60, 40
L -446.84, 1660.45, 0.0000, -437.88, 1678.38, 0.0000, 200, 60, 40
L -437.88, 1678.38, 0.0000, -446.84, 1694.06, 0.0000, 200, 60, 40
L -446.84, 1689.58, 0.0000, -451.32, 1678.38, 0.0000, 170, 110, 80
L -451.32, 1678.38, 0.0000, -446.84, 1670.54, 0.0000, 170, 110, 80
L -446.84, 1670.54, 0.0000, -442.36, 1678.38, 0.0000, 170, 110, 80
L -442.36, 1678.38, 0.0000, -446.84, 1689.58, 0.0000, 170, 110, 80
L -446.84, 1643.38, 0.0000, -446.84, 1615.38, 0.0000, 168, 44, 30
L -454.84, 1622.38, 0.0000, -446.84, 1612.58, 0.0000, 168, 44, 30
L -438.84, 1622.38, 0.0000, -446.84, 1612.58, 0.0000, 168, 44, 30
P -446.84, 1588.78, 0.0000, 168, 44, 30, 3, N
P -446.84, 1767.97, 0.0000, 92, 34, 28, 1, S
P -357.24, 1678.38, 0.0000, 92, 34, 28, 1, E
P -536.44, 1678.38, 0.0000, 92, 34, 28, 1, W
