L 0.00, -611.38, 0.0000, 0.00, -196.28, 0.0000, 168, 120, 90
L -101.59, -480.00, 0.0000, 87.59, -480.00, 0.0000, 168, 120, 90
L -101.59, -360.00, 0.0000, 87.59, -360.00, 0.0000, 168, 120, 90
L -101.59, -240.00, 0.0000, 87.59, -240.00, 0.0000, 168, 120, 90
L -101.59, -196.28, 0.0000, 87.59, -196.28, 0.0000, 168, 120, 90
L -101.59, -611.38, 0.0000, -101.59, -196.28, 0.0000, 168, 120, 90
L 87.59, -611.38, 0.0000, 87.59, -196.28, 0.0000, 168, 120, 90
L -251.59, -761.38, 0.0000, -129.30, -748.57, 0.0000, 96, 50, 28
L -129.30, -748.57, 0.0000, -7.00, -761.38, 0.0000, 96, 50, 28
L -7.00, -761.38, 0.0000, 115.30, -739.48, 0.0000, 96, 50, 28
L 115.30, -739.48, 0.0000, 237.59, -761.38, 0.0000, 96, 50, 28
L 237.59, -761.38, 0.0000, 209.70, -618.36, 0.0000, 96, 50, 28
L 209.70, -618.36, 0.0000, 237.59, -475.34, 0.0000, 96, 50, 28
L 237.59, -475.34, 0.0000, 217.61, -332.32, 0.0000, 96, 50, 28
L 217.61, -332.32, 0.0000, 237.59, -189.30, 0.0000, 96, 50, 28
L 237.59, -189.30, 0.0000, 217.04, -46.28, 0.0000, 96, 50, 28
L 237.59, -46.28, 0.0000, 115.30, -64.19, 0.0000, 96, 50, 28
L 115.30, -64.19, 0.0000, -7.00, -46.28, 0.0000, 96, 50, 28
L -7.00, -46.28, 0.0000, -129.30, -67.88, 0.0000, 96, 50, 28
L -129.30, -67.88, 0.0000, -251.59, -46.28, 0.0000, 96, 50, 28
L -251.59, -46.28, 0.0000, -234.93, -189.30, 0.0000, 96, 50, 28
L -234.93, -189.30, 0.0000, -251.59, -332.32, 0.0000, 96, 50, 28
L -251.59, -332.32, 0.0000, -225.12, -475.34, 0.0000, 96, 50, 28
L -225.12, -475.34, 0.0000, -251.59, -618.36, 0.0000, 96, 50, 28
L -251.59, -618.36, 0.0000, -222.87, -761.38, 0.0000, 96, 50, 28
L -231.59, -741.38, 0.0000, -7.00, -735.02, 0.0000, 216, 92, 30
L -7.00, -735.02, 0.0000, 217.59, -741.38, 0.0000, 216, 92, 30
L 217.59, -741.38, 0.0000, 206.55, -572.60, 0.0000, 216, 92, 30
L 206.55, -572.60, 0.0000, 217.59, -403.83, 0.0000, 216, 92, 30
L 217.59, -403.83, 0.0000, 208.58, -235.05, 0.0000, 216, 92, 30
L 208.58, -235.05, 0.0000, 217.59, -66.28, 0.0000, 216, 92, 30
L 217.59, -66.28, 0.0000, -7.00, -79.69, 0.0000, 216, 92, 30
L -7.00, -79.69, 0.0000, -231.59, -66.28, 0.0000, 216, 92, 30
L -231.59, -66.28, 0.0000, -223.00, -235.05, 0.0000, 216, 92, 30
L -223.00, -235.05, 0.0000, -231.59, -403.83, 0.0000, 216, 92, 30
L -231.59, -403.83, 0.0000, -217.47, -572.60, 0.0000, 216, 92, 30
L -217.47, -572.60, 0.0000, -231.59, -741.38, 0.0000, 216, 92, 30
L -71.59, -641.38, 0.0000, -67.37, -641.38, 0.0000, 184, 70, 22
L -63.59, -631.38, 0.0000, -59.37, -631.38, 0.0000, 216, 92, 30
L -69.48, -641.38, 0.0000, -69.48, -634.97, 0.0000, 184, 70, 22
L -61.48, -631.38, 0.0000, -61.48, -624.97, 0.0000, 216, 92, 30
L -60.79, -641.38, 0.0000, -65.02, -641.38, 0.0000, 184, 70, 22
L -52.79, -631.38, 0.0000, -57.02, -631.38, 0.0000, 216, 92, 30
L -65.02, -641.38, 0.0000, -65.02, -634.97, 0.0000, 184, 70, 22
L -57.02, -631.38, 0.0000, -57.02, -624.97, 0.0000, 216, 92, 30
L -65.02, -634.97, 0.0000, -60.79, -634.97, 0.0000, 184, 70, 22
L -57.02, -624.97, 0.0000, -52.79, -624.97, 0.0000, 216, 92, 30
L -65.02, -638.17, 0.0000, -62.06, -638.17, 0.0000, 184, 70, 22
L -57.02, -628.17, 0.0000, -54.06, -628.17, 0.0000, 216, 92, 30
L -58.44, -634.97, 0.0000, -58.44, -641.38, 0.0000, 184, 70, 22
L -50.44, -624.97, 0.0000, -50.44, -631.38, 0.0000, 216, 92, 30
L -58.44, -641.38, 0.0000, -56.33, -637.85, 0.0000, 184, 70, 22
L -50.44, -631.38, 0.0000, -48.33, -627.85, 0.0000, 216, 92, 30
L -56.33, -637.85, 0.0000, -54.21, -641.38, 0.0000, 184, 70, 22
L -48.33, -627.85, 0.0000, -46.21, -631.38, 0.0000, 216, 92, 30
L -54.21, -641.38, 0.0000, -54.21, -634.97, 0.0000, 184, 70, 22
L -46.21, -631.38, 0.0000, -46.21, -624.97, 0.0000, 216, 92, 30
L -51.86, -634.97, 0.0000, -51.86, -641.38, 0.0000, 184, 70, 22
L -43.86, -624.97, 0.0000, -43.86, -631.38, 0.0000, 216, 92, 30
L -51.86, -641.38, 0.0000, -48.90, -641.38, 0.0000, 184, 70, 22
L -43.86, -631.38, 0.0000, -40.90, -631.38, 0.0000, 216, 92, 30
L -48.90, -641.38, 0.0000, -47.85, -640.09, 0.0000, 184, 70, 22
L -40.90, -631.38, 0.0000, -39.85, -630.09, 0.0000, 216, 92, 30
L -47.85, -640.09, 0.0000, -48.90, -638.49, 0.0000, 184, 70, 22
L -39.85, -630.09, 0.0000, -40.90, -628.49, 0.0000, 216, 92, 30
L -48.90, -638.49, 0.0000, -51.86, -638.49, 0.0000, 184, 70, 22
L -40.90, -628.49, 0.0000, -43.86, -628.49, 0.0000, 216, 92, 30
L -45.29, -641.38, 0.0000, -45.29, -634.97, 0.0000, 184, 70, 22
L -37.29, -631.38, 0.0000, -37.29, -624.97, 0.0000, 216, 92, 30
L -45.29, -634.97, 0.0000, -41.90, -634.97, 0.0000, 184, 70, 22
L -37.29, -624.97, 0.0000, -33.90, -624.97, 0.0000, 216, 92, 30
L -34.48, -641.38, 0.0000, -38.71, -641.38, 0.0000, 184, 70, 22
L -26.48, -631.38, 0.0000, -30.71, -631.38, 0.0000, 216, 92, 30
L -38.71, -641.38, 0.0000, -38.71, -634.97, 0.0000, 184, 70, 22
L -30.71, -631.38, 0.0000, -30.71, -624.97, 0.0000, 216, 92, 30
L -38.71, -634.97, 0.0000, -34.48, -634.97, 0.0000, 184, 70, 22
L -30.71, -624.97, 0.0000, -26.48, -624.97, 0.0000, 216, 92, 30
L -38.71, -638.17, 0.0000, -35.75, -638.17, 0.0000, 184, 70, 22
L -30.71, -628.17, 0.0000, -27.75, -628.17, 0.0000, 216, 92, 30
L -24.50, -634.97, 0.0000, -22.39, -634.97, 0.0000, 184, 70, 22
L -16.50, -624.97, 0.0000, -14.39, -624.97, 0.0000, 216, 92, 30
L -22.39, -634.97, 0.0000, -21.33, -636.89, 0.0000, 184, 70, 22
L -14.39, -624.97, 0.0000, -13.33, -626.89, 0.0000, 216, 92, 30
L -21.33, -636.89, 0.0000, -21.33, -639.45, 0.0000, 184, 70, 22
L -13.33, -626.89, 0.0000, -13.33, -629.45, 0.0000, 216, 92, 30
L -21.33, -639.45, 0.0000, -22.39, -641.38, 0.0000, 184, 70, 22
L -13.33, -629.45, 0.0000, -14.39, -631.38, 0.0000, 216, 92, 30
L -22.39, -641.38, 0.0000, -24.50, -641.38, 0.0000, 184, 70, 22
L -14.39, -631.38, 0.0000, -16.50, -631.38, 0.0000, 216, 92, 30
L -24.50, -641.38, 0.0000, -25.56, -639.45, 0.0000, 184, 70, 22
L -16.50, -631.38, 0.0000, -17.56, -629.45, 0.0000, 216, 92, 30
L -25.56, -639.45, 0.0000, -25.56, -636.89, 0.0000, 184, 70, 22
L -17.56, -629.45, 0.0000, -17.56, -626.89, 0.0000, 216, 92, 30
L -25.56, -636.89, 0.0000, -24.50, -634.97, 0.0000, 184, 70, 22
L -17.56, -626.89, 0.0000, -16.50, -624.97, 0.0000, 216, 92, 30
L -18.98, -634.97, 0.0000, -18.98, -641.38, 0.0000, 184, 70, 22
L -10.98, -624.97, 0.0000, -10.98, -631.38, 0.0000, 216, 92, 30
L -18.98, -641.38, 0.0000, -14.75, -641.38, 0.0000, 184, 70, 22
L -10.98, -631.38, 0.0000, -6.75, -631.38, 0.0000, 216, 92, 30
L -18.98, -638.49, 0.0000, -16.02, -638.49, 0.0000, 184, 70, 22
L -10.98, -628.49, 0.0000, -8.02, -628.49, 0.0000, 216, 92, 30
L -1.60, -640.41, 0.0000, -2.44, -641.38, 0.0000, 184, 70, 22
L 6.40, -630.41, 0.0000, 5.56, -631.38, 0.0000, 216, 92, 30
L -2.44, -641.38, 0.0000, -4.98, -641.38, 0.0000, 184, 70, 22
L 5.56, -631.38, 0.0000, 3.02, -631.38, 0.0000, 216, 92, 30
L -4.98, -641.38, 0.0000, -5.83, -640.22, 0.0000, 184, 70, 22
L 3.02, -631.38, 0.0000, 2.17, -630.22, 0.0000, 216, 92, 30
L -5.83, -640.22, 0.0000, -5.83, -638.81, 0.0000, 184, 70, 22
L 2.17, -630.22, 0.0000, 2.17, -628.81, 0.0000, 216, 92, 30
L -5.83, -638.81, 0.0000, -4.98, -638.17, 0.0000, 184, 70, 22
L 2.17, -628.81, 0.0000, 3.02, -628.17, 0.0000, 216, 92, 30
L -4.98, -638.17, 0.0000, -2.44, -638.17, 0.0000, 184, 70, 22
L 3.02, -628.17, 0.0000, 5.56, -628.17, 0.0000, 216, 92, 30
L -2.44, -638.17, 0.0000, -1.60, -637.40, 0.0000, 184, 70, 22
L 5.56, -628.17, 0.0000, 6.40, -627.40, 0.0000, 216, 92, 30
L -1.60, -637.40, 0.0000, -1.60, -635.99, 0.0000, 184, 70, 22
L 6.40, -627.40, 0.0000, 6.40, -625.99, 0.0000, 216, 92, 30
L -1.60, -635.99, 0.0000, -2.44, -634.97, 0.0000, 184, 70, 22
L 6.40, -625.99, 0.0000, 5.56, -624.97, 0.0000, 216, 92, 30
L -2.44, -634.97, 0.0000, -4.98, -634.97, 0.0000, 184, 70, 22
L 5.56, -624.97, 0.0000, 3.02, -624.97, 0.0000, 216, 92, 30
L -4.98, -634.97, 0.0000, -5.83, -635.99, 0.0000, 184, 70, 22
L 3.02, -624.97, 0.0000, 2.17, -625.99, 0.0000, 216, 92, 30
L 1.81, -634.97, 0.0000, 3.92, -634.97, 0.0000, 184, 70, 22
L 9.81, -624.97, 0.0000, 11.92, -624.97, 0.0000, 216, 92, 30
L 3.92, -634.97, 0.0000, 4.98, -636.89, 0.0000, 184, 70, 22
L 11.92, -624.97, 0.0000, 12.98, -626.89, 0.0000, 216, 92, 30
L 4.98, -636.89, 0.0000, 4.98, -639.45, 0.0000, 184, 70, 22
L 12.98, -626.89, 0.0000, 12.98, -629.45, 0.0000, 216, 92, 30
L 4.98, -639.45, 0.0000, 3.92, -641.38, 0.0000, 184, 70, 22
L 12.98, -629.45, 0.0000, 11.92, -631.38, 0.0000, 216, 92, 30
L 3.92, -641.38, 0.0000, 1.81, -641.38, 0.0000, 184, 70, 22
L 11.92, -631.38, 0.0000, 9.81, -631.38, 0.0000, 216, 92, 30
L 1.81, -641.38, 0.0000, 0.75, -639.45, 0.0000, 184, 70, 22
L 9.81, -631.38, 0.0000, 8.75, -629.45, 0.0000, 216, 92, 30
L 0.75, -639.45, 0.0000, 0.75, -636.89, 0.0000, 184, 70, 22
L 8.75, -629.45, 0.0000, 8.75, -626.89, 0.0000, 216, 92, 30
L 0.75, -636.89, 0.0000, 1.81, -634.97, 0.0000, 184, 70, 22
L 8.75, -626.89, 0.0000, 9.81, -624.97, 0.0000, 216, 92, 30
L 7.33, -641.38, 0.0000, 7.33, -634.97, 0.0000, 184, 70, 22
L 15.33, -631.38, 0.0000, 15.33, -624.97, 0.0000, 216, 92, 30
L 7.33, -634.97, 0.0000, 10.71, -634.97, 0.0000, 184, 70, 22
L 15.33, -624.97, 0.0000, 18.71, -624.97, 0.0000, 216, 92, 30
L 13.90, -641.38, 0.0000, 13.90, -636.25, 0.0000, 184, 70, 22
L 21.90, -631.38, 0.0000, 21.90, -626.25, 0.0000, 216, 92, 30
L 13.90, -636.25, 0.0000, 14.75, -634.97, 0.0000, 184, 70, 22
L 21.90, -626.25, 0.0000, 22.75, -624.97, 0.0000, 216, 92, 30
L 14.75, -634.97, 0.0000, 17.29, -634.97, 0.0000, 184, 70, 22
L 22.75, -624.97, 0.0000, 25.29, -624.97, 0.0000, 216, 92, 30
L 17.29, -634.97, 0.0000, 18.13, -636.25, 0.0000, 184, 70, 22
L 25.29, -624.97, 0.0000, 26.13, -626.25, 0.0000, 216, 92, 30
L 18.13, -636.25, 0.0000, 18.13, -641.38, 0.0000, 184, 70, 22
L 26.13, -626.25, 0.0000, 26.13, -631.38, 0.0000, 216, 92, 30
L 24.71, -640.41, 0.0000, 23.86, -641.38, 0.0000, 184, 70, 22
L 32.71, -630.41, 0.0000, 31.86, -631.38, 0.0000, 216, 92, 30
L 23.86, -641.38, 0.0000, 21.33, -641.38, 0.0000, 184, 70, 22
L 31.86, -631.38, 0.0000, 29.33, -631.38, 0.0000, 216, 92, 30
L 21.33, -641.38, 0.0000, 20.48, -640.22, 0.0000, 184, 70, 22
L 29.33, -631.38, 0.0000, 28.48, -630.22, 0.0000, 216, 92, 30
L 20.48, -640.22, 0.0000, 20.48, -638.81, 0.0000, 184, 70, 22
L 28.48, -630.22, 0.0000, 28.48, -628.81, 0.0000, 216, 92, 30
L 20.48, -638.81, 0.0000, 21.33, -638.17, 0.0000, 184, 70, 22
L 28.48, -628.81, 0.0000, 29.33, -628.17, 0.0000, 216, 92, 30
L 21.33, -638.17, 0.0000, 23.86, -638.17, 0.0000, 184, 70, 22
L 29.33, -628.17, 0.0000, 31.86, -628.17, 0.0000, 216, 92, 30
L 23.86, -638.17, 0.0000, 24.71, -637.40, 0.0000, 184, 70, 22
L 31.86, -628.17, 0.0000, 32.71, -627.40, 0.0000, 216, 92, 30
L 24.71, -637.40, 0.0000, 24.71, -635.99, 0.0000, 184, 70, 22
L 32.71, -627.40, 0.0000, 32.71, -625.99, 0.0000, 216, 92, 30
L 24.71, -635.99, 0.0000, 23.86, -634.97, 0.0000, 184, 70, 22
L 32.71, -625.99, 0.0000, 31.86, -624.97, 0.0000, 216, 92, 30
L 23.86, -634.97, 0.0000, 21.33, -634.97, 0.0000, 184, 70, 22
L 31.86, -624.97, 0.0000, 29.33, -624.97, 0.0000, 216, 92, 30
L 21.33, -634.97, 0.0000, 20.48, -635.99, 0.0000, 184, 70, 22
L 29.33, -624.97, 0.0000, 28.48, -625.99, 0.0000, 216, 92, 30
L 31.29, -641.38, 0.0000, 27.06, -641.38, 0.0000, 184, 70, 22
L 39.29, -631.38, 0.0000, 35.06, -631.38, 0.0000, 216, 92, 30
L 27.06, -641.38, 0.0000, 27.06, -634.97, 0.0000, 184, 70, 22
L 35.06, -631.38, 0.0000, 35.06, -624.97, 0.0000, 216, 92, 30
L 27.06, -634.97, 0.0000, 31.29, -634.97, 0.0000, 184, 70, 22
L 35.06, -624.97, 0.0000, 39.29, -624.97, 0.0000, 216, 92, 30
L 27.06, -638.17, 0.0000, 30.02, -638.17, 0.0000, 184, 70, 22
L 35.06, -628.17, 0.0000, 38.02, -628.17, 0.0000, 216, 92, 30
L 33.64, -634.97, 0.0000, 33.64, -641.38, 0.0000, 184, 70, 22
L 41.64, -624.97, 0.0000, 41.64, -631.38, 0.0000, 216, 92, 30
L 33.64, -637.85, 0.0000, 37.23, -641.38, 0.0000, 184, 70, 22
L 41.64, -627.85, 0.0000, 45.23, -631.38, 0.0000, 216, 92, 30
L 34.69, -638.49, 0.0000, 37.44, -634.97, 0.0000, 184, 70, 22
L 42.69, -628.49, 0.0000, 45.44, -624.97, 0.0000, 216, 92, 30
L 46.79, -634.97, 0.0000, 46.79, -641.38, 0.0000, 184, 70, 22
L 54.79, -624.97, 0.0000, 54.79, -631.38, 0.0000, 216, 92, 30
L 46.79, -641.38, 0.0000, 49.75, -641.38, 0.0000, 184, 70, 22
L 54.79, -631.38, 0.0000, 57.75, -631.38, 0.0000, 216, 92, 30
L 49.75, -641.38, 0.0000, 50.81, -640.09, 0.0000, 184, 70, 22
L 57.75, -631.38, 0.0000, 58.81, -630.09, 0.0000, 216, 92, 30
L 50.81, -640.09, 0.0000, 49.75, -638.49, 0.0000, 184, 70, 22
L 58.81, -630.09, 0.0000, 57.75, -628.49, 0.0000, 216, 92, 30
L 49.75, -638.49, 0.0000, 46.79, -638.49, 0.0000, 184, 70, 22
L 57.75, -628.49, 0.0000, 54.79, -628.49, 0.0000, 216, 92, 30
L 48.27, -638.49, 0.0000, 51.02, -634.97, 0.0000, 184, 70, 22
L 56.27, -628.49, 0.0000, 59.02, -624.97, 0.0000, 216, 92, 30
L 54.42, -634.97, 0.0000, 56.54, -634.97, 0.0000, 184, 70, 22
L 62.42, -624.97, 0.0000, 64.54, -624.97, 0.0000, 216, 92, 30
L 56.54, -634.97, 0.0000, 57.59, -636.89, 0.0000, 184, 70, 22
L 64.54, -624.97, 0.0000, 65.59, -626.89, 0.0000, 216, 92, 30
L 57.59, -636.89, 0.0000, 57.59, -639.45, 0.0000, 184, 70, 22
L 65.59, -626.89, 0.0000, 65.59, -629.45, 0.0000, 216, 92, 30
L 57.59, -639.45, 0.0000, 56.54, -641.38, 0.0000, 184, 70, 22
L 65.59, -629.45, 0.0000, 64.54, -631.38, 0.0000, 216, 92, 30
L 56.54, -641.38, 0.0000, 54.42, -641.38, 0.0000, 184, 70, 22
L 64.54, -631.38, 0.0000, 62.42, -631.38, 0.0000, 216, 92, 30
L 54.42, -641.38, 0.0000, 53.37, -639.45, 0.0000, 184, 70, 22
L 62.42, -631.38, 0.0000, 61.37, -629.45, 0.0000, 216, 92, 30
L 53.37, -639.45, 0.0000, 53.37, -636.89, 0.0000, 184, 70, 22
L 61.37, -629.45, 0.0000, 61.37, -626.89, 0.0000, 216, 92, 30
L 53.37, -636.89, 0.0000, 54.42, -634.97, 0.0000, 184, 70, 22
L 61.37, -626.89, 0.0000, 62.42, -624.97, 0.0000, 216, 92, 30
L -101.59, -588.97, 0.0000, 87.59, -588.97, 0.0000, 216, 92, 30
L -101.59, -683.38, 0.0000, 87.59, -683.38, 0.0000, 216, 92, 30
L -96.59, -131.28, 0.0000, -97.66, -119.12, 0.0000, 96, 50, 28
L -97.66, -119.12, 0.0000, -100.82, -107.34, 0.0000, 96, 50, 28
L -100.82, -107.34, 0.0000, -105.97, -96.28, 0.0000, 96, 50, 28
L -105.97, -96.28, 0.0000, -112.97, -86.28, 0.0000, 96, 50, 28
L -112.97, -86.28, 0.0000, -121.60, -77.66, 0.0000, 96, 50, 28
L -121.60, -77.66, 0.0000, -131.59, -70.66, 0.0000, 96, 50, 28
L -131.59, -70.66, 0.0000, -142.65, -65.50, 0.0000, 96, 50, 28
L -142.65, -65.50, 0.0000, -154.44, -62.34, 0.0000, 96, 50, 28
L -154.44, -62.34, 0.0000, -166.59, -61.28, 0.0000, 96, 50, 28
L -166.59, -61.28, 0.0000, -178.75, -62.34, 0.0000, 96, 50, 28
L -178.75, -62.34, 0.0000, -190.54, -65.50, 0.0000, 96, 50, 28
L -190.54, -65.50, 0.0000, -201.59, -70.66, 0.0000, 96, 50, 28
L -201.59, -70.66, 0.0000, -211.59, -77.66, 0.0000, 96, 50, 28
L -211.59, -77.66, 0.0000, -220.22, -86.28, 0.0000, 96, 50, 28
L -220.22, -86.28, 0.0000, -227.22, -96.28, 0.0000, 96, 50, 28
L -227.22, -96.28, 0.0000, -232.37, -107.34, 0.0000, 96, 50, 28
L -232.37, -107.34, 0.0000, -235.53, -119.12, 0.0000, 96, 50, 28
L -235.53, -119.12, 0.0000, -236.59, -131.28, 0.0000, 96, 50, 28
L -236.59, -131.28, 0.0000, -235.53, -143.44, 0.0000, 96, 50, 28
L -235.53, -143.44, 0.0000, -232.37, -155.22, 0.0000, 96, 50, 28
L -232.37, -155.22, 0.0000, -227.22, -166.28, 0.0000, 96, 50, 28
L -227.22, -166.28, 0.0000, -220.22, -176.27, 0.0000, 96, 50, 28
L -220.22, -176.27, 0.0000, -211.59, -184.90, 0.0000, 96, 50, 28
L -211.59, -184.90, 0.0000, -201.59, -191.90, 0.0000, 96, 50, 28
L -201.59, -191.90, 0.0000, -190.54, -197.06, 0.0000, 96, 50, 28
L -190.54, -197.06, 0.0000, -178.75, -200.22, 0.0000, 96, 50, 28
L -178.75, -200.22, 0.0000, -166.59, -201.28, 0.0000, 96, 50, 28
L -166.59, -201.28, 0.0000, -154.44, -200.22, 0.0000, 96, 50, 28
L -154.44, -200.22, 0.0000, -142.65, -197.06, 0.0000, 96, 50, 28
L -142.65, -197.06, 0.0000, -131.59, -191.90, 0.0000, 96, 50, 28
L -131.59, -191.90, 0.0000, -121.60, -184.90, 0.0000, 96, 50, 28
L -121.60, -184.90, 0.0000, -112.97, -176.27, 0.0000, 96, 50, 28
L -112.97, -176.27, 0.0000, -105.97, -166.28, 0.0000, 96, 50, 28
L -105.97, -166.28, 0.0000, -100.82, -155.22, 0.0000, 96, 50, 28
L -100.82, -155.22, 0.0000, -97.66, -143.44, 0.0000, 96, 50, 28
L -97.66, -143.44, 0.0000, -96.59, -131.28, 0.0000, 96, 50, 28
L -87.49, -131.28, 0.0000, -88.70, -117.54, 0.0000, 216, 92, 30
L -88.70, -117.54, 0.0000, -92.26, -104.23, 0.0000, 216, 92, 30
L -92.26, -104.23, 0.0000, -98.09, -91.73, 0.0000, 216, 92, 30
L -98.09, -91.73, 0.0000, -106.00, -80.44, 0.0000, 216, 92, 30
L -106.00, -80.44, 0.0000, -115.75, -70.69, 0.0000, 216, 92, 30
L -115.75, -70.69, 0.0000, -127.04, -62.78, 0.0000, 216, 92, 30
L -127.04, -62.78, 0.0000, -139.54, -56.95, 0.0000, 216, 92, 30
L -139.54, -56.95, 0.0000, -152.86, -53.38, 0.0000, 216, 92, 30
L -152.86, -53.38, 0.0000, -166.59, -52.18, 0.0000, 216, 92, 30
L -166.59, -52.18, 0.0000, -180.33, -53.38, 0.0000, 216, 92, 30
L -180.33, -53.38, 0.0000, -193.65, -56.95, 0.0000, 216, 92, 30
L -193.65, -56.95, 0.0000, -206.14, -62.78, 0.0000, 216, 92, 30
L -206.14, -62.78, 0.0000, -217.44, -70.69, 0.0000, 216, 92, 30
L -217.44, -70.69, 0.0000, -227.19, -80.44, 0.0000, 216, 92, 30
L -227.19, -80.44, 0.0000, -235.10, -91.73, 0.0000, 216, 92, 30
L -235.10, -91.73, 0.0000, -240.92, -104.23, 0.0000, 216, 92, 30
L -240.92, -104.23, 0.0000, -244.49, -117.54, 0.0000, 216, 92, 30
L -244.49, -117.54, 0.0000, -245.69, -131.28, 0.0000, 216, 92, 30
L -245.69, -131.28, 0.0000, -244.49, -145.02, 0.0000, 216, 92, 30
L -244.49, -145.02, 0.0000, -240.92, -158.33, 0.0000, 216, 92, 30
L -240.92, -158.33, 0.0000, -235.10, -170.83, 0.0000, 216, 92, 30
L -235.10, -170.83, 0.0000, -227.19, -182.12, 0.0000, 216, 92, 30
L -227.19, -182.12, 0.0000, -217.44, -191.87, 0.0000, 216, 92, 30
L -217.44, -191.87, 0.0000, -206.14, -199.78, 0.0000, 216, 92, 30
L -206.14, -199.78, 0.0000, -193.65, -205.61, 0.0000, 216, 92, 30
L -193.65, -205.61, 0.0000, -180.33, -209.18, 0.0000, 216, 92, 30
L -180.33, -209.18, 0.0000, -166.59, -210.38, 0.0000, 216, 92, 30
L -166.59, -210.38, 0.0000, -152.86, -209.18, 0.0000, 216, 92, 30
L -152.86, -209.18, 0.0000, -139.54, -205.61, 0.0000, 216, 92, 30
L -139.54, -205.61, 0.0000, -127.04, -199.78, 0.0000, 216, 92, 30
L -127.04, -199.78, 0.0000, -115.75, -191.87, 0.0000, 216, 92, 30
L -115.75, -191.87, 0.0000, -106.00, -182.12, 0.0000, 216, 92, 30
L -106.00, -182.12, 0.0000, -98.09, -170.83, 0.0000, 216, 92, 30
L -98.09, -170.83, 0.0000, -92.26, -158.33, 0.0000, 216, 92, 30
L -92.26, -158.33, 0.0000, -88.70, -145.02, 0.0000, 216, 92, 30
L -88.70, -145.02, 0.0000, -87.49, -131.28, 0.0000, 216, 92, 30
L -166.59, -131.28, 0.0000, -166.59, -201.28, 0.0000, 216, 92, 30
L -166.59, -131.28, 0.0000, -136.90, -160.98, 0.0000, 168, 120, 90
L -166.59, -131.28, 0.0000, -96.59, -131.28, 0.0000, 216, 92, 30
L -166.59, -131.28, 0.0000, -136.90, -101.58, 0.0000, 168, 120, 90
L -166.59, -131.28, 0.0000, -166.59, -61.28, 0.0000, 216, 92, 30
L -166.59, -131.28, 0.0000, -196.29, -101.58, 0.0000, 168, 120, 90
L -166.59, -131.28, 0.0000, -236.59, -131.28, 0.0000, 216, 92, 30
L -166.59, -131.28, 0.0000, -196.29, -160.98, 0.0000, 168, 120, 90
L -166.59, -115.60, 0.0000, -175.55, -131.28, 0.0000, 216, 92, 30
L -175.55, -131.28, 0.0000, -166.59, -149.20, 0.0000, 216, 92, 30
L -166.59, -149.20, 0.0000, -157.63, -131.28, 0.0000, 216, 92, 30
L -157.63, -131.28, 0.0000, -166.59, -115.60, 0.0000, 216, 92, 30
L -166.59, -120.08, 0.0000, -171.07, -131.28, 0.0000, 168, 120, 90
L -171.07, -131.28, 0.0000, -166.59, -139.12, 0.0000, 168, 120, 90
L -166.59, -139.12, 0.0000, -162.11, -131.28, 0.0000, 168, 120, 90
L -162.11, -131.28, 0.0000, -166.59, -120.08, 0.0000, 168, 120, 90
L -166.59, -166.28, 0.0000, -166.59, -194.28, 0.0000, 184, 70, 22
L -174.59, -187.28, 0.0000, -166.59, -197.08, 0.0000, 184, 70, 22
L -158.59, -187.28, 0.0000, -166.59, -197.08, 0.0000, 184, 70, 22
P -166.59, -220.88, 0.0000, 184, 70, 22, 3, N
P -166.59, -41.68, 0.0000, 96, 50, 28, 1, S
P -76.99, -131.28, 0.0000, 96, 50, 28, 1, E
P -256.19, -131.28, 0.0000, 96, 50, 28, 1, W
