P -865.7432, -2873.0369, -30.6552, 150, 0, 200, 3, to_Northern_Karana
P -900.9079, -2873.0666, -30.6552, 150, 0, 200, 3, to_Lake_Rathetear
P -1154.9262, 8568.6748, 0.6289, 150, 0, 200, 3, to_Southern_Ro
P-922.9225, 3158.2195, -11.3115, 150, 0, 200, 3, to_Splitpaw_Lair
P-1071.0000, 6724.0000, 79.0322, 30, 80, 95, 4, Aviak_Village_(KFC)
P 2063.0000, -33.0000, -3.1553, 30, 80, 95, 3, Centaur_Camps
P-1700.0000, 3350.0000, -1.0000, 110, 0, 60, 2, An_Undead_Cyclops_(31-35,_5pct_rare,_roams_Splitpaw)
P -94.0000, 13.0000, -1.0000, 110, 0, 60, 2, Baenar_Swiftsong_(50)
P -1364.0000, 2540.0000, -1.0000, 110, 0, 60, 2, Brother_Drash_(3)
P -3176.0000, 4833.0000, 0.0000, 110, 0, 60, 2, Brother_Qwinn_(61)
P 1522.0000, 254.0000, -1.0000, 110, 0, 60, 2, Coloth_Meadowgreen_(34-35)
P -1835.0000, 6641.0000, -1.0000, 110, 0, 60, 2, Cracktusk_(23-25,_roams)
P -1067.0000, -1357.0000, -1.0000, 110, 0, 60, 2, Ghanex_Drah_(15,_undead_camp)
P -1700.0000, 6500.0000, -1.0000, 110, 0, 60, 2, Gnashmaw_(18)
P 315.0000, 535.0000, -1.0000, 110, 0, 60, 2, Grizzleknot_(28,_treant)
P 1811.0000, -1244.0000, -1.0000, 110, 0, 60, 2, Knari_Morawk_(17)
P -1071.0000, 6584.0000, 79.0322, 110, 0, 60, 2, Krak_Windchaser_(28-30,_top_of_bird_house)
P -1172.0000, -1377.0000, -1.0000, 110, 0, 60, 2, Lord_Grimrot_(35)
P -705.0000, 7311.0000, -1.0000, 110, 0, 60, 2, Marik_Clubthorn_(16)
P -1721.0000, 6538.0000, -1.0000, 110, 0, 60, 2, Mroon_(20)
P -3177.0000, 4832.0000, 0.0000, 110, 0, 60, 2, Narra_Tanith_(22)
P -705.0000, 7431.0000, -1.0000, 110, 0, 60, 2, Sentry_Alechin_(28-30)
P 1481.0000, 3409.0000, -1.0000, 110, 0, 60, 2, Synger_Foxfyre_(26)
P 118.0000, 50.0000, -1.0000, 110, 0, 60, 2, Vhalen_Nostrolo_(31)
P -95.9500, 7118.6900, 92.7600, 30, 80, 95, 2, Aviak_Lookout_(hilltop)
