L -1152.1339, 354.4980, 0.0000, -947.1339, 559.4980, 0.0000, 150, 90, 150
L -947.1339, 559.4980, 0.0000, -1152.1339, 764.4980, 0.0000, 150, 90, 150
L -1152.1339, 764.4980, 0.0000, -1357.1339, 559.4980, 0.0000, 150, 90, 150
L -1357.1339, 559.4980, 0.0000, -1152.1339, 354.4980, 0.0000, 150, 90, 150
L -1254.6339, 846.4980, 0.0000, -1049.6339, 846.4980, 0.0000, 150, 90, 150
P -824.1339, 559.4980, 0.0000, 150, 90, 150, 3, Aviak_Village
L 1179.1467, 2642.8942, 0.0000, 1384.1467, 2847.8942, 0.0000, 150, 90, 150
L 1384.1467, 2847.8942, 0.0000, 1179.1467, 3052.8942, 0.0000, 150, 90, 150
L 1179.1467, 3052.8942, 0.0000, 974.1467, 2847.8942, 0.0000, 150, 90, 150
L 974.1467, 2847.8942, 0.0000, 1179.1467, 2642.8942, 0.0000, 150, 90, 150
L 1076.6467, 3134.8942, 0.0000, 1281.6467, 3134.8942, 0.0000, 150, 90, 150
P 1507.1467, 2847.8942, 0.0000, 150, 90, 150, 3, Centaur_Valley
L -423.6087, 5388.9697, 0.0000, -218.6087, 5593.9697, 0.0000, 150, 90, 150
L -218.6087, 5593.9697, 0.0000, -423.6087, 5798.9697, 0.0000, 150, 90, 150
L -423.6087, 5798.9697, 0.0000, -628.6087, 5593.9697, 0.0000, 150, 90, 150
L -628.6087, 5593.9697, 0.0000, -423.6087, 5388.9697, 0.0000, 150, 90, 150
L -526.1087, 5880.9697, 0.0000, -321.1087, 5880.9697, 0.0000, 150, 90, 150
P -95.6087, 5593.9697, 0.0000, 150, 90, 150, 3, South_Crossroads
