P 0.0000, 1859.0000, -1.0000, 150, 0, 200, 3, to_Oasis_of_Marr
P 0.0000, -1400.0000, -1.0000, 30, 80, 95, 3, Desert_Dunes
P -1712.9988, 472.9514, 0.0000, 0, 150, 140, 2, To_Rujarkian_Hills_(LDoN?)
P -1211.0000, 3045.0000, -25.4218, 165, 60, 20, 2, Andad_Filla_(Notable)
P -444.0000, -160.0000, -24.5634, 165, 60, 20, 2, Artist_Passia_(Notable)
P 230.0000, 371.0000, -80.7965, 165, 60, 20, 2, Crypt_mummy_(Notable)
P 355.0000, -993.0000, -1.0000, 165, 60, 20, 2, Dry_Bones_Skeleton_(Notable)
P -1377.0000, -1146.0000, 14.3768, 165, 60, 20, 2, Ortallius_(Notable)
P -449.0000, -651.0000, -1.0000, 165, 60, 20, 2, Sandgiant_Husam_(Notable)
P -641.0000, 2475.0000, -1.0000, 165, 60, 20, 2, Scrounge_(Notable)
