L -301.2527, 657.2805, 0.0000, -265.5179, 722.2529, 0.0000, 150, 90, 150
L -265.5179, 722.2529, 0.0000, -301.2527, 787.2253, 0.0000, 150, 90, 150
L -301.2527, 787.2253, 0.0000, -336.9876, 722.2529, 0.0000, 150, 90, 150
L -336.9876, 722.2529, 0.0000, -301.2527, 657.2805, 0.0000, 150, 90, 150
P -190.7997, 722.2529, 0.0000, 150, 90, 150, 3, Box_Canyons
L -301.2527, -675.8570, 0.0000, -273.4590, -625.3229, 0.0000, 150, 90, 150
L -273.4590, -625.3229, 0.0000, -301.2527, -574.7888, 0.0000, 150, 90, 150
L -301.2527, -574.7888, 0.0000, -329.0465, -625.3229, 0.0000, 150, 90, 150
L -329.0465, -625.3229, 0.0000, -301.2527, -675.8570, 0.0000, 150, 90, 150
P -215.3448, -625.3229, 0.0000, 150, 90, 150, 2, Eternal_Desert
L -1582.0833, 3369.2533, 0.0000, -1582.0833, 3850.5303, 0.0000, 150, 90, 150
L -1582.0833, 3850.5303, 0.0000, -1639.8366, 3754.2749, 0.0000, 150, 90, 150
L -1582.0833, 3850.5303, 0.0000, -1524.3301, 3754.2749, 0.0000, 150, 90, 150
P -2179.7978, 3735.0238, 0.0000, 150, 90, 150, 4, To_Sycamore_Joy's_Rest
L -309.6500, 3422.1937, 0.0000, -309.6500, 3797.5899, 0.0000, 150, 90, 150
L -309.6500, 3797.5899, 0.0000, -355.8526, 3720.5855, 0.0000, 150, 90, 150
L -309.6500, 3797.5899, 0.0000, -263.4474, 3720.5855, 0.0000, 150, 90, 150
P -550.2885, 3735.0238, 0.0000, 150, 90, 150, 3, To_Oasis
L 962.7833, 3422.1937, 0.0000, 962.7833, 3797.5899, 0.0000, 150, 90, 150
L 962.7833, 3797.5899, 0.0000, 916.5807, 3720.5855, 0.0000, 150, 90, 150
L 962.7833, 3797.5899, 0.0000, 1008.9859, 3720.5855, 0.0000, 150, 90, 150
P 541.6659, 3735.0238, 0.0000, 150, 90, 150, 3, To_Great_Waste
L -1582.0833, -1729.1804, 0.0000, -1582.0833, -2104.5766, 0.0000, 150, 90, 150
L -1582.0833, -2104.5766, 0.0000, -1535.8807, -2027.5722, 0.0000, 150, 90, 150
L -1582.0833, -2104.5766, 0.0000, -1628.2859, -2027.5722, 0.0000, 150, 90, 150
P -2179.7978, -1791.7465, 0.0000, 150, 90, 150, 3, To_Deathfist_Citadel
L -309.6500, -1729.1804, 0.0000, -309.6500, -2104.5766, 0.0000, 150, 90, 150
L -309.6500, -2104.5766, 0.0000, -263.4474, -2027.5722, 0.0000, 150, 90, 150
L -309.6500, -2104.5766, 0.0000, -355.8526, -2027.5722, 0.0000, 150, 90, 150
P -971.4060, -1791.7465, 0.0000, 150, 90, 150, 3, To_Muniel's_Tea_Garden
L 962.7833, -1777.3082, 0.0000, 962.7833, -2056.4488, 0.0000, 150, 90, 150
L 962.7833, -2056.4488, 0.0000, 997.4353, -1998.6956, 0.0000, 150, 90, 150
L 962.7833, -2056.4488, 0.0000, 928.1314, -1998.6956, 0.0000, 150, 90, 150
P 421.3466, -1791.7465, 0.0000, 150, 90, 150, 2, To_Deathfist_Forge
L 1089.6729, 741.7824, 0.0000, 1355.1180, 1007.2276, 0.0000, 150, 90, 150
L 1355.1180, 1007.2276, 0.0000, 1267.9976, 985.4475, 0.0000, 150, 90, 150
L 1355.1180, 1007.2276, 0.0000, 1333.3379, 920.1071, 0.0000, 150, 90, 150
P -111.1134, 999.6370, 0.0000, 150, 90, 150, 3, To_Elemental_Towers
L -1700.5756, -1073.0291, 0.0000, -1966.0208, -1338.4742, 0.0000, 150, 90, 150
L -1966.0208, -1338.4742, 0.0000, -1878.9003, -1316.6941, 0.0000, 150, 90, 150
L -1966.0208, -1338.4742, 0.0000, -1944.2407, -1251.3538, 0.0000, 150, 90, 150
P -1642.8224, -1080.6196, 0.0000, 150, 90, 150, 3, To_Deathfist_Horde
L -1734.6071, 973.1961, 0.0000, -1931.9893, 775.8139, 0.0000, 150, 90, 150
L -1931.9893, 775.8139, 0.0000, -1866.6490, 792.1489, 0.0000, 150, 90, 150
L -1931.9893, 775.8139, 0.0000, -1915.6543, 841.1542, 0.0000, 150, 90, 150
P -1676.8538, 999.6370, 0.0000, 150, 90, 150, 2, To_Dshinn's_Redoubt
L -1645.6001, 2954.7617, 0.0000, -2020.9963, 2954.7617, 0.0000, 150, 90, 150
L -2020.9963, 2954.7617, 0.0000, -1943.9919, 2908.5591, 0.0000, 150, 90, 150
L -2020.9963, 2954.7617, 0.0000, -1943.9919, 3000.9643, 0.0000, 150, 90, 150
P -1587.8469, 3079.8937, 0.0000, 150, 90, 150, 3, To_Chiktar_Hive
