L -2080.00, -1955.00, 0.0000, -2080.00, 2063.00, 0.0000, 196, 186, 168
L -1560.00, -1955.00, 0.0000, -1560.00, 2063.00, 0.0000, 196, 186, 168
L -1040.00, -1955.00, 0.0000, -1040.00, 2063.00, 0.0000, 196, 186, 168
L -520.00, -1955.00, 0.0000, -520.00, 2063.00, 0.0000, 196, 186, 168
L 0.00, -1955.00, 0.0000, 0.00, 2063.00, 0.0000, 196, 186, 168
L 520.00, -1955.00, 0.0000, 520.00, 2063.00, 0.0000, 196, 186, 168
L 1040.00, -1955.00, 0.0000, 1040.00, 2063.00, 0.0000, 196, 186, 168
L 1560.00, -1955.00, 0.0000, 1560.00, 2063.00, 0.0000, 196, 186, 168
L 2080.00, -1955.00, 0.0000, 2080.00, 2063.00, 0.0000, 196, 186, 168
L -2217.00, -1560.00, 0.0000, 2447.00, -1560.00, 0.0000, 196, 186, 168
L -2217.00, -1040.00, 0.0000, 2447.00, -1040.00, 0.0000, 196, 186, 168
L -2217.00, -520.00, 0.0000, 2447.00, -520.00, 0.0000, 196, 186, 168
L -2217.00, 0.00, 0.0000, 2447.00, 0.00, 0.0000, 196, 186, 168
L -2217.00, 520.00, 0.0000, 2447.00, 520.00, 0.0000, 196, 186, 168
L -2217.00, 1040.00, 0.0000, 2447.00, 1040.00, 0.0000, 196, 186, 168
L -2217.00, 1560.00, 0.0000, 2447.00, 1560.00, 0.0000, 196, 186, 168
L -2217.00, -1955.00, 0.0000, 2447.00, -1955.00, 0.0000, 196, 186, 168
L -2217.00, 2063.00, 0.0000, 2447.00, 2063.00, 0.0000, 196, 186, 168
L -2217.00, -1955.00, 0.0000, -2217.00, 2063.00, 0.0000, 196, 186, 168
L 2447.00, -1955.00, 0.0000, 2447.00, 2063.00, 0.0000, 196, 186, 168
L -2657.00, -2395.00, 0.0000, -2435.24, -2363.80, 0.0000, 70, 62, 52
L -2435.24, -2363.80, 0.0000, -2213.48, -2395.00, 0.0000, 70, 62, 52
L -2213.48, -2395.00, 0.0000, -1991.72, -2350.33, 0.0000, 70, 62, 52
L -1991.72, -2350.33, 0.0000, -1769.96, -2395.00, 0.0000, 70, 62, 52
L -1769.96, -2395.00, 0.0000, -1548.20, -2365.29, 0.0000, 70, 62, 52
L -1548.20, -2365.29, 0.0000, -1326.44, -2395.00, 0.0000, 70, 62, 52
L -1326.44, -2395.00, 0.0000, -1104.68, -2338.22, 0.0000, 70, 62, 52
L -1104.68, -2338.22, 0.0000, -882.92, -2395.00, 0.0000, 70, 62, 52
L -882.92, -2395.00, 0.0000, -661.16, -2350.50, 0.0000, 70, 62, 52
L -661.16, -2350.50, 0.0000, -439.40, -2395.00, 0.0000, 70, 62, 52
L -439.40, -2395.00, 0.0000, -217.64, -2367.73, 0.0000, 70, 62, 52
L -217.64, -2367.73, 0.0000, 4.12, -2395.00, 0.0000, 70, 62, 52
L 4.12, -2395.00, 0.0000, 225.88, -2353.91, 0.0000, 70, 62, 52
L 225.88, -2353.91, 0.0000, 447.64, -2395.00, 0.0000, 70, 62, 52
L 447.64, -2395.00, 0.0000, 669.40, -2364.03, 0.0000, 70, 62, 52
L 669.40, -2364.03, 0.0000, 891.16, -2395.00, 0.0000, 70, 62, 52
L 891.16, -2395.00, 0.0000, 1112.92, -2366.41, 0.0000, 70, 62, 52
L 1112.92, -2366.41, 0.0000, 1334.68, -2395.00, 0.0000, 70, 62, 52
L 1334.68, -2395.00, 0.0000, 1556.44, -2342.00, 0.0000, 70, 62, 52
L 1556.44, -2342.00, 0.0000, 1778.20, -2395.00, 0.0000, 70, 62, 52
L 1778.20, -2395.00, 0.0000, 1999.96, -2358.97, 0.0000, 70, 62, 52
L 1999.96, -2358.97, 0.0000, 2221.72, -2395.00, 0.0000, 70, 62, 52
L 2221.72, -2395.00, 0.0000, 2443.48, -2345.29, 0.0000, 70, 62, 52
L 2443.48, -2345.29, 0.0000, 2665.24, -2395.00, 0.0000, 70, 62, 52
L 2665.24, -2395.00, 0.0000, 2887.00, -2370.57, 0.0000, 70, 62, 52
L 2887.00, -2395.00, 0.0000, 2856.31, -2172.36, 0.0000, 70, 62, 52
L 2856.31, -2172.36, 0.0000, 2887.00, -1949.73, 0.0000, 70, 62, 52
L 2887.00, -1949.73, 0.0000, 2865.30, -1727.09, 0.0000, 70, 62, 52
L 2865.30, -1727.09, 0.0000, 2887.00, -1504.45, 0.0000, 70, 62, 52
L 2887.00, -1504.45, 0.0000, 2840.10, -1281.82, 0.0000, 70, 62, 52
L 2840.10, -1281.82, 0.0000, 2887.00, -1059.18, 0.0000, 70, 62, 52
L 2887.00, -1059.18, 0.0000, 2839.17, -836.55, 0.0000, 70, 62, 52
L 2839.17, -836.55, 0.0000, 2887.00, -613.91, 0.0000, 70, 62, 52
L 2887.00, -613.91, 0.0000, 2864.41, -391.27, 0.0000, 70, 62, 52
L 2864.41, -391.27, 0.0000, 2887.00, -168.64, 0.0000, 70, 62, 52
L 2887.00, -168.64, 0.0000, 2828.10, 54.00, 0.0000, 70, 62, 52
L 2828.10, 54.00, 0.0000, 2887.00, 276.64, 0.0000, 70, 62, 52
L 2887.00, 276.64, 0.0000, 2831.96, 499.27, 0.0000, 70, 62, 52
L 2831.96, 499.27, 0.0000, 2887.00, 721.91, 0.0000, 70, 62, 52
L 2887.00, 721.91, 0.0000, 2847.72, 944.55, 0.0000, 70, 62, 52
L 2847.72, 944.55, 0.0000, 2887.00, 1167.18, 0.0000, 70, 62, 52
L 2887.00, 1167.18, 0.0000, 2834.18, 1389.82, 0.0000, 70, 62, 52
L 2834.18, 1389.82, 0.0000, 2887.00, 1612.45, 0.0000, 70, 62, 52
L 2887.00, 1612.45, 0.0000, 2860.60, 1835.09, 0.0000, 70, 62, 52
L 2860.60, 1835.09, 0.0000, 2887.00, 2057.73, 0.0000, 70, 62, 52
L 2887.00, 2057.73, 0.0000, 2840.26, 2280.36, 0.0000, 70, 62, 52
L 2840.26, 2280.36, 0.0000, 2887.00, 2503.00, 0.0000, 70, 62, 52
L 2887.00, 2503.00, 0.0000, 2665.24, 2457.42, 0.0000, 70, 62, 52
L 2665.24, 2457.42, 0.0000, 2443.48, 2503.00, 0.0000, 70, 62, 52
L 2443.48, 2503.00, 0.0000, 2221.72, 2474.38, 0.0000, 70, 62, 52
L 2221.72, 2474.38, 0.0000, 1999.96, 2503.00, 0.0000, 70, 62, 52
L 1999.96, 2503.00, 0.0000, 1778.20, 2444.92, 0.0000, 70, 62, 52
L 1778.20, 2444.92, 0.0000, 1556.44, 2503.00, 0.0000, 70, 62, 52
L 1556.44, 2503.00, 0.0000, 1334.68, 2474.07, 0.0000, 70, 62, 52
L 1334.68, 2474.07, 0.0000, 1112.92, 2503.00, 0.0000, 70, 62, 52
L 1112.92, 2503.00, 0.0000, 891.16, 2468.85, 0.0000, 70, 62, 52
L 891.16, 2468.85, 0.0000, 669.40, 2503.00, 0.0000, 70, 62, 52
L 669.40, 2503.00, 0.0000, 447.64, 2449.34, 0.0000, 70, 62, 52
L 447.64, 2449.34, 0.0000, 225.88, 2503.00, 0.0000, 70, 62, 52
L 225.88, 2503.00, 0.0000, 4.12, 2472.34, 0.0000, 70, 62, 52
L 4.12, 2472.34, 0.0000, -217.64, 2503.00, 0.0000, 70, 62, 52
L -217.64, 2503.00, 0.0000, -439.40, 2454.81, 0.0000, 70, 62, 52
L -439.40, 2454.81, 0.0000, -661.16, 2503.00, 0.0000, 70, 62, 52
L -661.16, 2503.00, 0.0000, -882.92, 2480.89, 0.0000, 70, 62, 52
L -882.92, 2480.89, 0.0000, -1104.68, 2503.00, 0.0000, 70, 62, 52
L -1104.68, 2503.00, 0.0000, -1326.44, 2462.86, 0.0000, 70, 62, 52
L -1326.44, 2462.86, 0.0000, -1548.20, 2503.00, 0.0000, 70, 62, 52
L -1548.20, 2503.00, 0.0000, -1769.96, 2473.31, 0.0000, 70, 62, 52
L -1769.96, 2473.31, 0.0000, -1991.72, 2503.00, 0.0000, 70, 62, 52
L -1991.72, 2503.00, 0.0000, -2213.48, 2463.73, 0.0000, 70, 62, 52
L -2213.48, 2463.73, 0.0000, -2435.24, 2503.00, 0.0000, 70, 62, 52
L -2435.24, 2503.00, 0.0000, -2657.00, 2477.03, 0.0000, 70, 62, 52
L -2657.00, 2503.00, 0.0000, -2629.55, 2280.36, 0.0000, 70, 62, 52
L -2629.55, 2280.36, 0.0000, -2657.00, 2057.73, 0.0000, 70, 62, 52
L -2657.00, 2057.73, 0.0000, -2597.53, 1835.09, 0.0000, 70, 62, 52
L -2597.53, 1835.09, 0.0000, -2657.00, 1612.45, 0.0000, 70, 62, 52
L -2657.00, 1612.45, 0.0000, -2630.51, 1389.82, 0.0000, 70, 62, 52
L -2630.51, 1389.82, 0.0000, -2657.00, 1167.18, 0.0000, 70, 62, 52
L -2657.00, 1167.18, 0.0000, -2614.91, 944.55, 0.0000, 70, 62, 52
L -2614.91, 944.55, 0.0000, -2657.00, 721.91, 0.0000, 70, 62, 52
L -2657.00, 721.91, 0.0000, -2632.94, 499.27, 0.0000, 70, 62, 52
L -2632.94, 499.27, 0.0000, -2657.00, 276.64, 0.0000, 70, 62, 52
L -2657.00, 276.64, 0.0000, -2617.20, 54.00, 0.0000, 70, 62, 52
L -2617.20, 54.00, 0.0000, -2657.00, -168.64, 0.0000, 70, 62, 52
L -2657.00, -168.64, 0.0000, -2623.27, -391.27, 0.0000, 70, 62, 52
L -2623.27, -391.27, 0.0000, -2657.00, -613.91, 0.0000, 70, 62, 52
L -2657.00, -613.91, 0.0000, -2609.76, -836.55, 0.0000, 70, 62, 52
L -2609.76, -836.55, 0.0000, -2657.00, -1059.18, 0.0000, 70, 62, 52
L -2657.00, -1059.18, 0.0000, -2632.37, -1281.82, 0.0000, 70, 62, 52
L -2632.37, -1281.82, 0.0000, -2657.00, -1504.45, 0.0000, 70, 62, 52
L -2657.00, -1504.45, 0.0000, -2607.26, -1727.09, 0.0000, 70, 62, 52
L -2607.26, -1727.09, 0.0000, -2657.00, -1949.73, 0.0000, 70, 62, 52
L -2657.00, -1949.73, 0.0000, -2597.92, -2172.36, 0.0000, 70, 62, 52
L -2597.92, -2172.36, 0.0000, -2657.00, -2395.00, 0.0000, 70, 62, 52
L -2567.00, -2305.00, 0.0000, -2269.00, -2287.44, 0.0000, 120, 104, 80
L -2269.00, -2287.44, 0.0000, -1971.00, -2305.00, 0.0000, 120, 104, 80
L -1971.00, -2305.00, 0.0000, -1673.00, -2277.14, 0.0000, 120, 104, 80
L -1673.00, -2277.14, 0.0000, -1375.00, -2305.00, 0.0000, 120, 104, 80
L -1375.00, -2305.00, 0.0000, -1077.00, -2281.68, 0.0000, 120, 104, 80
L -1077.00, -2281.68, 0.0000, -779.00, -2305.00, 0.0000, 120, 104, 80
L -779.00, -2305.00, 0.0000, -481.00, -2289.78, 0.0000, 120, 104, 80
L -481.00, -2289.78, 0.0000, -183.00, -2305.00, 0.0000, 120, 104, 80
L -183.00, -2305.00, 0.0000, 115.00, -2289.77, 0.0000, 120, 104, 80
L 115.00, -2289.77, 0.0000, 413.00, -2305.00, 0.0000, 120, 104, 80
L 413.00, -2305.00, 0.0000, 711.00, -2291.35, 0.0000, 120, 104, 80
L 711.00, -2291.35, 0.0000, 1009.00, -2305.00, 0.0000, 120, 104, 80
L 1009.00, -2305.00, 0.0000, 1307.00, -2279.22, 0.0000, 120, 104, 80
L 1307.00, -2279.22, 0.0000, 1605.00, -2305.00, 0.0000, 120, 104, 80
L 1605.00, -2305.00, 0.0000, 1903.00, -2293.27, 0.0000, 120, 104, 80
L 1903.00, -2293.27, 0.0000, 2201.00, -2305.00, 0.0000, 120, 104, 80
L 2201.00, -2305.00, 0.0000, 2499.00, -2273.35, 0.0000, 120, 104, 80
L 2499.00, -2273.35, 0.0000, 2797.00, -2305.00, 0.0000, 120, 104, 80
L 2797.00, -2305.00, 0.0000, 2772.90, -2010.12, 0.0000, 120, 104, 80
L 2772.90, -2010.12, 0.0000, 2797.00, -1715.25, 0.0000, 120, 104, 80
L 2797.00, -1715.25, 0.0000, 2783.41, -1420.38, 0.0000, 120, 104, 80
L 2783.41, -1420.38, 0.0000, 2797.00, -1125.50, 0.0000, 120, 104, 80
L 2797.00, -1125.50, 0.0000, 2768.93, -830.62, 0.0000, 120, 104, 80
L 2768.93, -830.62, 0.0000, 2797.00, -535.75, 0.0000, 120, 104, 80
L 2797.00, -535.75, 0.0000, 2782.19, -240.88, 0.0000, 120, 104, 80
L 2782.19, -240.88, 0.0000, 2797.00, 54.00, 0.0000, 120, 104, 80
L 2797.00, 54.00, 0.0000, 2770.06, 348.88, 0.0000, 120, 104, 80
L 2770.06, 348.88, 0.0000, 2797.00, 643.75, 0.0000, 120, 104, 80
L 2797.00, 643.75, 0.0000, 2771.27, 938.62, 0.0000, 120, 104, 80
L 2771.27, 938.62, 0.0000, 2797.00, 1233.50, 0.0000, 120, 104, 80
L 2797.00, 1233.50, 0.0000, 2780.97, 1528.38, 0.0000, 120, 104, 80
L 2780.97, 1528.38, 0.0000, 2797.00, 1823.25, 0.0000, 120, 104, 80
L 2797.00, 1823.25, 0.0000, 2785.22, 2118.12, 0.0000, 120, 104, 80
L 2785.22, 2118.12, 0.0000, 2797.00, 2413.00, 0.0000, 120, 104, 80
L 2797.00, 2413.00, 0.0000, 2499.00, 2391.34, 0.0000, 120, 104, 80
L 2499.00, 2391.34, 0.0000, 2201.00, 2413.00, 0.0000, 120, 104, 80
L 2201.00, 2413.00, 0.0000, 1903.00, 2391.63, 0.0000, 120, 104, 80
L 1903.00, 2391.63, 0.0000, 1605.00, 2413.00, 0.0000, 120, 104, 80
L 1605.00, 2413.00, 0.0000, 1307.00, 2389.35, 0.0000, 120, 104, 80
L 1307.00, 2389.35, 0.0000, 1009.00, 2413.00, 0.0000, 120, 104, 80
L 1009.00, 2413.00, 0.0000, 711.00, 2393.75, 0.0000, 120, 104, 80
L 711.00, 2393.75, 0.0000, 413.00, 2413.00, 0.0000, 120, 104, 80
L 413.00, 2413.00, 0.0000, 115.00, 2387.98, 0.0000, 120, 104, 80
L 115.00, 2387.98, 0.0000, -183.00, 2413.00, 0.0000, 120, 104, 80
L -183.00, 2413.00, 0.0000, -481.00, 2388.73, 0.0000, 120, 104, 80
L -481.00, 2388.73, 0.0000, -779.00, 2413.00, 0.0000, 120, 104, 80
L -779.00, 2413.00, 0.0000, -1077.00, 2381.80, 0.0000, 120, 104, 80
L -1077.00, 2381.80, 0.0000, -1375.00, 2413.00, 0.0000, 120, 104, 80
L -1375.00, 2413.00, 0.0000, -1673.00, 2400.49, 0.0000, 120, 104, 80
L -1673.00, 2400.49, 0.0000, -1971.00, 2413.00, 0.0000, 120, 104, 80
L -1971.00, 2413.00, 0.0000, -2269.00, 2389.32, 0.0000, 120, 104, 80
L -2269.00, 2389.32, 0.0000, -2567.00, 2413.00, 0.0000, 120, 104, 80
L -2567.00, 2413.00, 0.0000, -2553.57, 2118.12, 0.0000, 120, 104, 80
L -2553.57, 2118.12, 0.0000, -2567.00, 1823.25, 0.0000, 120, 104, 80
L -2567.00, 1823.25, 0.0000, -2549.52, 1528.38, 0.0000, 120, 104, 80
L -2549.52, 1528.38, 0.0000, -2567.00, 1233.50, 0.0000, 120, 104, 80
L -2567.00, 1233.50, 0.0000, -2534.97, 938.62, 0.0000, 120, 104, 80
L -2534.97, 938.62, 0.0000, -2567.00, 643.75, 0.0000, 120, 104, 80
L -2567.00, 643.75, 0.0000, -2549.07, 348.88, 0.0000, 120, 104, 80
L -2549.07, 348.88, 0.0000, -2567.00, 54.00, 0.0000, 120, 104, 80
L -2567.00, 54.00, 0.0000, -2543.51, -240.88, 0.0000, 120, 104, 80
L -2543.51, -240.88, 0.0000, -2567.00, -535.75, 0.0000, 120, 104, 80
L -2567.00, -535.75, 0.0000, -2544.28, -830.62, 0.0000, 120, 104, 80
L -2544.28, -830.62, 0.0000, -2567.00, -1125.50, 0.0000, 120, 104, 80
L -2567.00, -1125.50, 0.0000, -2545.98, -1420.38, 0.0000, 120, 104, 80
L -2545.98, -1420.38, 0.0000, -2567.00, -1715.25, 0.0000, 120, 104, 80
L -2567.00, -1715.25, 0.0000, -2538.66, -2010.12, 0.0000, 120, 104, 80
L -2538.66, -2010.12, 0.0000, -2567.00, -2305.00, 0.0000, 120, 104, 80
L -2445.08, -2235.00, 0.0000, -2456.48, -2220.25, 0.0000, 96, 104, 120
L -2456.48, -2220.25, 0.0000, -2457.23, -2201.63, 0.0000, 96, 104, 120
L -2457.23, -2201.63, 0.0000, -2475.44, -2197.66, 0.0000, 96, 104, 120
L -2475.44, -2197.66, 0.0000, -2487.98, -2183.87, 0.0000, 96, 104, 120
L -2487.98, -2183.87, 0.0000, -2504.49, -2192.54, 0.0000, 96, 104, 120
L -2504.49, -2192.54, 0.0000, -2522.96, -2190.04, 0.0000, 96, 104, 120
L -2522.96, -2190.04, 0.0000, -2530.03, -2207.28, 0.0000, 96, 104, 120
L -2530.03, -2207.28, 0.0000, -2545.79, -2217.24, 0.0000, 96, 104, 120
L -2545.79, -2217.24, 0.0000, -2540.12, -2235.00, 0.0000, 96, 104, 120
L -2540.12, -2235.00, 0.0000, -2545.79, -2252.76, 0.0000, 96, 104, 120
L -2545.79, -2252.76, 0.0000, -2530.03, -2262.72, 0.0000, 96, 104, 120
L -2530.03, -2262.72, 0.0000, -2522.96, -2279.96, 0.0000, 96, 104, 120
L -2522.96, -2279.96, 0.0000, -2504.49, -2277.46, 0.0000, 96, 104, 120
L -2504.49, -2277.46, 0.0000, -2487.98, -2286.13, 0.0000, 96, 104, 120
L -2487.98, -2286.13, 0.0000, -2475.44, -2272.34, 0.0000, 96, 104, 120
L -2475.44, -2272.34, 0.0000, -2457.23, -2268.37, 0.0000, 96, 104, 120
L -2457.23, -2268.37, 0.0000, -2456.48, -2249.75, 0.0000, 96, 104, 120
L -2456.48, -2249.75, 0.0000, -2445.08, -2235.00, 0.0000, 96, 104, 120
L -2481.16, -2235.00, 0.0000, -2485.80, -2223.80, 0.0000, 96, 104, 120
L -2485.80, -2223.80, 0.0000, -2497.00, -2219.16, 0.0000, 96, 104, 120
L -2497.00, -2219.16, 0.0000, -2508.20, -2223.80, 0.0000, 96, 104, 120
L -2508.20, -2223.80, 0.0000, -2512.84, -2235.00, 0.0000, 96, 104, 120
L -2512.84, -2235.00, 0.0000, -2508.20, -2246.20, 0.0000, 96, 104, 120
L -2508.20, -2246.20, 0.0000, -2497.00, -2250.84, 0.0000, 96, 104, 120
L -2497.00, -2250.84, 0.0000, -2485.80, -2246.20, 0.0000, 96, 104, 120
L -2485.80, -2246.20, 0.0000, -2481.16, -2235.00, 0.0000, 96, 104, 120
L 2778.92, -2235.00, 0.0000, 2767.52, -2220.25, 0.0000, 96, 104, 120
L 2767.52, -2220.25, 0.0000, 2766.77, -2201.63, 0.0000, 96, 104, 120
L 2766.77, -2201.63, 0.0000, 2748.56, -2197.66, 0.0000, 96, 104, 120
L 2748.56, -2197.66, 0.0000, 2736.02, -2183.87, 0.0000, 96, 104, 120
L 2736.02, -2183.87, 0.0000, 2719.51, -2192.54, 0.0000, 96, 104, 120
L 2719.51, -2192.54, 0.0000, 2701.04, -2190.04, 0.0000, 96, 104, 120
L 2701.04, -2190.04, 0.0000, 2693.97, -2207.28, 0.0000, 96, 104, 120
L 2693.97, -2207.28, 0.0000, 2678.21, -2217.24, 0.0000, 96, 104, 120
L 2678.21, -2217.24, 0.0000, 2683.88, -2235.00, 0.0000, 96, 104, 120
L 2683.88, -2235.00, 0.0000, 2678.21, -2252.76, 0.0000, 96, 104, 120
L 2678.21, -2252.76, 0.0000, 2693.97, -2262.72, 0.0000, 96, 104, 120
L 2693.97, -2262.72, 0.0000, 2701.04, -2279.96, 0.0000, 96, 104, 120
L 2701.04, -2279.96, 0.0000, 2719.51, -2277.46, 0.0000, 96, 104, 120
L 2719.51, -2277.46, 0.0000, 2736.02, -2286.13, 0.0000, 96, 104, 120
L 2736.02, -2286.13, 0.0000, 2748.56, -2272.34, 0.0000, 96, 104, 120
L 2748.56, -2272.34, 0.0000, 2766.77, -2268.37, 0.0000, 96, 104, 120
L 2766.77, -2268.37, 0.0000, 2767.52, -2249.75, 0.0000, 96, 104, 120
L 2767.52, -2249.75, 0.0000, 2778.92, -2235.00, 0.0000, 96, 104, 120
L 2742.84, -2235.00, 0.0000, 2738.20, -2223.80, 0.0000, 96, 104, 120
L 2738.20, -2223.80, 0.0000, 2727.00, -2219.16, 0.0000, 96, 104, 120
L 2727.00, -2219.16, 0.0000, 2715.80, -2223.80, 0.0000, 96, 104, 120
L 2715.80, -2223.80, 0.0000, 2711.16, -2235.00, 0.0000, 96, 104, 120
L 2711.16, -2235.00, 0.0000, 2715.80, -2246.20, 0.0000, 96, 104, 120
L 2715.80, -2246.20, 0.0000, 2727.00, -2250.84, 0.0000, 96, 104, 120
L 2727.00, -2250.84, 0.0000, 2738.20, -2246.20, 0.0000, 96, 104, 120
L 2738.20, -2246.20, 0.0000, 2742.84, -2235.00, 0.0000, 96, 104, 120
L -2445.08, 2343.00, 0.0000, -2456.48, 2357.75, 0.0000, 96, 104, 120
L -2456.48, 2357.75, 0.0000, -2457.23, 2376.37, 0.0000, 96, 104, 120
L -2457.23, 2376.37, 0.0000, -2475.44, 2380.34, 0.0000, 96, 104, 120
L -2475.44, 2380.34, 0.0000, -2487.98, 2394.13, 0.0000, 96, 104, 120
L -2487.98, 2394.13, 0.0000, -2504.49, 2385.46, 0.0000, 96, 104, 120
L -2504.49, 2385.46, 0.0000, -2522.96, 2387.96, 0.0000, 96, 104, 120
L -2522.96, 2387.96, 0.0000, -2530.03, 2370.72, 0.0000, 96, 104, 120
L -2530.03, 2370.72, 0.0000, -2545.79, 2360.76, 0.0000, 96, 104, 120
L -2545.79, 2360.76, 0.0000, -2540.12, 2343.00, 0.0000, 96, 104, 120
L -2540.12, 2343.00, 0.0000, -2545.79, 2325.24, 0.0000, 96, 104, 120
L -2545.79, 2325.24, 0.0000, -2530.03, 2315.28, 0.0000, 96, 104, 120
L -2530.03, 2315.28, 0.0000, -2522.96, 2298.04, 0.0000, 96, 104, 120
L -2522.96, 2298.04, 0.0000, -2504.49, 2300.54, 0.0000, 96, 104, 120
L -2504.49, 2300.54, 0.0000, -2487.98, 2291.87, 0.0000, 96, 104, 120
L -2487.98, 2291.87, 0.0000, -2475.44, 2305.66, 0.0000, 96, 104, 120
L -2475.44, 2305.66, 0.0000, -2457.23, 2309.63, 0.0000, 96, 104, 120
L -2457.23, 2309.63, 0.0000, -2456.48, 2328.25, 0.0000, 96, 104, 120
L -2456.48, 2328.25, 0.0000, -2445.08, 2343.00, 0.0000, 96, 104, 120
L -2481.16, 2343.00, 0.0000, -2485.80, 2354.20, 0.0000, 96, 104, 120
L -2485.80, 2354.20, 0.0000, -2497.00, 2358.84, 0.0000, 96, 104, 120
L -2497.00, 2358.84, 0.0000, -2508.20, 2354.20, 0.0000, 96, 104, 120
L -2508.20, 2354.20, 0.0000, -2512.84, 2343.00, 0.0000, 96, 104, 120
L -2512.84, 2343.00, 0.0000, -2508.20, 2331.80, 0.0000, 96, 104, 120
L -2508.20, 2331.80, 0.0000, -2497.00, 2327.16, 0.0000, 96, 104, 120
L -2497.00, 2327.16, 0.0000, -2485.80, 2331.80, 0.0000, 96, 104, 120
L -2485.80, 2331.80, 0.0000, -2481.16, 2343.00, 0.0000, 96, 104, 120
L 2778.92, 2343.00, 0.0000, 2767.52, 2357.75, 0.0000, 96, 104, 120
L 2767.52, 2357.75, 0.0000, 2766.77, 2376.37, 0.0000, 96, 104, 120
L 2766.77, 2376.37, 0.0000, 2748.56, 2380.34, 0.0000, 96, 104, 120
L 2748.56, 2380.34, 0.0000, 2736.02, 2394.13, 0.0000, 96, 104, 120
L 2736.02, 2394.13, 0.0000, 2719.51, 2385.46, 0.0000, 96, 104, 120
L 2719.51, 2385.46, 0.0000, 2701.04, 2387.96, 0.0000, 96, 104, 120
L 2701.04, 2387.96, 0.0000, 2693.97, 2370.72, 0.0000, 96, 104, 120
L 2693.97, 2370.72, 0.0000, 2678.21, 2360.76, 0.0000, 96, 104, 120
L 2678.21, 2360.76, 0.0000, 2683.88, 2343.00, 0.0000, 96, 104, 120
L 2683.88, 2343.00, 0.0000, 2678.21, 2325.24, 0.0000, 96, 104, 120
L 2678.21, 2325.24, 0.0000, 2693.97, 2315.28, 0.0000, 96, 104, 120
L 2693.97, 2315.28, 0.0000, 2701.04, 2298.04, 0.0000, 96, 104, 120
L 2701.04, 2298.04, 0.0000, 2719.51, 2300.54, 0.0000, 96, 104, 120
L 2719.51, 2300.54, 0.0000, 2736.02, 2291.87, 0.0000, 96, 104, 120
L 2736.02, 2291.87, 0.0000, 2748.56, 2305.66, 0.0000, 96, 104, 120
L 2748.56, 2305.66, 0.0000, 2766.77, 2309.63, 0.0000, 96, 104, 120
L 2766.77, 2309.63, 0.0000, 2767.52, 2328.25, 0.0000, 96, 104, 120
L 2767.52, 2328.25, 0.0000, 2778.92, 2343.00, 0.0000, 96, 104, 120
L 2742.84, 2343.00, 0.0000, 2738.20, 2354.20, 0.0000, 96, 104, 120
L 2738.20, 2354.20, 0.0000, 2727.00, 2358.84, 0.0000, 96, 104, 120
L 2727.00, 2358.84, 0.0000, 2715.80, 2354.20, 0.0000, 96, 104, 120
L 2715.80, 2354.20, 0.0000, 2711.16, 2343.00, 0.0000, 96, 104, 120
L 2711.16, 2343.00, 0.0000, 2715.80, 2331.80, 0.0000, 96, 104, 120
L 2715.80, 2331.80, 0.0000, 2727.00, 2327.16, 0.0000, 96, 104, 120
L 2727.00, 2327.16, 0.0000, 2738.20, 2331.80, 0.0000, 96, 104, 120
L 2738.20, 2331.80, 0.0000, 2742.84, 2343.00, 0.0000, 96, 104, 120
L -1683.50, -2237.50, 0.0000, -1716.50, -2275.00, 0.0000, 70, 62, 52
L -1675.50, -2227.50, 0.0000, -1708.50, -2265.00, 0.0000, 150, 120, 80
L -1716.50, -2275.00, 0.0000, -1815.50, -2275.00, 0.0000, 70, 62, 52
L -1708.50, -2265.00, 0.0000, -1807.50, -2265.00, 0.0000, 150, 120, 80
L -1815.50, -2275.00, 0.0000, -1848.50, -2230.00, 0.0000, 70, 62, 52
L -1807.50, -2265.00, 0.0000, -1840.50, -2220.00, 0.0000, 150, 120, 80
L -1848.50, -2230.00, 0.0000, -1848.50, -2175.00, 0.0000, 70, 62, 52
L -1840.50, -2220.00, 0.0000, -1840.50, -2165.00, 0.0000, 150, 120, 80
L -1848.50, -2175.00, 0.0000, -1815.50, -2150.00, 0.0000, 70, 62, 52
L -1840.50, -2165.00, 0.0000, -1807.50, -2140.00, 0.0000, 150, 120, 80
L -1815.50, -2150.00, 0.0000, -1716.50, -2150.00, 0.0000, 70, 62, 52
L -1807.50, -2140.00, 0.0000, -1708.50, -2140.00, 0.0000, 150, 120, 80
L -1716.50, -2150.00, 0.0000, -1683.50, -2120.00, 0.0000, 70, 62, 52
L -1708.50, -2140.00, 0.0000, -1675.50, -2110.00, 0.0000, 150, 120, 80
L -1683.50, -2120.00, 0.0000, -1683.50, -2065.00, 0.0000, 70, 62, 52
L -1675.50, -2110.00, 0.0000, -1675.50, -2055.00, 0.0000, 150, 120, 80
L -1683.50, -2065.00, 0.0000, -1716.50, -2025.00, 0.0000, 70, 62, 52
L -1675.50, -2055.00, 0.0000, -1708.50, -2015.00, 0.0000, 150, 120, 80
L -1716.50, -2025.00, 0.0000, -1815.50, -2025.00, 0.0000, 70, 62, 52
L -1708.50, -2015.00, 0.0000, -1807.50, -2015.00, 0.0000, 150, 120, 80
L -1815.50, -2025.00, 0.0000, -1848.50, -2065.00, 0.0000, 70, 62, 52
L -1807.50, -2015.00, 0.0000, -1840.50, -2055.00, 0.0000, 150, 120, 80
L -1639.50, -2275.00, 0.0000, -1474.50, -2275.00, 0.0000, 70, 62, 52
L -1631.50, -2265.00, 0.0000, -1466.50, -2265.00, 0.0000, 150, 120, 80
L -1557.00, -2275.00, 0.0000, -1557.00, -2025.00, 0.0000, 70, 62, 52
L -1549.00, -2265.00, 0.0000, -1549.00, -2015.00, 0.0000, 150, 120, 80
L -1265.50, -2275.00, 0.0000, -1430.50, -2275.00, 0.0000, 70, 62, 52
L -1257.50, -2265.00, 0.0000, -1422.50, -2265.00, 0.0000, 150, 120, 80
L -1430.50, -2275.00, 0.0000, -1430.50, -2025.00, 0.0000, 70, 62, 52
L -1422.50, -2265.00, 0.0000, -1422.50, -2015.00, 0.0000, 150, 120, 80
L -1430.50, -2025.00, 0.0000, -1265.50, -2025.00, 0.0000, 70, 62, 52
L -1422.50, -2015.00, 0.0000, -1257.50, -2015.00, 0.0000, 150, 120, 80
L -1430.50, -2150.00, 0.0000, -1315.00, -2150.00, 0.0000, 70, 62, 52
L -1422.50, -2140.00, 0.0000, -1307.00, -2140.00, 0.0000, 150, 120, 80
L -1221.50, -2025.00, 0.0000, -1139.00, -2275.00, 0.0000, 70, 62, 52
L -1213.50, -2015.00, 0.0000, -1131.00, -2265.00, 0.0000, 150, 120, 80
L -1139.00, -2275.00, 0.0000, -1056.50, -2025.00, 0.0000, 70, 62, 52
L -1131.00, -2265.00, 0.0000, -1048.50, -2015.00, 0.0000, 150, 120, 80
L -1180.25, -2125.00, 0.0000, -1097.75, -2125.00, 0.0000, 70, 62, 52
L -1172.25, -2115.00, 0.0000, -1089.75, -2115.00, 0.0000, 150, 120, 80
L -1012.50, -2025.00, 0.0000, -1012.50, -2275.00, 0.0000, 70, 62, 52
L -1004.50, -2015.00, 0.0000, -1004.50, -2265.00, 0.0000, 150, 120, 80
L -1012.50, -2275.00, 0.0000, -930.00, -2137.50, 0.0000, 70, 62, 52
L -1004.50, -2265.00, 0.0000, -922.00, -2127.50, 0.0000, 150, 120, 80
L -930.00, -2137.50, 0.0000, -847.50, -2275.00, 0.0000, 70, 62, 52
L -922.00, -2127.50, 0.0000, -839.50, -2265.00, 0.0000, 150, 120, 80
L -847.50, -2275.00, 0.0000, -847.50, -2025.00, 0.0000, 70, 62, 52
L -839.50, -2265.00, 0.0000, -839.50, -2015.00, 0.0000, 150, 120, 80
L -803.50, -2025.00, 0.0000, -803.50, -2275.00, 0.0000, 70, 62, 52
L -795.50, -2015.00, 0.0000, -795.50, -2265.00, 0.0000, 150, 120, 80
L -803.50, -2275.00, 0.0000, -638.50, -2275.00, 0.0000, 70, 62, 52
L -795.50, -2265.00, 0.0000, -630.50, -2265.00, 0.0000, 150, 120, 80
L -803.50, -2162.50, 0.0000, -688.00, -2162.50, 0.0000, 70, 62, 52
L -795.50, -2152.50, 0.0000, -680.00, -2152.50, 0.0000, 150, 120, 80
L -553.25, -2025.00, 0.0000, -470.75, -2025.00, 0.0000, 70, 62, 52
L -545.25, -2015.00, 0.0000, -462.75, -2015.00, 0.0000, 150, 120, 80
L -470.75, -2025.00, 0.0000, -429.50, -2100.00, 0.0000, 70, 62, 52
L -462.75, -2015.00, 0.0000, -421.50, -2090.00, 0.0000, 150, 120, 80
L -429.50, -2100.00, 0.0000, -429.50, -2200.00, 0.0000, 70, 62, 52
L -421.50, -2090.00, 0.0000, -421.50, -2190.00, 0.0000, 150, 120, 80
L -429.50, -2200.00, 0.0000, -470.75, -2275.00, 0.0000, 70, 62, 52
L -421.50, -2190.00, 0.0000, -462.75, -2265.00, 0.0000, 150, 120, 80
L -470.75, -2275.00, 0.0000, -553.25, -2275.00, 0.0000, 70, 62, 52
L -462.75, -2265.00, 0.0000, -545.25, -2265.00, 0.0000, 150, 120, 80
L -553.25, -2275.00, 0.0000, -594.50, -2200.00, 0.0000, 70, 62, 52
L -545.25, -2265.00, 0.0000, -586.50, -2190.00, 0.0000, 150, 120, 80
L -594.50, -2200.00, 0.0000, -594.50, -2100.00, 0.0000, 70, 62, 52
L -586.50, -2190.00, 0.0000, -586.50, -2090.00, 0.0000, 150, 120, 80
L -594.50, -2100.00, 0.0000, -553.25, -2025.00, 0.0000, 70, 62, 52
L -586.50, -2090.00, 0.0000, -545.25, -2015.00, 0.0000, 150, 120, 80
L -385.50, -2025.00, 0.0000, -385.50, -2275.00, 0.0000, 70, 62, 52
L -377.50, -2015.00, 0.0000, -377.50, -2265.00, 0.0000, 150, 120, 80
L -385.50, -2275.00, 0.0000, -220.50, -2025.00, 0.0000, 70, 62, 52
L -377.50, -2265.00, 0.0000, -212.50, -2015.00, 0.0000, 150, 120, 80
L -220.50, -2025.00, 0.0000, -220.50, -2275.00, 0.0000, 70, 62, 52
L -212.50, -2015.00, 0.0000, -212.50, -2265.00, 0.0000, 150, 120, 80
L -176.50, -2275.00, 0.0000, -11.50, -2275.00, 0.0000, 70, 62, 52
L -168.50, -2265.00, 0.0000, -3.50, -2265.00, 0.0000, 150, 120, 80
L -94.00, -2275.00, 0.0000, -94.00, -2025.00, 0.0000, 70, 62, 52
L -86.00, -2265.00, 0.0000, -86.00, -2015.00, 0.0000, 150, 120, 80
L 241.50, -2025.00, 0.0000, 241.50, -2275.00, 0.0000, 70, 62, 52
L 249.50, -2015.00, 0.0000, 249.50, -2265.00, 0.0000, 150, 120, 80
L 241.50, -2275.00, 0.0000, 324.00, -2137.50, 0.0000, 70, 62, 52
L 249.50, -2265.00, 0.0000, 332.00, -2127.50, 0.0000, 150, 120, 80
L 324.00, -2137.50, 0.0000, 406.50, -2275.00, 0.0000, 70, 62, 52
L 332.00, -2127.50, 0.0000, 414.50, -2265.00, 0.0000, 150, 120, 80
L 406.50, -2275.00, 0.0000, 406.50, -2025.00, 0.0000, 70, 62, 52
L 414.50, -2265.00, 0.0000, 414.50, -2015.00, 0.0000, 150, 120, 80
L 491.75, -2025.00, 0.0000, 574.25, -2025.00, 0.0000, 70, 62, 52
L 499.75, -2015.00, 0.0000, 582.25, -2015.00, 0.0000, 150, 120, 80
L 574.25, -2025.00, 0.0000, 615.50, -2100.00, 0.0000, 70, 62, 52
L 582.25, -2015.00, 0.0000, 623.50, -2090.00, 0.0000, 150, 120, 80
L 615.50, -2100.00, 0.0000, 615.50, -2200.00, 0.0000, 70, 62, 52
L 623.50, -2090.00, 0.0000, 623.50, -2190.00, 0.0000, 150, 120, 80
L 615.50, -2200.00, 0.0000, 574.25, -2275.00, 0.0000, 70, 62, 52
L 623.50, -2190.00, 0.0000, 582.25, -2265.00, 0.0000, 150, 120, 80
L 574.25, -2275.00, 0.0000, 491.75, -2275.00, 0.0000, 70, 62, 52
L 582.25, -2265.00, 0.0000, 499.75, -2265.00, 0.0000, 150, 120, 80
L 491.75, -2275.00, 0.0000, 450.50, -2200.00, 0.0000, 70, 62, 52
L 499.75, -2265.00, 0.0000, 458.50, -2190.00, 0.0000, 150, 120, 80
L 450.50, -2200.00, 0.0000, 450.50, -2100.00, 0.0000, 70, 62, 52
L 458.50, -2190.00, 0.0000, 458.50, -2090.00, 0.0000, 150, 120, 80
L 450.50, -2100.00, 0.0000, 491.75, -2025.00, 0.0000, 70, 62, 52
L 458.50, -2090.00, 0.0000, 499.75, -2015.00, 0.0000, 150, 120, 80
L 659.50, -2275.00, 0.0000, 659.50, -2075.00, 0.0000, 70, 62, 52
L 667.50, -2265.00, 0.0000, 667.50, -2065.00, 0.0000, 150, 120, 80
L 659.50, -2075.00, 0.0000, 692.50, -2025.00, 0.0000, 70, 62, 52
L 667.50, -2065.00, 0.0000, 700.50, -2015.00, 0.0000, 150, 120, 80
L 692.50, -2025.00, 0.0000, 791.50, -2025.00, 0.0000, 70, 62, 52
L 700.50, -2015.00, 0.0000, 799.50, -2015.00, 0.0000, 150, 120, 80
L 791.50, -2025.00, 0.0000, 824.50, -2075.00, 0.0000, 70, 62, 52
L 799.50, -2015.00, 0.0000, 832.50, -2065.00, 0.0000, 150, 120, 80
L 824.50, -2075.00, 0.0000, 824.50, -2275.00, 0.0000, 70, 62, 52
L 832.50, -2065.00, 0.0000, 832.50, -2265.00, 0.0000, 150, 120, 80
L 868.50, -2025.00, 0.0000, 868.50, -2275.00, 0.0000, 70, 62, 52
L 876.50, -2015.00, 0.0000, 876.50, -2265.00, 0.0000, 150, 120, 80
L 868.50, -2275.00, 0.0000, 1033.50, -2025.00, 0.0000, 70, 62, 52
L 876.50, -2265.00, 0.0000, 1041.50, -2015.00, 0.0000, 150, 120, 80
L 1033.50, -2025.00, 0.0000, 1033.50, -2275.00, 0.0000, 70, 62, 52
L 1041.50, -2015.00, 0.0000, 1041.50, -2265.00, 0.0000, 150, 120, 80
L 1077.50, -2275.00, 0.0000, 1242.50, -2275.00, 0.0000, 70, 62, 52
L 1085.50, -2265.00, 0.0000, 1250.50, -2265.00, 0.0000, 150, 120, 80
L 1160.00, -2275.00, 0.0000, 1160.00, -2025.00, 0.0000, 70, 62, 52
L 1168.00, -2265.00, 0.0000, 1168.00, -2015.00, 0.0000, 150, 120, 80
L 1286.50, -2025.00, 0.0000, 1369.00, -2275.00, 0.0000, 70, 62, 52
L 1294.50, -2015.00, 0.0000, 1377.00, -2265.00, 0.0000, 150, 120, 80
L 1369.00, -2275.00, 0.0000, 1451.50, -2025.00, 0.0000, 70, 62, 52
L 1377.00, -2265.00, 0.0000, 1459.50, -2015.00, 0.0000, 150, 120, 80
L 1327.75, -2125.00, 0.0000, 1410.25, -2125.00, 0.0000, 70, 62, 52
L 1335.75, -2115.00, 0.0000, 1418.25, -2115.00, 0.0000, 150, 120, 80
L 1578.00, -2025.00, 0.0000, 1578.00, -2275.00, 0.0000, 70, 62, 52
L 1586.00, -2015.00, 0.0000, 1586.00, -2265.00, 0.0000, 150, 120, 80
L 1528.50, -2275.00, 0.0000, 1627.50, -2275.00, 0.0000, 70, 62, 52
L 1536.50, -2265.00, 0.0000, 1635.50, -2265.00, 0.0000, 150, 120, 80
L 1528.50, -2025.00, 0.0000, 1627.50, -2025.00, 0.0000, 70, 62, 52
L 1536.50, -2015.00, 0.0000, 1635.50, -2015.00, 0.0000, 150, 120, 80
L 1704.50, -2025.00, 0.0000, 1704.50, -2275.00, 0.0000, 70, 62, 52
L 1712.50, -2015.00, 0.0000, 1712.50, -2265.00, 0.0000, 150, 120, 80
L 1704.50, -2275.00, 0.0000, 1869.50, -2025.00, 0.0000, 70, 62, 52
L 1712.50, -2265.00, 0.0000, 1877.50, -2015.00, 0.0000, 150, 120, 80
L 1869.50, -2025.00, 0.0000, 1869.50, -2275.00, 0.0000, 70, 62, 52
L 1877.50, -2015.00, 0.0000, 1877.50, -2265.00, 0.0000, 150, 120, 80
L 2078.50, -2237.50, 0.0000, 2045.50, -2275.00, 0.0000, 70, 62, 52
L 2086.50, -2227.50, 0.0000, 2053.50, -2265.00, 0.0000, 150, 120, 80
L 2045.50, -2275.00, 0.0000, 1946.50, -2275.00, 0.0000, 70, 62, 52
L 2053.50, -2265.00, 0.0000, 1954.50, -2265.00, 0.0000, 150, 120, 80
L 1946.50, -2275.00, 0.0000, 1913.50, -2230.00, 0.0000, 70, 62, 52
L 1954.50, -2265.00, 0.0000, 1921.50, -2220.00, 0.0000, 150, 120, 80
L 1913.50, -2230.00, 0.0000, 1913.50, -2175.00, 0.0000, 70, 62, 52
L 1921.50, -2220.00, 0.0000, 1921.50, -2165.00, 0.0000, 150, 120, 80
L 1913.50, -2175.00, 0.0000, 1946.50, -2150.00, 0.0000, 70, 62, 52
L 1921.50, -2165.00, 0.0000, 1954.50, -2140.00, 0.0000, 150, 120, 80
L 1946.50, -2150.00, 0.0000, 2045.50, -2150.00, 0.0000, 70, 62, 52
L 1954.50, -2140.00, 0.0000, 2053.50, -2140.00, 0.0000, 150, 120, 80
L 2045.50, -2150.00, 0.0000, 2078.50, -2120.00, 0.0000, 70, 62, 52
L 2053.50, -2140.00, 0.0000, 2086.50, -2110.00, 0.0000, 150, 120, 80
L 2078.50, -2120.00, 0.0000, 2078.50, -2065.00, 0.0000, 70, 62, 52
L 2086.50, -2110.00, 0.0000, 2086.50, -2055.00, 0.0000, 150, 120, 80
L 2078.50, -2065.00, 0.0000, 2045.50, -2025.00, 0.0000, 70, 62, 52
L 2086.50, -2055.00, 0.0000, 2053.50, -2015.00, 0.0000, 150, 120, 80
L 2045.50, -2025.00, 0.0000, 1946.50, -2025.00, 0.0000, 70, 62, 52
L 2053.50, -2015.00, 0.0000, 1954.50, -2015.00, 0.0000, 150, 120, 80
L 1946.50, -2025.00, 0.0000, 1913.50, -2065.00, 0.0000, 70, 62, 52
L 1954.50, -2015.00, 0.0000, 1921.50, -2055.00, 0.0000, 150, 120, 80
L -1878.50, -1979.00, 0.0000, 2108.50, -1979.00, 0.0000, 150, 120, 80
L -1878.50, -2317.00, 0.0000, 2108.50, -2317.00, 0.0000, 150, 120, 80
L -2432.00, 2293.00, 0.0000, -2359.80, 2108.20, 0.0000, 96, 86, 72
L -2359.80, 2108.20, 0.0000, -2314.20, 2108.20, 0.0000, 96, 86, 72
L -2314.20, 2108.20, 0.0000, -2242.00, 2293.00, 0.0000, 96, 86, 72
L -2432.00, 2293.00, 0.0000, -2242.00, 2293.00, 0.0000, 96, 86, 72
L -2394.00, 2204.80, 0.0000, -2359.80, 2204.80, 0.0000, 96, 86, 72
L -2314.20, 2204.80, 0.0000, -2280.00, 2204.80, 0.0000, 96, 86, 72
L -2367.40, 2154.40, 0.0000, -2306.60, 2154.40, 0.0000, 96, 86, 72
L -2348.40, 2108.20, 0.0000, -2358.40, 2062.00, 0.0000, 150, 165, 180
L -2358.40, 2062.00, 0.0000, -2340.40, 2015.80, 0.0000, 150, 165, 180
L -2340.40, 2015.80, 0.0000, -2354.40, 1973.80, 0.0000, 150, 165, 180
L -2325.60, 2108.20, 0.0000, -2335.60, 2062.00, 0.0000, 150, 165, 180
L -2335.60, 2062.00, 0.0000, -2317.60, 2015.80, 0.0000, 150, 165, 180
L -2317.60, 2015.80, 0.0000, -2331.60, 1973.80, 0.0000, 150, 165, 180
L -2303.56, 1952.80, 0.0000, -2311.38, 1966.48, 0.0000, 150, 165, 180
L -2311.38, 1966.48, 0.0000, -2331.19, 1973.76, 0.0000, 150, 165, 180
L -2331.19, 1973.76, 0.0000, -2353.72, 1971.23, 0.0000, 150, 165, 180
L -2353.72, 1971.23, 0.0000, -2368.42, 1960.08, 0.0000, 150, 165, 180
L -2368.42, 1960.08, 0.0000, -2368.42, 1945.52, 0.0000, 150, 165, 180
L -2368.42, 1945.52, 0.0000, -2353.72, 1934.37, 0.0000, 150, 165, 180
L -2353.72, 1934.37, 0.0000, -2331.19, 1931.84, 0.0000, 150, 165, 180
L -2331.19, 1931.84, 0.0000, -2311.38, 1939.12, 0.0000, 150, 165, 180
L -2311.38, 1939.12, 0.0000, -2303.56, 1952.80, 0.0000, 150, 165, 180
L 2472.00, 2293.00, 0.0000, 2544.20, 2108.20, 0.0000, 96, 86, 72
L 2544.20, 2108.20, 0.0000, 2589.80, 2108.20, 0.0000, 96, 86, 72
L 2589.80, 2108.20, 0.0000, 2662.00, 2293.00, 0.0000, 96, 86, 72
L 2472.00, 2293.00, 0.0000, 2662.00, 2293.00, 0.0000, 96, 86, 72
L 2510.00, 2204.80, 0.0000, 2544.20, 2204.80, 0.0000, 96, 86, 72
L 2589.80, 2204.80, 0.0000, 2624.00, 2204.80, 0.0000, 96, 86, 72
L 2536.60, 2154.40, 0.0000, 2597.40, 2154.40, 0.0000, 96, 86, 72
L 2555.60, 2108.20, 0.0000, 2545.60, 2062.00, 0.0000, 150, 165, 180
L 2545.60, 2062.00, 0.0000, 2563.60, 2015.80, 0.0000, 150, 165, 180
L 2563.60, 2015.80, 0.0000, 2549.60, 1973.80, 0.0000, 150, 165, 180
L 2578.40, 2108.20, 0.0000, 2568.40, 2062.00, 0.0000, 150, 165, 180
L 2568.40, 2062.00, 0.0000, 2586.40, 2015.80, 0.0000, 150, 165, 180
L 2586.40, 2015.80, 0.0000, 2572.40, 1973.80, 0.0000, 150, 165, 180
L 2600.44, 1952.80, 0.0000, 2592.62, 1966.48, 0.0000, 150, 165, 180
L 2592.62, 1966.48, 0.0000, 2572.81, 1973.76, 0.0000, 150, 165, 180
L 2572.81, 1973.76, 0.0000, 2550.28, 1971.23, 0.0000, 150, 165, 180
L 2550.28, 1971.23, 0.0000, 2535.58, 1960.08, 0.0000, 150, 165, 180
L 2535.58, 1960.08, 0.0000, 2535.58, 1945.52, 0.0000, 150, 165, 180
L 2535.58, 1945.52, 0.0000, 2550.28, 1934.37, 0.0000, 150, 165, 180
L 2550.28, 1934.37, 0.0000, 2572.81, 1931.84, 0.0000, 150, 165, 180
L 2572.81, 1931.84, 0.0000, 2592.62, 1939.12, 0.0000, 150, 165, 180
L 2592.62, 1939.12, 0.0000, 2600.44, 1952.80, 0.0000, 150, 165, 180
L -2198.51, 2293.00, 0.0000, -2043.12, 2189.00, 0.0000, 96, 86, 72
L -2043.12, 2189.00, 0.0000, -1887.74, 2293.00, 0.0000, 96, 86, 72
L -2105.28, 2241.00, 0.0000, -1980.97, 2241.00, 0.0000, 96, 86, 72
L -1910.76, 2293.00, 0.0000, -1755.38, 2165.00, 0.0000, 96, 86, 72
L -1755.38, 2165.00, 0.0000, -1599.99, 2293.00, 0.0000, 96, 86, 72
L -1817.53, 2229.00, 0.0000, -1693.22, 2229.00, 0.0000, 96, 86, 72
L -1623.01, 2293.00, 0.0000, -1467.62, 2189.00, 0.0000, 96, 86, 72
L -1467.62, 2189.00, 0.0000, -1312.24, 2293.00, 0.0000, 96, 86, 72
L -1529.78, 2241.00, 0.0000, -1405.47, 2241.00, 0.0000, 96, 86, 72
L -1335.26, 2293.00, 0.0000, -1179.88, 2165.00, 0.0000, 96, 86, 72
L -1179.88, 2165.00, 0.0000, -1024.49, 2293.00, 0.0000, 96, 86, 72
L -1242.03, 2229.00, 0.0000, -1117.72, 2229.00, 0.0000, 96, 86, 72
L -1047.51, 2293.00, 0.0000, -892.12, 2189.00, 0.0000, 96, 86, 72
L -892.12, 2189.00, 0.0000, -736.74, 2293.00, 0.0000, 96, 86, 72
L -954.28, 2241.00, 0.0000, -829.97, 2241.00, 0.0000, 96, 86, 72
L -759.76, 2293.00, 0.0000, -604.38, 2165.00, 0.0000, 96, 86, 72
L -604.38, 2165.00, 0.0000, -448.99, 2293.00, 0.0000, 96, 86, 72
L -666.53, 2229.00, 0.0000, -542.22, 2229.00, 0.0000, 96, 86, 72
L -472.01, 2293.00, 0.0000, -316.62, 2189.00, 0.0000, 96, 86, 72
L -316.62, 2189.00, 0.0000, -161.24, 2293.00, 0.0000, 96, 86, 72
L -378.78, 2241.00, 0.0000, -254.47, 2241.00, 0.0000, 96, 86, 72
L -184.26, 2293.00, 0.0000, -28.88, 2165.00, 0.0000, 96, 86, 72
L -28.88, 2165.00, 0.0000, 126.51, 2293.00, 0.0000, 96, 86, 72
L -91.03, 2229.00, 0.0000, 33.28, 2229.00, 0.0000, 96, 86, 72
L 103.49, 2293.00, 0.0000, 258.88, 2189.00, 0.0000, 96, 86, 72
L 258.88, 2189.00, 0.0000, 414.26, 2293.00, 0.0000, 96, 86, 72
L 196.72, 2241.00, 0.0000, 321.03, 2241.00, 0.0000, 96, 86, 72
L 391.24, 2293.00, 0.0000, 546.62, 2165.00, 0.0000, 96, 86, 72
L 546.62, 2165.00, 0.0000, 702.01, 2293.00, 0.0000, 96, 86, 72
L 484.47, 2229.00, 0.0000, 608.78, 2229.00, 0.0000, 96, 86, 72
L 678.99, 2293.00, 0.0000, 834.38, 2189.00, 0.0000, 96, 86, 72
L 834.38, 2189.00, 0.0000, 989.76, 2293.00, 0.0000, 96, 86, 72
L 772.22, 2241.00, 0.0000, 896.53, 2241.00, 0.0000, 96, 86, 72
L 966.74, 2293.00, 0.0000, 1122.12, 2165.00, 0.0000, 96, 86, 72
L 1122.12, 2165.00, 0.0000, 1277.51, 2293.00, 0.0000, 96, 86, 72
L 1059.97, 2229.00, 0.0000, 1184.28, 2229.00, 0.0000, 96, 86, 72
L 1254.49, 2293.00, 0.0000, 1409.88, 2189.00, 0.0000, 96, 86, 72
L 1409.88, 2189.00, 0.0000, 1565.26, 2293.00, 0.0000, 96, 86, 72
L 1347.72, 2241.00, 0.0000, 1472.03, 2241.00, 0.0000, 96, 86, 72
L 1542.24, 2293.00, 0.0000, 1697.62, 2165.00, 0.0000, 96, 86, 72
L 1697.62, 2165.00, 0.0000, 1853.01, 2293.00, 0.0000, 96, 86, 72
L 1635.47, 2229.00, 0.0000, 1759.78, 2229.00, 0.0000, 96, 86, 72
L 1829.99, 2293.00, 0.0000, 1985.38, 2189.00, 0.0000, 96, 86, 72
L 1985.38, 2189.00, 0.0000, 2140.76, 2293.00, 0.0000, 96, 86, 72
L 1923.22, 2241.00, 0.0000, 2047.53, 2241.00, 0.0000, 96, 86, 72
L 2117.74, 2293.00, 0.0000, 2273.12, 2165.00, 0.0000, 96, 86, 72
L 2273.12, 2165.00, 0.0000, 2428.51, 2293.00, 0.0000, 96, 86, 72
L 2210.97, 2229.00, 0.0000, 2335.28, 2229.00, 0.0000, 96, 86, 72
L -2387.8696, -1019.1304, 0.0000, -2374.8261, -923.4783, 0.0000, 70, 62, 52
L -2374.8261, -923.4783, 0.0000, -2327.0000, -888.6957, 0.0000, 70, 62, 52
L -2327.0000, -888.6957, 0.0000, -2279.1739, -923.4783, 0.0000, 70, 62, 52
L -2279.1739, -923.4783, 0.0000, -2266.1304, -1019.1304, 0.0000, 70, 62, 52
L -2266.1304, -1019.1304, 0.0000, -2387.8696, -1019.1304, 0.0000, 70, 62, 52
L -2387.8696, -1019.1304, 0.0000, -2266.1304, -1019.1304, 0.0000, 70, 62, 52
L -2379.1739, -1012.1739, 0.0000, -2418.3043, -1053.9130, 0.0000, 150, 116, 60
L -2418.3043, -1053.9130, 0.0000, -2427.0000, -1120.0000, 0.0000, 150, 116, 60
L -2427.0000, -1120.0000, 0.0000, -2412.2174, -1088.6957, 0.0000, 150, 116, 60
L -2274.8261, -1012.1739, 0.0000, -2235.6957, -1053.9130, 0.0000, 150, 116, 60
L -2235.6957, -1053.9130, 0.0000, -2227.0000, -1120.0000, 0.0000, 150, 116, 60
L -2227.0000, -1120.0000, 0.0000, -2241.7826, -1088.6957, 0.0000, 150, 116, 60
L -2384.3913, -993.0435, 0.0000, -2413.9565, -980.8696, 0.0000, 70, 62, 52
L -2413.9565, -980.8696, 0.0000, -2387.8696, -953.0435, 0.0000, 70, 62, 52
L -2269.6087, -993.0435, 0.0000, -2240.0435, -980.8696, 0.0000, 70, 62, 52
L -2240.0435, -980.8696, 0.0000, -2266.1304, -953.0435, 0.0000, 70, 62, 52
L -2340.9130, -984.3478, 0.0000, -2363.5217, -998.2609, 0.0000, 150, 60, 40
L -2340.9130, -973.9130, 0.0000, -2363.5217, -987.8261, 0.0000, 150, 60, 40
L -2313.0870, -984.3478, 0.0000, -2290.4783, -998.2609, 0.0000, 150, 60, 40
L -2313.0870, -973.9130, 0.0000, -2290.4783, -987.8261, 0.0000, 150, 60, 40
L -2339.1739, -914.7826, 0.0000, -2314.8261, -914.7826, 0.0000, 70, 62, 52
L -2309.6087, -897.3913, 0.0000, -2314.7005, -885.0918, 0.0000, 150, 116, 60
L -2314.7005, -885.0918, 0.0000, -2327.0000, -880.0000, 0.0000, 150, 116, 60
L -2327.0000, -880.0000, 0.0000, -2339.2995, -885.0918, 0.0000, 150, 116, 60
L -2339.2995, -885.0918, 0.0000, -2344.3913, -897.3913, 0.0000, 150, 116, 60
L -2344.3913, -897.3913, 0.0000, -2339.2995, -909.6908, 0.0000, 150, 116, 60
L -2339.2995, -909.6908, 0.0000, -2327.0000, -914.7826, 0.0000, 150, 116, 60
L -2327.0000, -914.7826, 0.0000, -2314.7005, -909.6908, 0.0000, 150, 116, 60
L -2314.7005, -909.6908, 0.0000, -2309.6087, -897.3913, 0.0000, 150, 116, 60
L -2285.9474, -135.6491, 0.0000, -2291.4474, -115.1228, 0.0000, 96, 104, 120
L -2291.4474, -115.1228, 0.0000, -2306.4737, -100.0965, 0.0000, 96, 104, 120
L -2306.4737, -100.0965, 0.0000, -2327.0000, -94.5965, 0.0000, 96, 104, 120
L -2327.0000, -94.5965, 0.0000, -2347.5263, -100.0965, 0.0000, 96, 104, 120
L -2347.5263, -100.0965, 0.0000, -2362.5526, -115.1228, 0.0000, 96, 104, 120
L -2362.5526, -115.1228, 0.0000, -2368.0526, -135.6491, 0.0000, 96, 104, 120
L -2368.0526, -135.6491, 0.0000, -2362.5526, -156.1754, 0.0000, 96, 104, 120
L -2362.5526, -156.1754, 0.0000, -2347.5263, -171.2018, 0.0000, 96, 104, 120
L -2347.5263, -171.2018, 0.0000, -2327.0000, -176.7018, 0.0000, 96, 104, 120
L -2327.0000, -176.7018, 0.0000, -2306.4737, -171.2018, 0.0000, 96, 104, 120
L -2306.4737, -171.2018, 0.0000, -2291.4474, -156.1754, 0.0000, 96, 104, 120
L -2291.4474, -156.1754, 0.0000, -2285.9474, -135.6491, 0.0000, 96, 104, 120
L -2329.6316, -135.6491, 0.0000, -2324.3684, -135.6491, 0.0000, 150, 116, 60
L -2327.0000, -138.2807, 0.0000, -2327.0000, -133.0175, 0.0000, 150, 116, 60
L -2368.0526, -160.2807, 0.0000, -2412.2632, -182.3860, 0.0000, 70, 78, 94
L -2412.2632, -182.3860, 0.0000, -2447.0000, -150.8070, 0.0000, 70, 78, 94
L -2285.9474, -160.2807, 0.0000, -2241.7368, -182.3860, 0.0000, 70, 78, 94
L -2241.7368, -182.3860, 0.0000, -2207.0000, -150.8070, 0.0000, 70, 78, 94
L -2368.0526, -143.0351, 0.0000, -2412.2632, -165.1404, 0.0000, 70, 78, 94
L -2412.2632, -165.1404, 0.0000, -2447.0000, -133.5614, 0.0000, 70, 78, 94
L -2285.9474, -143.0351, 0.0000, -2241.7368, -165.1404, 0.0000, 70, 78, 94
L -2241.7368, -165.1404, 0.0000, -2207.0000, -133.5614, 0.0000, 70, 78, 94
L -2368.0526, -125.7982, 0.0000, -2412.2632, -147.9035, 0.0000, 70, 78, 94
L -2412.2632, -147.9035, 0.0000, -2447.0000, -116.3246, 0.0000, 70, 78, 94
L -2285.9474, -125.7982, 0.0000, -2241.7368, -147.9035, 0.0000, 70, 78, 94
L -2241.7368, -147.9035, 0.0000, -2207.0000, -116.3246, 0.0000, 70, 78, 94
L -2368.0526, -108.5526, 0.0000, -2412.2632, -130.6579, 0.0000, 70, 78, 94
L -2412.2632, -130.6579, 0.0000, -2447.0000, -99.0789, 0.0000, 70, 78, 94
L -2285.9474, -108.5526, 0.0000, -2241.7368, -130.6579, 0.0000, 70, 78, 94
L -2241.7368, -130.6579, 0.0000, -2207.0000, -99.0789, 0.0000, 70, 78, 94
L -2306.5088, -184.9123, 0.0000, -2311.2719, -178.3947, 0.0000, 150, 116, 60
L -2311.2719, -178.3947, 0.0000, -2312.5088, -170.4211, 0.0000, 150, 116, 60
L -2312.5088, -170.4211, 0.0000, -2320.4825, -169.1842, 0.0000, 150, 116, 60
L -2320.4825, -169.1842, 0.0000, -2327.0000, -164.4211, 0.0000, 150, 116, 60
L -2327.0000, -164.4211, 0.0000, -2333.5175, -169.1842, 0.0000, 150, 116, 60
L -2333.5175, -169.1842, 0.0000, -2341.4912, -170.4211, 0.0000, 150, 116, 60
L -2341.4912, -170.4211, 0.0000, -2342.7281, -178.3947, 0.0000, 150, 116, 60
L -2342.7281, -178.3947, 0.0000, -2347.4912, -184.9123, 0.0000, 150, 116, 60
L -2347.4912, -184.9123, 0.0000, -2342.7281, -191.4298, 0.0000, 150, 116, 60
L -2342.7281, -191.4298, 0.0000, -2341.4912, -199.4035, 0.0000, 150, 116, 60
L -2341.4912, -199.4035, 0.0000, -2333.5175, -200.6404, 0.0000, 150, 116, 60
L -2333.5175, -200.6404, 0.0000, -2327.0000, -205.4035, 0.0000, 150, 116, 60
L -2327.0000, -205.4035, 0.0000, -2320.4825, -200.6404, 0.0000, 150, 116, 60
L -2320.4825, -200.6404, 0.0000, -2312.5088, -199.4035, 0.0000, 150, 116, 60
L -2312.5088, -199.4035, 0.0000, -2311.2719, -191.4298, 0.0000, 150, 116, 60
L -2311.2719, -191.4298, 0.0000, -2306.5088, -184.9123, 0.0000, 150, 116, 60
L -2320.7456, -184.9123, 0.0000, -2322.5789, -180.4912, 0.0000, 150, 116, 60
L -2322.5789, -180.4912, 0.0000, -2327.0000, -178.6579, 0.0000, 150, 116, 60
L -2327.0000, -178.6579, 0.0000, -2331.4211, -180.4912, 0.0000, 150, 116, 60
L -2331.4211, -180.4912, 0.0000, -2333.2544, -184.9123, 0.0000, 150, 116, 60
L -2333.2544, -184.9123, 0.0000, -2331.4211, -189.3333, 0.0000, 150, 116, 60
L -2331.4211, -189.3333, 0.0000, -2327.0000, -191.1667, 0.0000, 150, 116, 60
L -2327.0000, -191.1667, 0.0000, -2322.5789, -189.3333, 0.0000, 150, 116, 60
L -2322.5789, -189.3333, 0.0000, -2320.7456, -184.9123, 0.0000, 150, 116, 60
L -2389.4000, 768.4000, 0.0000, -2406.8667, 850.0000, 0.0000, 120, 100, 70
L -2406.8667, 850.0000, 0.0000, -2384.4133, 912.4000, 0.0000, 120, 100, 70
L -2384.4133, 912.4000, 0.0000, -2327.0000, 922.0000, 0.0000, 120, 100, 70
L -2327.0000, 922.0000, 0.0000, -2269.5867, 912.4000, 0.0000, 120, 100, 70
L -2269.5867, 912.4000, 0.0000, -2247.1333, 850.0000, 0.0000, 120, 100, 70
L -2247.1333, 850.0000, 0.0000, -2264.6000, 768.4000, 0.0000, 120, 100, 70
L -2264.6000, 768.4000, 0.0000, -2389.4000, 768.4000, 0.0000, 120, 100, 70
L -2379.4133, 778.0000, 0.0000, -2391.8933, 730.0000, 0.0000, 120, 100, 70
L -2391.8933, 730.0000, 0.0000, -2349.4667, 763.6000, 0.0000, 120, 100, 70
L -2349.4667, 763.6000, 0.0000, -2379.4133, 778.0000, 0.0000, 120, 100, 70
L -2274.5867, 778.0000, 0.0000, -2262.1067, 730.0000, 0.0000, 120, 100, 70
L -2262.1067, 730.0000, 0.0000, -2304.5333, 763.6000, 0.0000, 120, 100, 70
L -2304.5333, 763.6000, 0.0000, -2274.5867, 778.0000, 0.0000, 120, 100, 70
L -2364.4400, 874.0000, 0.0000, -2369.4267, 946.0000, 0.0000, 120, 100, 70
L -2369.4267, 946.0000, 0.0000, -2327.0000, 970.0000, 0.0000, 120, 100, 70
L -2327.0000, 970.0000, 0.0000, -2284.5733, 946.0000, 0.0000, 120, 100, 70
L -2284.5733, 946.0000, 0.0000, -2289.5600, 874.0000, 0.0000, 120, 100, 70
L -2289.5600, 874.0000, 0.0000, -2364.4400, 874.0000, 0.0000, 120, 100, 70
L -2339.4800, 907.6000, 0.0000, -2314.5200, 907.6000, 0.0000, 60, 48, 34
L -2371.9333, 840.4000, 0.0000, -2341.9733, 821.2000, 0.0000, 150, 60, 40
L -2282.0667, 840.4000, 0.0000, -2312.0267, 821.2000, 0.0000, 150, 60, 40
L -2351.9600, 931.6000, 0.0000, -2302.0400, 931.6000, 0.0000, 60, 40, 35
L -2341.9733, 931.6000, 0.0000, -2336.9867, 960.4000, 0.0000, 235, 235, 230
L -2312.0267, 931.6000, 0.0000, -2317.0133, 960.4000, 0.0000, 235, 235, 230
L 2625.0339, -974.4552, 0.0000, 2606.4342, -954.2442, 0.0000, 96, 104, 120
L 2606.4342, -954.2442, 0.0000, 2612.4364, -927.4467, 0.0000, 96, 104, 120
L 2612.4364, -927.4467, 0.0000, 2586.2320, -919.2401, 0.0000, 96, 104, 120
L 2586.2320, -919.2401, 0.0000, 2578.0255, -893.0358, 0.0000, 96, 104, 120
L 2578.0255, -893.0358, 0.0000, 2551.2280, -899.0380, 0.0000, 96, 104, 120
L 2551.2280, -899.0380, 0.0000, 2531.0170, -880.4382, 0.0000, 96, 104, 120
L 2531.0170, -880.4382, 0.0000, 2510.8060, -899.0380, 0.0000, 96, 104, 120
L 2510.8060, -899.0380, 0.0000, 2484.0085, -893.0358, 0.0000, 96, 104, 120
L 2484.0085, -893.0358, 0.0000, 2475.8019, -919.2401, 0.0000, 96, 104, 120
L 2475.8019, -919.2401, 0.0000, 2449.5976, -927.4467, 0.0000, 96, 104, 120
L 2449.5976, -927.4467, 0.0000, 2455.5998, -954.2442, 0.0000, 96, 104, 120
L 2455.5998, -954.2442, 0.0000, 2437.0000, -974.4552, 0.0000, 96, 104, 120
L 2437.0000, -974.4552, 0.0000, 2455.5998, -994.6662, 0.0000, 96, 104, 120
L 2455.5998, -994.6662, 0.0000, 2449.5976, -1021.4637, 0.0000, 96, 104, 120
L 2449.5976, -1021.4637, 0.0000, 2475.8019, -1029.6702, 0.0000, 96, 104, 120
L 2475.8019, -1029.6702, 0.0000, 2484.0085, -1055.8746, 0.0000, 96, 104, 120
L 2484.0085, -1055.8746, 0.0000, 2510.8060, -1049.8724, 0.0000, 96, 104, 120
L 2510.8060, -1049.8724, 0.0000, 2531.0170, -1068.4722, 0.0000, 96, 104, 120
L 2531.0170, -1068.4722, 0.0000, 2551.2280, -1049.8724, 0.0000, 96, 104, 120
L 2551.2280, -1049.8724, 0.0000, 2578.0255, -1055.8746, 0.0000, 96, 104, 120
L 2578.0255, -1055.8746, 0.0000, 2586.2320, -1029.6702, 0.0000, 96, 104, 120
L 2586.2320, -1029.6702, 0.0000, 2612.4364, -1021.4637, 0.0000, 96, 104, 120
L 2612.4364, -1021.4637, 0.0000, 2606.4342, -994.6662, 0.0000, 96, 104, 120
L 2606.4342, -994.6662, 0.0000, 2625.0339, -974.4552, 0.0000, 96, 104, 120
L 2559.7001, -974.4552, 0.0000, 2551.2988, -954.1734, 0.0000, 96, 104, 120
L 2551.2988, -954.1734, 0.0000, 2531.0170, -945.7720, 0.0000, 96, 104, 120
L 2531.0170, -945.7720, 0.0000, 2510.7352, -954.1734, 0.0000, 96, 104, 120
L 2510.7352, -954.1734, 0.0000, 2502.3338, -974.4552, 0.0000, 96, 104, 120
L 2502.3338, -974.4552, 0.0000, 2510.7352, -994.7370, 0.0000, 96, 104, 120
L 2510.7352, -994.7370, 0.0000, 2531.0170, -1003.1383, 0.0000, 96, 104, 120
L 2531.0170, -1003.1383, 0.0000, 2551.2988, -994.7370, 0.0000, 96, 104, 120
L 2551.2988, -994.7370, 0.0000, 2559.7001, -974.4552, 0.0000, 96, 104, 120
L 2677.0000, -1062.9834, 0.0000, 2664.3847, -1046.6677, 0.0000, 150, 116, 60
L 2664.3847, -1046.6677, 0.0000, 2663.5614, -1026.0494, 0.0000, 150, 116, 60
L 2663.5614, -1026.0494, 0.0000, 2643.4035, -1021.6584, 0.0000, 150, 116, 60
L 2643.4035, -1021.6584, 0.0000, 2629.5223, -1006.4050, 0.0000, 150, 116, 60
L 2629.5223, -1006.4050, 0.0000, 2611.2589, -1015.9926, 0.0000, 150, 116, 60
L 2611.2589, -1015.9926, 0.0000, 2590.8178, -1013.2217, 0.0000, 150, 116, 60
L 2590.8178, -1013.2217, 0.0000, 2582.9919, -1032.3084, 0.0000, 150, 116, 60
L 2582.9919, -1032.3084, 0.0000, 2565.5518, -1043.3301, 0.0000, 150, 116, 60
L 2565.5518, -1043.3301, 0.0000, 2571.8285, -1062.9834, 0.0000, 150, 116, 60
L 2571.8285, -1062.9834, 0.0000, 2565.5518, -1082.6367, 0.0000, 150, 116, 60
L 2565.5518, -1082.6367, 0.0000, 2582.9919, -1093.6584, 0.0000, 150, 116, 60
L 2582.9919, -1093.6584, 0.0000, 2590.8178, -1112.7451, 0.0000, 150, 116, 60
L 2590.8178, -1112.7451, 0.0000, 2611.2589, -1109.9742, 0.0000, 150, 116, 60
L 2611.2589, -1109.9742, 0.0000, 2629.5223, -1119.5618, 0.0000, 150, 116, 60
L 2629.5223, -1119.5618, 0.0000, 2643.4035, -1104.3084, 0.0000, 150, 116, 60
L 2643.4035, -1104.3084, 0.0000, 2663.5614, -1099.9174, 0.0000, 150, 116, 60
L 2663.5614, -1099.9174, 0.0000, 2664.3847, -1079.2992, 0.0000, 150, 116, 60
L 2664.3847, -1079.2992, 0.0000, 2677.0000, -1062.9834, 0.0000, 150, 116, 60
L 2637.0738, -1062.9834, 0.0000, 2631.9391, -1050.5895, 0.0000, 150, 116, 60
L 2631.9391, -1050.5895, 0.0000, 2619.5452, -1045.4548, 0.0000, 150, 116, 60
L 2619.5452, -1045.4548, 0.0000, 2607.1512, -1050.5895, 0.0000, 150, 116, 60
L 2607.1512, -1050.5895, 0.0000, 2602.0166, -1062.9834, 0.0000, 150, 116, 60
L 2602.0166, -1062.9834, 0.0000, 2607.1512, -1075.3774, 0.0000, 150, 116, 60
L 2607.1512, -1075.3774, 0.0000, 2619.5452, -1080.5120, 0.0000, 150, 116, 60
L 2619.5452, -1080.5120, 0.0000, 2631.9391, -1075.3774, 0.0000, 150, 116, 60
L 2631.9391, -1075.3774, 0.0000, 2637.0738, -1062.9834, 0.0000, 150, 116, 60
L 2453.7769, -46.0328, 0.0000, 2463.9748, -75.6994, 0.0000, 92, 82, 68
L 2463.9748, -75.6994, 0.0000, 2459.3394, -97.0222, 0.0000, 92, 82, 68
L 2459.3394, -97.0222, 0.0000, 2466.7560, -118.3451, 0.0000, 92, 82, 68
L 2466.7560, -118.3451, 0.0000, 2469.5373, -131.3242, 0.0000, 92, 82, 68
L 2486.2247, -131.3242, 0.0000, 2489.0060, -118.3451, 0.0000, 92, 82, 68
L 2489.0060, -118.3451, 0.0000, 2496.4226, -97.0222, 0.0000, 92, 82, 68
L 2496.4226, -97.0222, 0.0000, 2491.7872, -75.6994, 0.0000, 92, 82, 68
L 2491.7872, -75.6994, 0.0000, 2501.9851, -46.0328, 0.0000, 92, 82, 68
L 2453.7769, -46.0328, 0.0000, 2501.9851, -46.0328, 0.0000, 92, 82, 68
L 2469.5373, -131.3242, 0.0000, 2486.2247, -131.3242, 0.0000, 92, 82, 68
L 2474.1727, -90.5327, 0.0000, 2481.5893, -90.5327, 0.0000, 70, 150, 80
L 2475.0998, -70.1369, 0.0000, 2480.6622, -70.1369, 0.0000, 70, 150, 80
L 2477.8810, -131.3242, 0.0000, 2477.8810, -138.7409, 0.0000, 92, 82, 68
L 2477.8810, -138.7409, 0.0000, 2516.8184, -125.1111, 0.0000, 140, 128, 102
L 2495.4061, -138.8547, 0.0000, 2491.5107, -127.7297, 0.0000, 140, 128, 102
L 2507.0840, -134.7642, 0.0000, 2503.1887, -123.6392, 0.0000, 140, 128, 102
L 2518.7620, -130.6736, 0.0000, 2514.8748, -119.5487, 0.0000, 140, 128, 102
L 2477.8810, -138.7409, 0.0000, 2464.2513, -99.8035, 0.0000, 140, 128, 102
L 2477.9948, -121.2158, 0.0000, 2466.8699, -125.1111, 0.0000, 140, 128, 102
L 2473.9043, -109.5378, 0.0000, 2462.7793, -113.4332, 0.0000, 140, 128, 102
L 2469.8138, -97.8599, 0.0000, 2458.6888, -101.7471, 0.0000, 140, 128, 102
L 2477.8810, -138.7409, 0.0000, 2438.9436, -152.3706, 0.0000, 140, 128, 102
L 2460.3559, -138.6270, 0.0000, 2464.2513, -149.7520, 0.0000, 140, 128, 102
L 2448.6780, -142.7175, 0.0000, 2452.5733, -153.8425, 0.0000, 140, 128, 102
L 2437.0000, -146.8081, 0.0000, 2440.8872, -157.9330, 0.0000, 140, 128, 102
L 2477.8810, -138.7409, 0.0000, 2491.5107, -177.6782, 0.0000, 140, 128, 102
L 2477.7671, -156.2659, 0.0000, 2488.8921, -152.3706, 0.0000, 140, 128, 102
L 2481.8577, -167.9439, 0.0000, 2492.9827, -164.0485, 0.0000, 140, 128, 102
L 2485.9482, -179.6218, 0.0000, 2497.0732, -175.7346, 0.0000, 140, 128, 102
L 2601.1827, -46.0328, 0.0000, 2613.0802, -80.6438, 0.0000, 92, 82, 68
L 2613.0802, -80.6438, 0.0000, 2607.6723, -105.5205, 0.0000, 92, 82, 68
L 2607.6723, -105.5205, 0.0000, 2616.3250, -130.3971, 0.0000, 92, 82, 68
L 2616.3250, -130.3971, 0.0000, 2619.5698, -145.5394, 0.0000, 92, 82, 68
L 2639.0385, -145.5394, 0.0000, 2642.2833, -130.3971, 0.0000, 92, 82, 68
L 2642.2833, -130.3971, 0.0000, 2650.9360, -105.5205, 0.0000, 92, 82, 68
L 2650.9360, -105.5205, 0.0000, 2645.5281, -80.6438, 0.0000, 92, 82, 68
L 2645.5281, -80.6438, 0.0000, 2657.4256, -46.0328, 0.0000, 92, 82, 68
L 2601.1827, -46.0328, 0.0000, 2657.4256, -46.0328, 0.0000, 92, 82, 68
L 2619.5698, -145.5394, 0.0000, 2639.0385, -145.5394, 0.0000, 92, 82, 68
L 2624.9778, -97.9493, 0.0000, 2633.6305, -97.9493, 0.0000, 70, 150, 80
L 2626.0594, -74.1542, 0.0000, 2632.5489, -74.1542, 0.0000, 70, 150, 80
L 2629.3041, -145.5394, 0.0000, 2629.3041, -154.1922, 0.0000, 92, 82, 68
L 2629.3041, -154.1922, 0.0000, 2674.7311, -138.2936, 0.0000, 140, 128, 102
L 2649.7487, -154.3223, 0.0000, 2645.2028, -141.3432, 0.0000, 140, 128, 102
L 2663.3703, -149.5487, 0.0000, 2658.8325, -136.5695, 0.0000, 140, 128, 102
L 2677.0000, -144.7831, 0.0000, 2672.4622, -131.8040, 0.0000, 140, 128, 102
L 2629.3041, -154.1922, 0.0000, 2613.4055, -108.7652, 0.0000, 140, 128, 102
L 2629.4343, -133.7476, 0.0000, 2616.4551, -138.2936, 0.0000, 140, 128, 102
L 2624.6606, -120.1261, 0.0000, 2611.6815, -124.6639, 0.0000, 140, 128, 102
L 2619.8951, -106.4963, 0.0000, 2606.9160, -111.0342, 0.0000, 140, 128, 102
L 2629.3041, -154.1922, 0.0000, 2583.8772, -170.0908, 0.0000, 140, 128, 102
L 2608.8596, -154.0621, 0.0000, 2613.4055, -167.0412, 0.0000, 140, 128, 102
L 2595.2380, -158.8357, 0.0000, 2599.7758, -171.8149, 0.0000, 140, 128, 102
L 2581.6083, -163.6012, 0.0000, 2586.1461, -176.5804, 0.0000, 140, 128, 102
L 2629.3041, -154.1922, 0.0000, 2645.2028, -199.6191, 0.0000, 140, 128, 102
L 2629.1740, -174.6368, 0.0000, 2642.1532, -170.0908, 0.0000, 140, 128, 102
L 2633.9477, -188.2665, 0.0000, 2646.9268, -183.7205, 0.0000, 140, 128, 102
L 2638.7132, -201.8880, 0.0000, 2651.6923, -197.3502, 0.0000, 140, 128, 102
L 2518.1765, -49.1231, 0.0000, 2533.8149, -94.6151, 0.0000, 92, 82, 68
L 2533.8149, -94.6151, 0.0000, 2526.7072, -127.3069, 0.0000, 92, 82, 68
L 2526.7072, -127.3069, 0.0000, 2538.0762, -159.9986, 0.0000, 92, 82, 68
L 2538.0762, -159.9986, 0.0000, 2542.3456, -179.9065, 0.0000, 92, 82, 68
L 2567.9298, -179.9065, 0.0000, 2572.1992, -159.9986, 0.0000, 92, 82, 68
L 2572.1992, -159.9986, 0.0000, 2583.5682, -127.3069, 0.0000, 92, 82, 68
L 2583.5682, -127.3069, 0.0000, 2576.4606, -94.6151, 0.0000, 92, 82, 68
L 2576.4606, -94.6151, 0.0000, 2592.0989, -49.1231, 0.0000, 92, 82, 68
L 2518.1765, -49.1231, 0.0000, 2592.0989, -49.1231, 0.0000, 92, 82, 68
L 2542.3456, -179.9065, 0.0000, 2567.9298, -179.9065, 0.0000, 92, 82, 68
L 2549.4532, -117.3529, 0.0000, 2560.8222, -117.3529, 0.0000, 70, 150, 80
L 2550.8764, -86.0843, 0.0000, 2559.3990, -86.0843, 0.0000, 70, 150, 80
L 2555.1377, -179.9065, 0.0000, 2555.1377, -191.2754, 0.0000, 92, 82, 68
L 2555.1377, -191.2754, 0.0000, 2614.8449, -170.3754, 0.0000, 140, 128, 102
L 2582.0068, -191.4462, 0.0000, 2576.0377, -174.3847, 0.0000, 140, 128, 102
L 2599.9141, -185.1762, 0.0000, 2593.9450, -168.1228, 0.0000, 140, 128, 102
L 2617.8295, -178.9062, 0.0000, 2611.8604, -161.8528, 0.0000, 140, 128, 102
L 2555.1377, -191.2754, 0.0000, 2534.2377, -131.5682, 0.0000, 140, 128, 102
L 2555.3085, -164.4063, 0.0000, 2538.2470, -170.3754, 0.0000, 140, 128, 102
L 2549.0385, -146.4991, 0.0000, 2531.9851, -152.4681, 0.0000, 140, 128, 102
L 2542.7685, -128.5836, 0.0000, 2525.7151, -134.5527, 0.0000, 140, 128, 102
L 2555.1377, -191.2754, 0.0000, 2495.4305, -212.1754, 0.0000, 140, 128, 102
L 2528.2686, -191.1046, 0.0000, 2534.2377, -208.1662, 0.0000, 140, 128, 102
L 2510.3613, -197.3746, 0.0000, 2516.3304, -214.4280, 0.0000, 140, 128, 102
L 2492.4459, -203.6446, 0.0000, 2498.4150, -220.6980, 0.0000, 140, 128, 102
L 2555.1377, -191.2754, 0.0000, 2576.0377, -250.9827, 0.0000, 140, 128, 102
L 2554.9669, -218.1445, 0.0000, 2572.0285, -212.1754, 0.0000, 140, 128, 102
L 2561.2369, -236.0518, 0.0000, 2578.2903, -230.0827, 0.0000, 140, 128, 102
L 2567.5069, -253.9672, 0.0000, 2584.5603, -247.9981, 0.0000, 140, 128, 102
L 2496.3798, 970.0000, 0.0000, 2542.4512, 846.8944, 0.0000, 96, 86, 72
L 2542.4512, 846.8944, 0.0000, 2571.5488, 846.8944, 0.0000, 96, 86, 72
L 2571.5488, 846.8944, 0.0000, 2617.6202, 970.0000, 0.0000, 96, 86, 72
L 2496.3798, 970.0000, 0.0000, 2617.6202, 970.0000, 0.0000, 96, 86, 72
L 2520.6279, 911.2450, 0.0000, 2542.4512, 911.2450, 0.0000, 96, 86, 72
L 2571.5488, 911.2450, 0.0000, 2593.3721, 911.2450, 0.0000, 96, 86, 72
L 2537.6015, 877.6708, 0.0000, 2576.3985, 877.6708, 0.0000, 96, 86, 72
L 2549.7256, 846.8944, 0.0000, 2545.0625, 816.1180, 0.0000, 150, 165, 180
L 2545.0625, 816.1180, 0.0000, 2553.4561, 785.3416, 0.0000, 150, 165, 180
L 2553.4561, 785.3416, 0.0000, 2546.9277, 757.3630, 0.0000, 150, 165, 180
L 2564.2744, 846.8944, 0.0000, 2559.6113, 816.1180, 0.0000, 150, 165, 180
L 2559.6113, 816.1180, 0.0000, 2568.0049, 785.3416, 0.0000, 150, 165, 180
L 2568.0049, 785.3416, 0.0000, 2561.4766, 757.3630, 0.0000, 150, 165, 180
L 2578.3383, 743.3737, 0.0000, 2573.3441, 752.1031, 0.0000, 150, 165, 180
L 2573.3441, 752.1031, 0.0000, 2560.7072, 756.7475, 0.0000, 150, 165, 180
L 2560.7072, 756.7475, 0.0000, 2546.3308, 755.1341, 0.0000, 150, 165, 180
L 2546.3308, 755.1341, 0.0000, 2536.9487, 748.0182, 0.0000, 150, 165, 180
L 2536.9487, 748.0182, 0.0000, 2536.9487, 738.7293, 0.0000, 150, 165, 180
L 2536.9487, 738.7293, 0.0000, 2546.3308, 731.6134, 0.0000, 150, 165, 180
L 2546.3308, 731.6134, 0.0000, 2560.7072, 730.0000, 0.0000, 150, 165, 180
L 2560.7072, 730.0000, 0.0000, 2573.3441, 734.6444, 0.0000, 150, 165, 180
L 2573.3441, 734.6444, 0.0000, 2578.3383, 743.3737, 0.0000, 150, 165, 180
L 2712.23, -2130.00, 0.0000, 2710.86, -2114.33, 0.0000, 70, 62, 52
L 2710.86, -2114.33, 0.0000, 2706.79, -2099.14, 0.0000, 70, 62, 52
L 2706.79, -2099.14, 0.0000, 2700.15, -2084.88, 0.0000, 70, 62, 52
L 2700.15, -2084.88, 0.0000, 2691.12, -2072.00, 0.0000, 70, 62, 52
L 2691.12, -2072.00, 0.0000, 2680.00, -2060.88, 0.0000, 70, 62, 52
L 2680.00, -2060.88, 0.0000, 2667.12, -2051.85, 0.0000, 70, 62, 52
L 2667.12, -2051.85, 0.0000, 2652.86, -2045.21, 0.0000, 70, 62, 52
L 2652.86, -2045.21, 0.0000, 2637.67, -2041.14, 0.0000, 70, 62, 52
L 2637.67, -2041.14, 0.0000, 2622.00, -2039.77, 0.0000, 70, 62, 52
L 2622.00, -2039.77, 0.0000, 2606.33, -2041.14, 0.0000, 70, 62, 52
L 2606.33, -2041.14, 0.0000, 2591.14, -2045.21, 0.0000, 70, 62, 52
L 2591.14, -2045.21, 0.0000, 2576.88, -2051.85, 0.0000, 70, 62, 52
L 2576.88, -2051.85, 0.0000, 2564.00, -2060.88, 0.0000, 70, 62, 52
L 2564.00, -2060.88, 0.0000, 2552.88, -2072.00, 0.0000, 70, 62, 52
L 2552.88, -2072.00, 0.0000, 2543.85, -2084.88, 0.0000, 70, 62, 52
L 2543.85, -2084.88, 0.0000, 2537.21, -2099.14, 0.0000, 70, 62, 52
L 2537.21, -2099.14, 0.0000, 2533.14, -2114.33, 0.0000, 70, 62, 52
L 2533.14, -2114.33, 0.0000, 2531.77, -2130.00, 0.0000, 70, 62, 52
L 2531.77, -2130.00, 0.0000, 2533.14, -2145.67, 0.0000, 70, 62, 52
L 2533.14, -2145.67, 0.0000, 2537.21, -2160.86, 0.0000, 70, 62, 52
L 2537.21, -2160.86, 0.0000, 2543.85, -2175.12, 0.0000, 70, 62, 52
L 2543.85, -2175.12, 0.0000, 2552.88, -2188.00, 0.0000, 70, 62, 52
L 2552.88, -2188.00, 0.0000, 2564.00, -2199.12, 0.0000, 70, 62, 52
L 2564.00, -2199.12, 0.0000, 2576.88, -2208.15, 0.0000, 70, 62, 52
L 2576.88, -2208.15, 0.0000, 2591.14, -2214.79, 0.0000, 70, 62, 52
L 2591.14, -2214.79, 0.0000, 2606.33, -2218.86, 0.0000, 70, 62, 52
L 2606.33, -2218.86, 0.0000, 2622.00, -2220.23, 0.0000, 70, 62, 52
L 2622.00, -2220.23, 0.0000, 2637.67, -2218.86, 0.0000, 70, 62, 52
L 2637.67, -2218.86, 0.0000, 2652.86, -2214.79, 0.0000, 70, 62, 52
L 2652.86, -2214.79, 0.0000, 2667.12, -2208.15, 0.0000, 70, 62, 52
L 2667.12, -2208.15, 0.0000, 2680.00, -2199.12, 0.0000, 70, 62, 52
L 2680.00, -2199.12, 0.0000, 2691.12, -2188.00, 0.0000, 70, 62, 52
L 2691.12, -2188.00, 0.0000, 2700.15, -2175.12, 0.0000, 70, 62, 52
L 2700.15, -2175.12, 0.0000, 2706.79, -2160.86, 0.0000, 70, 62, 52
L 2706.79, -2160.86, 0.0000, 2710.86, -2145.67, 0.0000, 70, 62, 52
L 2710.86, -2145.67, 0.0000, 2712.23, -2130.00, 0.0000, 70, 62, 52
L 2723.96, -2130.00, 0.0000, 2722.42, -2112.29, 0.0000, 96, 104, 120
L 2722.42, -2112.29, 0.0000, 2717.82, -2095.13, 0.0000, 96, 104, 120
L 2717.82, -2095.13, 0.0000, 2710.30, -2079.02, 0.0000, 96, 104, 120
L 2710.30, -2079.02, 0.0000, 2700.11, -2064.46, 0.0000, 96, 104, 120
L 2700.11, -2064.46, 0.0000, 2687.54, -2051.89, 0.0000, 96, 104, 120
L 2687.54, -2051.89, 0.0000, 2672.98, -2041.70, 0.0000, 96, 104, 120
L 2672.98, -2041.70, 0.0000, 2656.87, -2034.18, 0.0000, 96, 104, 120
L 2656.87, -2034.18, 0.0000, 2639.71, -2029.58, 0.0000, 96, 104, 120
L 2639.71, -2029.58, 0.0000, 2622.00, -2028.04, 0.0000, 96, 104, 120
L 2622.00, -2028.04, 0.0000, 2604.29, -2029.58, 0.0000, 96, 104, 120
L 2604.29, -2029.58, 0.0000, 2587.13, -2034.18, 0.0000, 96, 104, 120
L 2587.13, -2034.18, 0.0000, 2571.02, -2041.70, 0.0000, 96, 104, 120
L 2571.02, -2041.70, 0.0000, 2556.46, -2051.89, 0.0000, 96, 104, 120
L 2556.46, -2051.89, 0.0000, 2543.89, -2064.46, 0.0000, 96, 104, 120
L 2543.89, -2064.46, 0.0000, 2533.70, -2079.02, 0.0000, 96, 104, 120
L 2533.70, -2079.02, 0.0000, 2526.18, -2095.13, 0.0000, 96, 104, 120
L 2526.18, -2095.13, 0.0000, 2521.58, -2112.29, 0.0000, 96, 104, 120
L 2521.58, -2112.29, 0.0000, 2520.04, -2130.00, 0.0000, 96, 104, 120
L 2520.04, -2130.00, 0.0000, 2521.58, -2147.71, 0.0000, 96, 104, 120
L 2521.58, -2147.71, 0.0000, 2526.18, -2164.87, 0.0000, 96, 104, 120
L 2526.18, -2164.87, 0.0000, 2533.70, -2180.98, 0.0000, 96, 104, 120
L 2533.70, -2180.98, 0.0000, 2543.89, -2195.54, 0.0000, 96, 104, 120
L 2543.89, -2195.54, 0.0000, 2556.46, -2208.11, 0.0000, 96, 104, 120
L 2556.46, -2208.11, 0.0000, 2571.02, -2218.30, 0.0000, 96, 104, 120
L 2571.02, -2218.30, 0.0000, 2587.13, -2225.82, 0.0000, 96, 104, 120
L 2587.13, -2225.82, 0.0000, 2604.29, -2230.42, 0.0000, 96, 104, 120
L 2604.29, -2230.42, 0.0000, 2622.00, -2231.96, 0.0000, 96, 104, 120
L 2622.00, -2231.96, 0.0000, 2639.71, -2230.42, 0.0000, 96, 104, 120
L 2639.71, -2230.42, 0.0000, 2656.87, -2225.82, 0.0000, 96, 104, 120
L 2656.87, -2225.82, 0.0000, 2672.98, -2218.30, 0.0000, 96, 104, 120
L 2672.98, -2218.30, 0.0000, 2687.54, -2208.11, 0.0000, 96, 104, 120
L 2687.54, -2208.11, 0.0000, 2700.11, -2195.54, 0.0000, 96, 104, 120
L 2700.11, -2195.54, 0.0000, 2710.30, -2180.98, 0.0000, 96, 104, 120
L 2710.30, -2180.98, 0.0000, 2717.82, -2164.87, 0.0000, 96, 104, 120
L 2717.82, -2164.87, 0.0000, 2722.42, -2147.71, 0.0000, 96, 104, 120
L 2722.42, -2147.71, 0.0000, 2723.96, -2130.00, 0.0000, 96, 104, 120
L 2622.00, -2130.00, 0.0000, 2622.00, -2220.23, 0.0000, 70, 62, 52
L 2622.00, -2130.00, 0.0000, 2660.28, -2168.28, 0.0000, 150, 116, 60
L 2622.00, -2130.00, 0.0000, 2712.23, -2130.00, 0.0000, 70, 62, 52
L 2622.00, -2130.00, 0.0000, 2660.28, -2091.72, 0.0000, 150, 116, 60
L 2622.00, -2130.00, 0.0000, 2622.00, -2039.77, 0.0000, 70, 62, 52
L 2622.00, -2130.00, 0.0000, 2583.72, -2091.72, 0.0000, 150, 116, 60
L 2622.00, -2130.00, 0.0000, 2531.77, -2130.00, 0.0000, 70, 62, 52
L 2622.00, -2130.00, 0.0000, 2583.72, -2168.28, 0.0000, 150, 116, 60
L 2662.89, -2130.00, 0.0000, 2654.30, -2119.51, 0.0000, 96, 104, 120
L 2654.30, -2119.51, 0.0000, 2655.08, -2105.97, 0.0000, 96, 104, 120
L 2655.08, -2105.97, 0.0000, 2641.96, -2102.53, 0.0000, 96, 104, 120
L 2641.96, -2102.53, 0.0000, 2634.63, -2091.11, 0.0000, 96, 104, 120
L 2634.63, -2091.11, 0.0000, 2622.00, -2096.04, 0.0000, 96, 104, 120
L 2622.00, -2096.04, 0.0000, 2609.37, -2091.11, 0.0000, 96, 104, 120
L 2609.37, -2091.11, 0.0000, 2602.04, -2102.53, 0.0000, 96, 104, 120
L 2602.04, -2102.53, 0.0000, 2588.92, -2105.97, 0.0000, 96, 104, 120
L 2588.92, -2105.97, 0.0000, 2589.70, -2119.51, 0.0000, 96, 104, 120
L 2589.70, -2119.51, 0.0000, 2581.11, -2130.00, 0.0000, 96, 104, 120
L 2581.11, -2130.00, 0.0000, 2589.70, -2140.49, 0.0000, 96, 104, 120
L 2589.70, -2140.49, 0.0000, 2588.92, -2154.03, 0.0000, 96, 104, 120
L 2588.92, -2154.03, 0.0000, 2602.04, -2157.47, 0.0000, 96, 104, 120
L 2602.04, -2157.47, 0.0000, 2609.37, -2168.89, 0.0000, 96, 104, 120
L 2609.37, -2168.89, 0.0000, 2622.00, -2163.96, 0.0000, 96, 104, 120
L 2622.00, -2163.96, 0.0000, 2634.63, -2168.89, 0.0000, 96, 104, 120
L 2634.63, -2168.89, 0.0000, 2641.96, -2157.47, 0.0000, 96, 104, 120
L 2641.96, -2157.47, 0.0000, 2655.08, -2154.03, 0.0000, 96, 104, 120
L 2655.08, -2154.03, 0.0000, 2654.30, -2140.49, 0.0000, 96, 104, 120
L 2654.30, -2140.49, 0.0000, 2662.89, -2130.00, 0.0000, 96, 104, 120
L 2634.47, -2130.00, 0.0000, 2630.82, -2121.18, 0.0000, 96, 104, 120
L 2630.82, -2121.18, 0.0000, 2622.00, -2117.53, 0.0000, 96, 104, 120
L 2622.00, -2117.53, 0.0000, 2613.18, -2121.18, 0.0000, 96, 104, 120
L 2613.18, -2121.18, 0.0000, 2609.53, -2130.00, 0.0000, 96, 104, 120
L 2609.53, -2130.00, 0.0000, 2613.18, -2138.82, 0.0000, 96, 104, 120
L 2613.18, -2138.82, 0.0000, 2622.00, -2142.47, 0.0000, 96, 104, 120
L 2622.00, -2142.47, 0.0000, 2630.82, -2138.82, 0.0000, 96, 104, 120
L 2630.82, -2138.82, 0.0000, 2634.47, -2130.00, 0.0000, 96, 104, 120
L 2640.74, -2130.00, 0.0000, 2636.38, -2124.04, 0.0000, 150, 116, 60
L 2636.38, -2124.04, 0.0000, 2635.25, -2116.75, 0.0000, 150, 116, 60
L 2635.25, -2116.75, 0.0000, 2627.96, -2115.62, 0.0000, 150, 116, 60
L 2627.96, -2115.62, 0.0000, 2622.00, -2111.26, 0.0000, 150, 116, 60
L 2622.00, -2111.26, 0.0000, 2616.04, -2115.62, 0.0000, 150, 116, 60
L 2616.04, -2115.62, 0.0000, 2608.75, -2116.75, 0.0000, 150, 116, 60
L 2608.75, -2116.75, 0.0000, 2607.62, -2124.04, 0.0000, 150, 116, 60
L 2607.62, -2124.04, 0.0000, 2603.26, -2130.00, 0.0000, 150, 116, 60
L 2603.26, -2130.00, 0.0000, 2607.62, -2135.96, 0.0000, 150, 116, 60
L 2607.62, -2135.96, 0.0000, 2608.75, -2143.25, 0.0000, 150, 116, 60
L 2608.75, -2143.25, 0.0000, 2616.04, -2144.38, 0.0000, 150, 116, 60
L 2616.04, -2144.38, 0.0000, 2622.00, -2148.74, 0.0000, 150, 116, 60
L 2622.00, -2148.74, 0.0000, 2627.96, -2144.38, 0.0000, 150, 116, 60
L 2627.96, -2144.38, 0.0000, 2635.25, -2143.25, 0.0000, 150, 116, 60
L 2635.25, -2143.25, 0.0000, 2636.38, -2135.96, 0.0000, 150, 116, 60
L 2636.38, -2135.96, 0.0000, 2640.74, -2130.00, 0.0000, 150, 116, 60
L 2627.72, -2130.00, 0.0000, 2626.04, -2125.96, 0.0000, 150, 116, 60
L 2626.04, -2125.96, 0.0000, 2622.00, -2124.28, 0.0000, 150, 116, 60
L 2622.00, -2124.28, 0.0000, 2617.96, -2125.96, 0.0000, 150, 116, 60
L 2617.96, -2125.96, 0.0000, 2616.28, -2130.00, 0.0000, 150, 116, 60
L 2616.28, -2130.00, 0.0000, 2617.96, -2134.04, 0.0000, 150, 116, 60
L 2617.96, -2134.04, 0.0000, 2622.00, -2135.72, 0.0000, 150, 116, 60
L 2622.00, -2135.72, 0.0000, 2626.04, -2134.04, 0.0000, 150, 116, 60
L 2626.04, -2134.04, 0.0000, 2627.72, -2130.00, 0.0000, 150, 116, 60
L 2622.00, -2175.12, 0.0000, 2622.00, -2211.21, 0.0000, 70, 62, 52
L 2614.00, -2202.19, 0.0000, 2622.00, -2214.82, 0.0000, 70, 62, 52
L 2630.00, -2202.19, 0.0000, 2622.00, -2214.82, 0.0000, 70, 62, 52
P 2622.00, -2245.50, 0.0000, 70, 62, 52, 3, N
P 2622.00, -2014.50, 0.0000, 70, 62, 52, 1, S
P 2737.50, -2130.00, 0.0000, 70, 62, 52, 1, E
P 2506.50, -2130.00, 0.0000, 70, 62, 52, 1, W
