P -2203.8545, -579.7638, -113.2490,  0, 0, 0,  3,  to_Lesser_Faydark
P -527.3383, 2058.1443, -111.1240,  0, 0, 0,  3,  to_Ak`Anon
P 1844.0017, 1515.0017, -110.9307,  0, 0, 0,  3,  Finkel_(Baking)
P -1655.0000, 1750.0000, -111.4730,  0, 0, 0,  3,  Crisyn_(Spells)
P -1667.8954, 1779.1930, -111.8179,  0, 0, 0,  3,  Druid_Circle
P -927.0610, 1358.1802, -111.6722,  0, 0, 0,  3,  Knowledge_Portal
P 618.0054, -43.0000, -108.8909,  0, 0, 0,  3,  Godbin_(Smith)
P 661.0129, -79.0000, -108.8909,  0, 0, 0,  3,  Clockwork_(Fletcher)
P 660.0072, -100.0000, -108.8909,  0, 0, 0,  3,  Clockwork_(Fletcher)
P 875.0077, -175.0000, -110.9506,  0, 0, 0,  3,  Bom_(Tinker)
P -561.9344, 833.0000, -120.3238,  0, 0, 0,  3,  Halv_(Guard)
P -556.0000, 1378.0061, -111.9049,  0, 0, 0,  3,  Dreeb_(Guard)
P -570.0000, 1861.0049, -111.9048,  0, 0, 0,  3,  Prynn_(Guard)
P -545.0000, 1861.0071, -111.9048,  0, 0, 0,  3,  Prenn_(Guard)
P -429.0000, 1623.0071, -110.9310,  0, 0, 0,  3,  Oren_(Baking)
P -337.0000, 1786.0049, -110.9310,  0, 0, 0,  3,  Glen_(Merchant)
P -666.0000, 1787.0000, -109.8345,  0, 0, 0,  3,  Fodin_(Smith)
P -829.0000, 1696.0050, -110.9310,  0, 0, 0,  3,  Freed_(Tailor)
P 273.0000, -159.0000, -30.0000, 160, 105, 0, 2, Succor_(Windmills)
P 2100.0000, -1690.0000, -30.0000, 30, 80, 95, 3, Minotaur_Caves
P 1600.0000, -1675.0000, -30.0000, 30, 80, 95, 2, Giant_Clockwork_Cogs
P 240.0000, -1870.0000, -30.0000, 30, 80, 95, 2, The_Observers
P 2209.0000, -1690.0000, -30.0000, 110, 0, 60, 3, Meldrath_the_Malignant_(35)
P 2410.0000, -1555.0000, -30.0000, 110, 0, 60, 3, Minotaur_Lord_(30)
P 1639.0000, -1227.0000, -30.0000, 110, 0, 60, 3, Minotaur_Hero_(35)
P 1600.0000, -1675.0000, -30.0000, 110, 0, 60, 2, Nilits_Contraption_(20)
P 1716.0000, -1891.0000, -30.0000, 150, 90, 40, 2, Kobold_Missionary_+_Camp
P -1742.0000, 306.0000, -30.0000, 150, 90, 40, 2, Kobold_Shaman_Camp
P 1135.0000, -245.0000, -30.0000, 150, 90, 40, 2, Feddi_Dooger_(Butcher_Knife)
P 848.0000, -128.0000, -30.0000, 150, 90, 40, 2, Charlotte_(Spider_35)
P 850.0000, -1350.0000, -30.0000, 150, 90, 40, 2, Crusader_Swiftmoon_(28)
P -1719.0000, 1469.0000, -30.0000, 110, 0, 60, 2, Yendar_Starpyre_(65)
P 1913.0000, 153.0000, -30.0000, 150, 90, 40, 2, Winex_Kloktik_(12)
P 695.0000, 1427.0000, 0.0000, 165, 60, 20, 2, Runaway_Clockwork_(Notable)
