L -1470.0195, -1875.0623, 0.0000, -1299.0195, -1704.0623, 0.0000, 150, 90, 150
L -1299.0195, -1704.0623, 0.0000, -1470.0195, -1533.0623, 0.0000, 150, 90, 150
L -1470.0195, -1533.0623, 0.0000, -1641.0195, -1704.0623, 0.0000, 150, 90, 150
L -1641.0195, -1704.0623, 0.0000, -1470.0195, -1875.0623, 0.0000, 150, 90, 150
L -1555.5195, -1464.6623, 0.0000, -1384.5195, -1464.6623, 0.0000, 150, 90, 150
P -1196.4195, -1704.0623, 0.0000, 150, 90, 150, 3, North_Barren_Coast
L 962.7532, 26.6912, 0.0000, 1133.7532, 197.6912, 0.0000, 150, 90, 150
L 1133.7532, 197.6912, 0.0000, 962.7532, 368.6912, 0.0000, 150, 90, 150
L 962.7532, 368.6912, 0.0000, 791.7532, 197.6912, 0.0000, 150, 90, 150
L 791.7532, 197.6912, 0.0000, 962.7532, 26.6912, 0.0000, 150, 90, 150
L 877.2532, 437.0912, 0.0000, 1048.2532, 437.0912, 0.0000, 150, 90, 150
P 1236.3532, 197.6912, 0.0000, 150, 90, 150, 3, The_Vastly_Deep
L -709.7781, 2308.7953, 0.0000, -538.7781, 2479.7953, 0.0000, 150, 90, 150
L -538.7781, 2479.7953, 0.0000, -709.7781, 2650.7953, 0.0000, 150, 90, 150
L -709.7781, 2650.7953, 0.0000, -880.7781, 2479.7953, 0.0000, 150, 90, 150
L -880.7781, 2479.7953, 0.0000, -709.7781, 2308.7953, 0.0000, 150, 90, 150
L -795.2781, 2719.1953, 0.0000, -624.2781, 2719.1953, 0.0000, 150, 90, 150
P -436.1781, 2479.7953, 0.0000, 150, 90, 150, 3, Cape_Dreg
