L 404.6993, 429.7841, -48.8401,  387.6786, 412.7634, -49.4360,  0, 0, 0
L 387.6956, 414.0352, -48.1363,  303.6560, 248.4574, -48.4787,  0, 0, 0
L 303.6560, 248.4574, -48.4787,  285.3128, 256.1004, -49.4340,  0, 0, 0
L 285.3128, 256.1004, -49.4340,  350.2842, 427.8737, -49.5331,  0, 0, 0
L 350.3279, 454.2131, -49.5285,  350.3279, 454.2131, -49.5285,  0, 0, 0
L 350.3279, 454.2131, -49.5285,  404.5847, 431.9312, -49.4360,  0, 0, 0
L 351.4341, 454.4185, -49.4360,  351.6230, 430.2319, -49.1535,  0, 0, 0
L 288.9917, 256.9016, -38.8830,  358.4910, 421.1782, -28.3279,  0, 0, 0
L 358.4910, 421.1782, -28.3279,  365.5169, 446.3855, -21.4378,  0, 0, 0
L 365.5169, 446.3855, -21.4378,  391.3481, 435.4123, -21.3018,  0, 0, 0
L 391.3481, 435.4123, -21.3018,  379.1158, 417.1346, -28.0040,  0, 0, 0
L 379.1158, 417.1346, -28.0040,  301.5285, 250.9585, -38.9039,  0, 0, 0
L 300.9693, 250.8855, -38.9216,  288.4810, 256.1285, -38.9374,  0, 0, 0
L 113.9513, -3.1922, -53.4206,  -55.1085, -3.1986, 45.9430,  0, 0, 0
L -55.1085, -3.1986, 45.9430,  -154.8338, -3.2599, -4.0296,  0, 0, 0
L -154.8338, -3.2599, -4.0296,  -235.7865, -1.9737, -60.1012,  0, 0, 0
L -236.4991, -61.0766, -60.5968,  -56.0275, -60.7574, 45.9671,  0, 0, 0
L -56.0275, -60.7574, 45.9671,  113.9746, -60.4776, -53.9653,  0, 0, 0
P -291.0000, -2545.0000, -48.4052,  160, 105, 0,  2,  To_Erudin
P 429.0000, 2601.0000, -41.9677,  160, 105, 0,  2,  To_Paineel
P -287.0000, 2343.0000, -46.3740,  30, 70, 90,  2,  Knowledge_Portal_(South)
P 362.0000, -1039.0000, -54.2645,  35, 95, 55,  2,  Martyn_Firechaser_(Spells)
P -1007.0000, -2273.0000, -25.9638,  35, 95, 55,  2,  Islan_Hetston_(Merchant)
P -985.0000, -2218.0000, -28.3683,  35, 95, 55,  2,  Win_Karnam_(Smith)
P 732.0000, -1759.0000, -70.8301,  35, 95, 55,  2,  Tran_Lilspin_(Merchant)
P 581.0000, -2322.0000, -44.3641,  30, 70, 90,  2,  Knowledge_Portal_(North)
P 1129.0000, -2195.0000, -13.6540,  35, 95, 55,  2,  Xylania_Rainsparkle_(Merchant)
P 1108.0000, -2166.0000, -13.6540,  35, 95, 55,  2,  Quana_Rainsparkle_(Baking)
P -2642.0000, 515.0000, -38.2490,  160, 105, 0,  2,  To_Kerra_Ridge
P -400.0000, -2101.0000, -43.2469,  35, 95, 55,  2,  Stylla_Parsini_(Merchant)
P -419.0000, -2115.0000, -43.2469,  35, 95, 55,  2,  Emil_Parsini_(Merchant)
P 912.0000, 1515.0000, -40.6118,  165, 60, 20,  3,  Nexus_Scion
P 909.0000, 1483.0000, -38.6741,  30, 70, 90,  2,  Great_Spires
P 359.0000, -1081.0000, -60.6020,  30, 70, 90,  2,  Druid_Circle
P -1000.0000, -1620.0000, 0.0000,  140, 35, 30,  3,  Erudin_Emissary_A_(Quest)
P -875.0000, -1475.0000, 0.0000,  140, 35, 30,  3,  Erudin_Emissary_B_(Quest)
P -1030.0000, -2197.0000, 0.0000,  140, 35, 30,  3,  Sentinel_Creot_(Quest_Roams)
P 457.0000, 1006.0000, 0.0000,  140, 35, 30,  3,  Kobold_Shaman_(Odd_Kobold_Paw)
P 719.0000, -1800.0000, 0.0000,  35, 95, 55,  2,  Cyria_Lorewhisper_(Merchant)
P 840.0000, -1526.0000, 0.0000,  35, 95, 55,  2,  Jalen_Goldsinger_(Enchanter)
P 856.0000, -586.0000, 0.0000,  35, 95, 55,  2,  Shintar_Vinlail_(Magician)
P -1174.0000, 2394.0000, 0.0000,  165, 60, 20,  2,  Rungupp_(Troll_Head)
P 461.0000, -473.0000, 0.0000,  165, 60, 20,  2,  Aglthin_Dasmore_(Fishing_Pole)
P 930.0000, 1770.0000, 0.0000,  165, 60, 20,  2,  Ilanics_Skeleton
P -10.0000, -2350.0000, 0.0000,  165, 60, 20,  2,  Phaeril_Nightshire
P -389.0000, -2208.0000, 0.0000,  165, 60, 20,  2,  Poacher_Dell_Hill_Shelli_Topi_Willa
P -22.0000, -2338.0000, 0.0000,  165, 60, 20,  2,  Veisha_Fathomwalker_(Roams)
P -1164.0000, -161.0000, 0.0000,  165, 60, 20,  2,  E'lial_B'rook
P -1148.0000, 5.0000, 0.0000,  110, 0, 60,  3,  Knarthenne_Skurl_(Shadowknight)
P 671.0000, 1530.0000, 0.0000,  110, 0, 60,  3,  Lanivon_Baxer_(Wizard)
P -221.0000, -2383.0000, 0.0000,  110, 0, 60,  3,  Sentinel_Drom_(Guard)
P -190.0000, -2382.0000, 0.0000,  110, 0, 60,  3,  Sentinel_Flavius_(Guard)
P 457.0000, 1006.0000, 0.0000,  30, 70, 90,  2,  Kobold_Camp_(North)
P -203.0000, -2295.0000, 0.0000,  30, 70, 90,  2,  Erudin_Gates_(Succor)
P -571.0000, -2139.0000, 0.0000,  120, 95, 40,  2,  Large_Skunk
P 875.1200, -1158.9199, 0.0000,  140, 35, 30,  2,  Heretic's_Abandoned_Toys
P -2344.0098, 405.9900, -61.7700,  140, 35, 30,  3,  Darkwater_Piranha
