L -1550.0000, -594.0000, 0.0000, -1456.0000, -500.0000, 0.0000, 150, 90, 150
L -1456.0000, -500.0000, 0.0000, -1550.0000, -406.0000, 0.0000, 150, 90, 150
L -1550.0000, -406.0000, 0.0000, -1644.0000, -500.0000, 0.0000, 150, 90, 150
L -1644.0000, -500.0000, 0.0000, -1550.0000, -594.0000, 0.0000, 150, 90, 150
L -1597.0000, -368.4000, 0.0000, -1503.0000, -368.4000, 0.0000, 150, 90, 150
P -1399.6000, -500.0000, 0.0000, 150, 90, 150, 3, West_Toxxulia
L 600.0000, -1544.0000, 0.0000, 694.0000, -1450.0000, 0.0000, 150, 90, 150
L 694.0000, -1450.0000, 0.0000, 600.0000, -1356.0000, 0.0000, 150, 90, 150
L 600.0000, -1356.0000, 0.0000, 506.0000, -1450.0000, 0.0000, 150, 90, 150
L 506.0000, -1450.0000, 0.0000, 600.0000, -1544.0000, 0.0000, 150, 90, 150
L 553.0000, -1318.4000, 0.0000, 647.0000, -1318.4000, 0.0000, 150, 90, 150
P 750.4000, -1450.0000, 0.0000, 150, 90, 150, 3, East_Toxxulia
L 100.0000, 1456.0000, 0.0000, 194.0000, 1550.0000, 0.0000, 150, 90, 150
L 194.0000, 1550.0000, 0.0000, 100.0000, 1644.0000, 0.0000, 150, 90, 150
L 100.0000, 1644.0000, 0.0000, 6.0000, 1550.0000, 0.0000, 150, 90, 150
L 6.0000, 1550.0000, 0.0000, 100.0000, 1456.0000, 0.0000, 150, 90, 150
L 53.0000, 1681.6000, 0.0000, 147.0000, 1681.6000, 0.0000, 150, 90, 150
P 250.4000, 1550.0000, 0.0000, 150, 90, 150, 3, South_Toxxulia
