L 135.0157, 168.8906, 0.0000, 135.0157, 400.0000, 0.0000, 150, 90, 150
L 135.0157, 400.0000, 0.0000, 107.2826, 353.7781, 0.0000, 150, 90, 150
L 135.0157, 400.0000, 0.0000, 162.7488, 353.7781, 0.0000, 150, 90, 150
P -81.6493, 344.5338, 0.0000, 150, 90, 150, 4, To_Gulf_of_Uzun
L 1245.4298, -314.8125, 0.0000, 1425.6952, -314.8125, 0.0000, 150, 90, 150
L 1425.6952, -314.8125, 0.0000, 1388.7177, -292.6260, 0.0000, 150, 90, 150
L 1425.6952, -314.8125, 0.0000, 1388.7177, -336.9990, 0.0000, 150, 90, 150
P 611.0347, -254.7241, 0.0000, 150, 90, 150, 3, To_South_Barren_Coast
L -1178.7481, -362.2040, 0.0000, -1273.5311, -267.4210, 0.0000, 150, 90, 150
L -1273.5311, -267.4210, 0.0000, -1265.6870, -298.7974, 0.0000, 150, 90, 150
L -1273.5311, -267.4210, 0.0000, -1242.1547, -275.2651, 0.0000, 150, 90, 150
P -1151.0150, -254.7241, 0.0000, 150, 90, 150, 2, To_Stone_of_Morthalis
