L -5227.10, -2279.33, 0.0000, -5136.56, -2225.78, 0.0000, 95, 78, 50
L -5136.56, -2225.78, 0.0000, -5046.02, -2279.33, 0.0000, 95, 78, 50
L -5046.02, -2279.33, 0.0000, -4955.48, -2235.69, 0.0000, 95, 78, 50
L -4955.48, -2235.69, 0.0000, -4864.94, -2279.33, 0.0000, 95, 78, 50
L -4864.94, -2279.33, 0.0000, -4774.40, -2253.30, 0.0000, 95, 78, 50
L -4774.40, -2253.30, 0.0000, -4683.87, -2279.33, 0.0000, 95, 78, 50
L -4683.87, -2279.33, 0.0000, -4593.33, -2254.77, 0.0000, 95, 78, 50
L -4593.33, -2254.77, 0.0000, -4502.79, -2279.33, 0.0000, 95, 78, 50
L -4502.79, -2279.33, 0.0000, -4412.25, -2245.15, 0.0000, 95, 78, 50
L -4412.25, -2245.15, 0.0000, -4321.71, -2279.33, 0.0000, 95, 78, 50
L -4321.71, -2279.33, 0.0000, -4231.17, -2243.77, 0.0000, 95, 78, 50
L -4231.17, -2243.77, 0.0000, -4140.63, -2279.33, 0.0000, 95, 78, 50
L -4140.63, -2279.33, 0.0000, -4050.09, -2230.85, 0.0000, 95, 78, 50
L -4050.09, -2230.85, 0.0000, -3959.55, -2279.33, 0.0000, 95, 78, 50
L -3959.55, -2279.33, 0.0000, -3869.01, -2253.81, 0.0000, 95, 78, 50
L -3869.01, -2253.81, 0.0000, -3778.47, -2279.33, 0.0000, 95, 78, 50
L -3778.47, -2279.33, 0.0000, -3687.94, -2252.56, 0.0000, 95, 78, 50
L -3687.94, -2252.56, 0.0000, -3597.40, -2279.33, 0.0000, 95, 78, 50
L -3597.40, -2279.33, 0.0000, -3506.86, -2228.10, 0.0000, 95, 78, 50
L -3506.86, -2228.10, 0.0000, -3416.32, -2279.33, 0.0000, 95, 78, 50
L -3416.32, -2279.33, 0.0000, -3325.78, -2258.45, 0.0000, 95, 78, 50
L -3325.78, -2258.45, 0.0000, -3235.24, -2279.33, 0.0000, 95, 78, 50
L -3235.24, -2279.33, 0.0000, -3144.70, -2224.65, 0.0000, 95, 78, 50
L -3144.70, -2224.65, 0.0000, -3054.16, -2279.33, 0.0000, 95, 78, 50
L -3054.16, -2279.33, 0.0000, -2963.62, -2238.95, 0.0000, 95, 78, 50
L -2963.62, -2238.95, 0.0000, -2873.08, -2279.33, 0.0000, 95, 78, 50
L -2873.08, -2279.33, 0.0000, -2782.54, -2237.38, 0.0000, 95, 78, 50
L -2782.54, -2237.38, 0.0000, -2692.01, -2279.33, 0.0000, 95, 78, 50
L -2692.01, -2279.33, 0.0000, -2601.47, -2236.21, 0.0000, 95, 78, 50
L -2601.47, -2236.21, 0.0000, -2510.93, -2279.33, 0.0000, 95, 78, 50
L -2510.93, -2279.33, 0.0000, -2420.39, -2237.81, 0.0000, 95, 78, 50
L -2420.39, -2237.81, 0.0000, -2329.85, -2279.33, 0.0000, 95, 78, 50
L -2329.85, -2279.33, 0.0000, -2239.31, -2240.44, 0.0000, 95, 78, 50
L -2239.31, -2240.44, 0.0000, -2148.77, -2279.33, 0.0000, 95, 78, 50
L -2148.77, -2279.33, 0.0000, -2058.23, -2260.35, 0.0000, 95, 78, 50
L -2058.23, -2260.35, 0.0000, -1967.69, -2279.33, 0.0000, 95, 78, 50
L -1967.69, -2279.33, 0.0000, -1877.15, -2244.01, 0.0000, 95, 78, 50
L -1877.15, -2244.01, 0.0000, -1786.62, -2279.33, 0.0000, 95, 78, 50
L -1786.62, -2279.33, 0.0000, -1696.08, -2226.40, 0.0000, 95, 78, 50
L -1696.08, -2226.40, 0.0000, -1605.54, -2279.33, 0.0000, 95, 78, 50
L -1605.54, -2279.33, 0.0000, -1515.00, -2234.76, 0.0000, 95, 78, 50
L -1515.00, -2234.76, 0.0000, -1424.46, -2279.33, 0.0000, 95, 78, 50
L -1424.46, -2279.33, 0.0000, -1333.92, -2251.83, 0.0000, 95, 78, 50
L -1333.92, -2251.83, 0.0000, -1243.38, -2279.33, 0.0000, 95, 78, 50
L -1243.38, -2279.33, 0.0000, -1152.84, -2229.02, 0.0000, 95, 78, 50
L -1152.84, -2229.02, 0.0000, -1062.30, -2279.33, 0.0000, 95, 78, 50
L -1062.30, -2279.33, 0.0000, -971.76, -2233.40, 0.0000, 95, 78, 50
L -971.76, -2233.40, 0.0000, -881.22, -2279.33, 0.0000, 95, 78, 50
L -881.22, -2279.33, 0.0000, -790.69, -2236.25, 0.0000, 95, 78, 50
L -790.69, -2236.25, 0.0000, -700.15, -2279.33, 0.0000, 95, 78, 50
L -700.15, -2279.33, 0.0000, -609.61, -2226.25, 0.0000, 95, 78, 50
L -609.61, -2226.25, 0.0000, -519.07, -2279.33, 0.0000, 95, 78, 50
L -519.07, -2279.33, 0.0000, -428.53, -2243.44, 0.0000, 95, 78, 50
L -428.53, -2243.44, 0.0000, -337.99, -2279.33, 0.0000, 95, 78, 50
L -337.99, -2279.33, 0.0000, -247.45, -2257.05, 0.0000, 95, 78, 50
L -247.45, -2257.05, 0.0000, -156.91, -2279.33, 0.0000, 95, 78, 50
L -156.91, -2279.33, 0.0000, -66.37, -2243.20, 0.0000, 95, 78, 50
L -66.37, -2243.20, 0.0000, 24.17, -2279.33, 0.0000, 95, 78, 50
L 24.17, -2279.33, 0.0000, 114.70, -2228.05, 0.0000, 95, 78, 50
L 114.70, -2228.05, 0.0000, 205.24, -2279.33, 0.0000, 95, 78, 50
L 205.24, -2279.33, 0.0000, 295.78, -2235.83, 0.0000, 95, 78, 50
L 295.78, -2235.83, 0.0000, 386.32, -2279.33, 0.0000, 95, 78, 50
L 386.32, -2279.33, 0.0000, 476.86, -2253.44, 0.0000, 95, 78, 50
L 476.86, -2253.44, 0.0000, 567.40, -2279.33, 0.0000, 95, 78, 50
L 567.40, -2279.33, 0.0000, 657.94, -2249.61, 0.0000, 95, 78, 50
L 657.94, -2249.61, 0.0000, 748.48, -2279.33, 0.0000, 95, 78, 50
L 748.48, -2279.33, 0.0000, 839.02, -2246.53, 0.0000, 95, 78, 50
L 839.02, -2246.53, 0.0000, 929.56, -2279.33, 0.0000, 95, 78, 50
L 929.56, -2279.33, 0.0000, 1020.10, -2230.71, 0.0000, 95, 78, 50
L 1020.10, -2230.71, 0.0000, 1110.63, -2279.33, 0.0000, 95, 78, 50
L 1110.63, -2279.33, 0.0000, 1201.17, -2256.08, 0.0000, 95, 78, 50
L 1201.17, -2256.08, 0.0000, 1291.71, -2279.33, 0.0000, 95, 78, 50
L 1291.71, -2279.33, 0.0000, 1382.25, -2256.43, 0.0000, 95, 78, 50
L 1382.25, -2256.43, 0.0000, 1472.79, -2279.33, 0.0000, 95, 78, 50
L 1472.79, -2279.33, 0.0000, 1563.33, -2225.30, 0.0000, 95, 78, 50
L 1563.33, -2225.30, 0.0000, 1653.87, -2279.33, 0.0000, 95, 78, 50
L 1653.87, -2279.33, 0.0000, 1744.41, -2233.32, 0.0000, 95, 78, 50
L 1744.41, -2233.32, 0.0000, 1834.95, -2279.33, 0.0000, 95, 78, 50
L 1834.95, -2279.33, 0.0000, 1925.49, -2262.32, 0.0000, 95, 78, 50
L 1925.49, -2279.33, 0.0000, 1879.56, -2188.42, 0.0000, 95, 78, 50
L 1879.56, -2188.42, 0.0000, 1925.49, -2097.51, 0.0000, 95, 78, 50
L 1925.49, -2097.51, 0.0000, 1902.44, -2006.60, 0.0000, 95, 78, 50
L 1902.44, -2006.60, 0.0000, 1925.49, -1915.69, 0.0000, 95, 78, 50
L 1925.49, -1915.69, 0.0000, 1900.06, -1824.78, 0.0000, 95, 78, 50
L 1900.06, -1824.78, 0.0000, 1925.49, -1733.88, 0.0000, 95, 78, 50
L 1925.49, -1733.88, 0.0000, 1891.81, -1642.97, 0.0000, 95, 78, 50
L 1891.81, -1642.97, 0.0000, 1925.49, -1552.06, 0.0000, 95, 78, 50
L 1925.49, -1552.06, 0.0000, 1886.33, -1461.15, 0.0000, 95, 78, 50
L 1886.33, -1461.15, 0.0000, 1925.49, -1370.24, 0.0000, 95, 78, 50
L 1925.49, -1370.24, 0.0000, 1905.32, -1279.33, 0.0000, 95, 78, 50
L 1905.32, -1279.33, 0.0000, 1925.49, -1188.42, 0.0000, 95, 78, 50
L 1925.49, -1188.42, 0.0000, 1904.88, -1097.52, 0.0000, 95, 78, 50
L 1904.88, -1097.52, 0.0000, 1925.49, -1006.61, 0.0000, 95, 78, 50
L 1925.49, -1006.61, 0.0000, 1895.12, -915.70, 0.0000, 95, 78, 50
L 1895.12, -915.70, 0.0000, 1925.49, -824.79, 0.0000, 95, 78, 50
L 1925.49, -824.79, 0.0000, 1889.55, -733.88, 0.0000, 95, 78, 50
L 1889.55, -733.88, 0.0000, 1925.49, -642.97, 0.0000, 95, 78, 50
L 1925.49, -642.97, 0.0000, 1871.25, -552.07, 0.0000, 95, 78, 50
L 1871.25, -552.07, 0.0000, 1925.49, -461.16, 0.0000, 95, 78, 50
L 1925.49, -461.16, 0.0000, 1908.33, -370.25, 0.0000, 95, 78, 50
L 1908.33, -370.25, 0.0000, 1925.49, -279.34, 0.0000, 95, 78, 50
L 1925.49, -279.34, 0.0000, 1894.11, -188.43, 0.0000, 95, 78, 50
L 1894.11, -188.43, 0.0000, 1925.49, -97.52, 0.0000, 95, 78, 50
L 1925.49, -97.52, 0.0000, 1880.35, -6.61, 0.0000, 95, 78, 50
L 1880.35, -6.61, 0.0000, 1925.49, 84.29, 0.0000, 95, 78, 50
L 1925.49, 84.29, 0.0000, 1871.84, 175.20, 0.0000, 95, 78, 50
L 1871.84, 175.20, 0.0000, 1925.49, 266.11, 0.0000, 95, 78, 50
L 1925.49, 266.11, 0.0000, 1876.81, 357.02, 0.0000, 95, 78, 50
L 1876.81, 357.02, 0.0000, 1925.49, 447.93, 0.0000, 95, 78, 50
L 1925.49, 447.93, 0.0000, 1875.29, 538.84, 0.0000, 95, 78, 50
L 1875.29, 538.84, 0.0000, 1925.49, 629.75, 0.0000, 95, 78, 50
L 1925.49, 629.75, 0.0000, 1871.83, 720.65, 0.0000, 95, 78, 50
L 1871.83, 720.65, 0.0000, 1925.49, 811.56, 0.0000, 95, 78, 50
L 1925.49, 811.56, 0.0000, 1870.85, 902.47, 0.0000, 95, 78, 50
L 1870.85, 902.47, 0.0000, 1925.49, 993.38, 0.0000, 95, 78, 50
L 1925.49, 993.38, 0.0000, 1902.14, 1084.29, 0.0000, 95, 78, 50
L 1902.14, 1084.29, 0.0000, 1925.49, 1175.20, 0.0000, 95, 78, 50
L 1925.49, 1175.20, 0.0000, 1891.99, 1266.10, 0.0000, 95, 78, 50
L 1891.99, 1266.10, 0.0000, 1925.49, 1357.01, 0.0000, 95, 78, 50
L 1925.49, 1357.01, 0.0000, 1885.68, 1447.92, 0.0000, 95, 78, 50
L 1885.68, 1447.92, 0.0000, 1925.49, 1538.83, 0.0000, 95, 78, 50
L 1925.49, 1538.83, 0.0000, 1890.77, 1629.74, 0.0000, 95, 78, 50
L 1890.77, 1629.74, 0.0000, 1925.49, 1720.65, 0.0000, 95, 78, 50
L 1925.49, 1720.65, 0.0000, 1904.29, 1811.56, 0.0000, 95, 78, 50
L 1904.29, 1811.56, 0.0000, 1925.49, 1902.46, 0.0000, 95, 78, 50
L 1925.49, 1902.46, 0.0000, 1891.56, 1993.37, 0.0000, 95, 78, 50
L 1891.56, 1993.37, 0.0000, 1925.49, 2084.28, 0.0000, 95, 78, 50
L 1925.49, 2084.28, 0.0000, 1892.07, 2175.19, 0.0000, 95, 78, 50
L 1892.07, 2175.19, 0.0000, 1925.49, 2266.10, 0.0000, 95, 78, 50
L 1925.49, 2266.10, 0.0000, 1881.44, 2357.01, 0.0000, 95, 78, 50
L 1881.44, 2357.01, 0.0000, 1925.49, 2447.92, 0.0000, 95, 78, 50
L 1925.49, 2447.92, 0.0000, 1893.83, 2538.82, 0.0000, 95, 78, 50
L 1893.83, 2538.82, 0.0000, 1925.49, 2629.73, 0.0000, 95, 78, 50
L 1925.49, 2629.73, 0.0000, 1900.30, 2720.64, 0.0000, 95, 78, 50
L 1900.30, 2720.64, 0.0000, 1925.49, 2811.55, 0.0000, 95, 78, 50
L 1925.49, 2811.55, 0.0000, 1891.81, 2902.46, 0.0000, 95, 78, 50
L 1891.81, 2902.46, 0.0000, 1925.49, 2993.37, 0.0000, 95, 78, 50
L 1925.49, 2993.37, 0.0000, 1881.07, 3084.27, 0.0000, 95, 78, 50
L 1881.07, 3084.27, 0.0000, 1925.49, 3175.18, 0.0000, 95, 78, 50
L 1925.49, 3175.18, 0.0000, 1885.44, 3266.09, 0.0000, 95, 78, 50
L 1885.44, 3266.09, 0.0000, 1925.49, 3357.00, 0.0000, 95, 78, 50
L 1925.49, 3357.00, 0.0000, 1834.95, 3323.85, 0.0000, 95, 78, 50
L 1834.95, 3323.85, 0.0000, 1744.41, 3357.00, 0.0000, 95, 78, 50
L 1744.41, 3357.00, 0.0000, 1653.87, 3303.24, 0.0000, 95, 78, 50
L 1653.87, 3303.24, 0.0000, 1563.33, 3357.00, 0.0000, 95, 78, 50
L 1563.33, 3357.00, 0.0000, 1472.79, 3321.15, 0.0000, 95, 78, 50
L 1472.79, 3321.15, 0.0000, 1382.25, 3357.00, 0.0000, 95, 78, 50
L 1382.25, 3357.00, 0.0000, 1291.71, 3332.77, 0.0000, 95, 78, 50
L 1291.71, 3332.77, 0.0000, 1201.17, 3357.00, 0.0000, 95, 78, 50
L 1201.17, 3357.00, 0.0000, 1110.63, 3320.26, 0.0000, 95, 78, 50
L 1110.63, 3320.26, 0.0000, 1020.10, 3357.00, 0.0000, 95, 78, 50
L 1020.10, 3357.00, 0.0000, 929.56, 3315.58, 0.0000, 95, 78, 50
L 929.56, 3315.58, 0.0000, 839.02, 3357.00, 0.0000, 95, 78, 50
L 839.02, 3357.00, 0.0000, 748.48, 3316.89, 0.0000, 95, 78, 50
L 748.48, 3316.89, 0.0000, 657.94, 3357.00, 0.0000, 95, 78, 50
L 657.94, 3357.00, 0.0000, 567.40, 3311.88, 0.0000, 95, 78, 50
L 567.40, 3311.88, 0.0000, 476.86, 3357.00, 0.0000, 95, 78, 50
L 476.86, 3357.00, 0.0000, 386.32, 3302.70, 0.0000, 95, 78, 50
L 386.32, 3302.70, 0.0000, 295.78, 3357.00, 0.0000, 95, 78, 50
L 295.78, 3357.00, 0.0000, 205.24, 3329.09, 0.0000, 95, 78, 50
L 205.24, 3329.09, 0.0000, 114.70, 3357.00, 0.0000, 95, 78, 50
L 114.70, 3357.00, 0.0000, 24.17, 3302.89, 0.0000, 95, 78, 50
L 24.17, 3302.89, 0.0000, -66.37, 3357.00, 0.0000, 95, 78, 50
L -66.37, 3357.00, 0.0000, -156.91, 3304.26, 0.0000, 95, 78, 50
L -156.91, 3304.26, 0.0000, -247.45, 3357.00, 0.0000, 95, 78, 50
L -247.45, 3357.00, 0.0000, -337.99, 3320.62, 0.0000, 95, 78, 50
L -337.99, 3320.62, 0.0000, -428.53, 3357.00, 0.0000, 95, 78, 50
L -428.53, 3357.00, 0.0000, -519.07, 3303.65, 0.0000, 95, 78, 50
L -519.07, 3303.65, 0.0000, -609.61, 3357.00, 0.0000, 95, 78, 50
L -609.61, 3357.00, 0.0000, -700.15, 3329.11, 0.0000, 95, 78, 50
L -700.15, 3329.11, 0.0000, -790.69, 3357.00, 0.0000, 95, 78, 50
L -790.69, 3357.00, 0.0000, -881.22, 3332.96, 0.0000, 95, 78, 50
L -881.22, 3332.96, 0.0000, -971.76, 3357.00, 0.0000, 95, 78, 50
L -971.76, 3357.00, 0.0000, -1062.30, 3303.59, 0.0000, 95, 78, 50
L -1062.30, 3303.59, 0.0000, -1152.84, 3357.00, 0.0000, 95, 78, 50
L -1152.84, 3357.00, 0.0000, -1243.38, 3328.49, 0.0000, 95, 78, 50
L -1243.38, 3328.49, 0.0000, -1333.92, 3357.00, 0.0000, 95, 78, 50
L -1333.92, 3357.00, 0.0000, -1424.46, 3316.90, 0.0000, 95, 78, 50
L -1424.46, 3316.90, 0.0000, -1515.00, 3357.00, 0.0000, 95, 78, 50
L -1515.00, 3357.00, 0.0000, -1605.54, 3314.15, 0.0000, 95, 78, 50
L -1605.54, 3314.15, 0.0000, -1696.08, 3357.00, 0.0000, 95, 78, 50
L -1696.08, 3357.00, 0.0000, -1786.62, 3312.47, 0.0000, 95, 78, 50
L -1786.62, 3312.47, 0.0000, -1877.15, 3357.00, 0.0000, 95, 78, 50
L -1877.15, 3357.00, 0.0000, -1967.69, 3317.21, 0.0000, 95, 78, 50
L -1967.69, 3317.21, 0.0000, -2058.23, 3357.00, 0.0000, 95, 78, 50
L -2058.23, 3357.00, 0.0000, -2148.77, 3324.04, 0.0000, 95, 78, 50
L -2148.77, 3324.04, 0.0000, -2239.31, 3357.00, 0.0000, 95, 78, 50
L -2239.31, 3357.00, 0.0000, -2329.85, 3320.14, 0.0000, 95, 78, 50
L -2329.85, 3320.14, 0.0000, -2420.39, 3357.00, 0.0000, 95, 78, 50
L -2420.39, 3357.00, 0.0000, -2510.93, 3330.15, 0.0000, 95, 78, 50
L -2510.93, 3330.15, 0.0000, -2601.47, 3357.00, 0.0000, 95, 78, 50
L -2601.47, 3357.00, 0.0000, -2692.01, 3312.27, 0.0000, 95, 78, 50
L -2692.01, 3312.27, 0.0000, -2782.54, 3357.00, 0.0000, 95, 78, 50
L -2782.54, 3357.00, 0.0000, -2873.08, 3324.34, 0.0000, 95, 78, 50
L -2873.08, 3324.34, 0.0000, -2963.62, 3357.00, 0.0000, 95, 78, 50
L -2963.62, 3357.00, 0.0000, -3054.16, 3308.57, 0.0000, 95, 78, 50
L -3054.16, 3308.57, 0.0000, -3144.70, 3357.00, 0.0000, 95, 78, 50
L -3144.70, 3357.00, 0.0000, -3235.24, 3329.27, 0.0000, 95, 78, 50
L -3235.24, 3329.27, 0.0000, -3325.78, 3357.00, 0.0000, 95, 78, 50
L -3325.78, 3357.00, 0.0000, -3416.32, 3321.09, 0.0000, 95, 78, 50
L -3416.32, 3321.09, 0.0000, -3506.86, 3357.00, 0.0000, 95, 78, 50
L -3506.86, 3357.00, 0.0000, -3597.40, 3306.30, 0.0000, 95, 78, 50
L -3597.40, 3306.30, 0.0000, -3687.94, 3357.00, 0.0000, 95, 78, 50
L -3687.94, 3357.00, 0.0000, -3778.47, 3326.59, 0.0000, 95, 78, 50
L -3778.47, 3326.59, 0.0000, -3869.01, 3357.00, 0.0000, 95, 78, 50
L -3869.01, 3357.00, 0.0000, -3959.55, 3310.08, 0.0000, 95, 78, 50
L -3959.55, 3310.08, 0.0000, -4050.09, 3357.00, 0.0000, 95, 78, 50
L -4050.09, 3357.00, 0.0000, -4140.63, 3330.88, 0.0000, 95, 78, 50
L -4140.63, 3330.88, 0.0000, -4231.17, 3357.00, 0.0000, 95, 78, 50
L -4231.17, 3357.00, 0.0000, -4321.71, 3317.53, 0.0000, 95, 78, 50
L -4321.71, 3317.53, 0.0000, -4412.25, 3357.00, 0.0000, 95, 78, 50
L -4412.25, 3357.00, 0.0000, -4502.79, 3326.33, 0.0000, 95, 78, 50
L -4502.79, 3326.33, 0.0000, -4593.33, 3357.00, 0.0000, 95, 78, 50
L -4593.33, 3357.00, 0.0000, -4683.87, 3309.95, 0.0000, 95, 78, 50
L -4683.87, 3309.95, 0.0000, -4774.40, 3357.00, 0.0000, 95, 78, 50
L -4774.40, 3357.00, 0.0000, -4864.94, 3315.29, 0.0000, 95, 78, 50
L -4864.94, 3315.29, 0.0000, -4955.48, 3357.00, 0.0000, 95, 78, 50
L -4955.48, 3357.00, 0.0000, -5046.02, 3302.27, 0.0000, 95, 78, 50
L -5046.02, 3302.27, 0.0000, -5136.56, 3357.00, 0.0000, 95, 78, 50
L -5136.56, 3357.00, 0.0000, -5227.10, 3310.23, 0.0000, 95, 78, 50
L -5227.10, 3357.00, 0.0000, -5205.33, 3266.09, 0.0000, 95, 78, 50
L -5205.33, 3266.09, 0.0000, -5227.10, 3175.18, 0.0000, 95, 78, 50
L -5227.10, 3175.18, 0.0000, -5184.23, 3084.27, 0.0000, 95, 78, 50
L -5184.23, 3084.27, 0.0000, -5227.10, 2993.37, 0.0000, 95, 78, 50
L -5227.10, 2993.37, 0.0000, -5192.79, 2902.46, 0.0000, 95, 78, 50
L -5192.79, 2902.46, 0.0000, -5227.10, 2811.55, 0.0000, 95, 78, 50
L -5227.10, 2811.55, 0.0000, -5175.74, 2720.64, 0.0000, 95, 78, 50
L -5175.74, 2720.64, 0.0000, -5227.10, 2629.73, 0.0000, 95, 78, 50
L -5227.10, 2629.73, 0.0000, -5207.03, 2538.82, 0.0000, 95, 78, 50
L -5207.03, 2538.82, 0.0000, -5227.10, 2447.92, 0.0000, 95, 78, 50
L -5227.10, 2447.92, 0.0000, -5177.30, 2357.01, 0.0000, 95, 78, 50
L -5177.30, 2357.01, 0.0000, -5227.10, 2266.10, 0.0000, 95, 78, 50
L -5227.10, 2266.10, 0.0000, -5198.28, 2175.19, 0.0000, 95, 78, 50
L -5198.28, 2175.19, 0.0000, -5227.10, 2084.28, 0.0000, 95, 78, 50
L -5227.10, 2084.28, 0.0000, -5175.19, 1993.37, 0.0000, 95, 78, 50
L -5175.19, 1993.37, 0.0000, -5227.10, 1902.46, 0.0000, 95, 78, 50
L -5227.10, 1902.46, 0.0000, -5185.43, 1811.56, 0.0000, 95, 78, 50
L -5185.43, 1811.56, 0.0000, -5227.10, 1720.65, 0.0000, 95, 78, 50
L -5227.10, 1720.65, 0.0000, -5178.70, 1629.74, 0.0000, 95, 78, 50
L -5178.70, 1629.74, 0.0000, -5227.10, 1538.83, 0.0000, 95, 78, 50
L -5227.10, 1538.83, 0.0000, -5182.70, 1447.92, 0.0000, 95, 78, 50
L -5182.70, 1447.92, 0.0000, -5227.10, 1357.01, 0.0000, 95, 78, 50
L -5227.10, 1357.01, 0.0000, -5198.31, 1266.10, 0.0000, 95, 78, 50
L -5198.31, 1266.10, 0.0000, -5227.10, 1175.20, 0.0000, 95, 78, 50
L -5227.10, 1175.20, 0.0000, -5196.84, 1084.29, 0.0000, 95, 78, 50
L -5196.84, 1084.29, 0.0000, -5227.10, 993.38, 0.0000, 95, 78, 50
L -5227.10, 993.38, 0.0000, -5190.58, 902.47, 0.0000, 95, 78, 50
L -5190.58, 902.47, 0.0000, -5227.10, 811.56, 0.0000, 95, 78, 50
L -5227.10, 811.56, 0.0000, -5182.83, 720.65, 0.0000, 95, 78, 50
L -5182.83, 720.65, 0.0000, -5227.10, 629.75, 0.0000, 95, 78, 50
L -5227.10, 629.75, 0.0000, -5204.45, 538.84, 0.0000, 95, 78, 50
L -5204.45, 538.84, 0.0000, -5227.10, 447.93, 0.0000, 95, 78, 50
L -5227.10, 447.93, 0.0000, -5195.61, 357.02, 0.0000, 95, 78, 50
L -5195.61, 357.02, 0.0000, -5227.10, 266.11, 0.0000, 95, 78, 50
L -5227.10, 266.11, 0.0000, -5180.48, 175.20, 0.0000, 95, 78, 50
L -5180.48, 175.20, 0.0000, -5227.10, 84.29, 0.0000, 95, 78, 50
L -5227.10, 84.29, 0.0000, -5202.03, -6.61, 0.0000, 95, 78, 50
L -5202.03, -6.61, 0.0000, -5227.10, -97.52, 0.0000, 95, 78, 50
L -5227.10, -97.52, 0.0000, -5203.80, -188.43, 0.0000, 95, 78, 50
L -5203.80, -188.43, 0.0000, -5227.10, -279.34, 0.0000, 95, 78, 50
L -5227.10, -279.34, 0.0000, -5206.40, -370.25, 0.0000, 95, 78, 50
L -5206.40, -370.25, 0.0000, -5227.10, -461.16, 0.0000, 95, 78, 50
L -5227.10, -461.16, 0.0000, -5189.20, -552.07, 0.0000, 95, 78, 50
L -5189.20, -552.07, 0.0000, -5227.10, -642.97, 0.0000, 95, 78, 50
L -5227.10, -642.97, 0.0000, -5178.83, -733.88, 0.0000, 95, 78, 50
L -5178.83, -733.88, 0.0000, -5227.10, -824.79, 0.0000, 95, 78, 50
L -5227.10, -824.79, 0.0000, -5198.02, -915.70, 0.0000, 95, 78, 50
L -5198.02, -915.70, 0.0000, -5227.10, -1006.61, 0.0000, 95, 78, 50
L -5227.10, -1006.61, 0.0000, -5182.26, -1097.52, 0.0000, 95, 78, 50
L -5182.26, -1097.52, 0.0000, -5227.10, -1188.42, 0.0000, 95, 78, 50
L -5227.10, -1188.42, 0.0000, -5188.93, -1279.33, 0.0000, 95, 78, 50
L -5188.93, -1279.33, 0.0000, -5227.10, -1370.24, 0.0000, 95, 78, 50
L -5227.10, -1370.24, 0.0000, -5172.20, -1461.15, 0.0000, 95, 78, 50
L -5172.20, -1461.15, 0.0000, -5227.10, -1552.06, 0.0000, 95, 78, 50
L -5227.10, -1552.06, 0.0000, -5205.49, -1642.97, 0.0000, 95, 78, 50
L -5205.49, -1642.97, 0.0000, -5227.10, -1733.88, 0.0000, 95, 78, 50
L -5227.10, -1733.88, 0.0000, -5194.90, -1824.78, 0.0000, 95, 78, 50
L -5194.90, -1824.78, 0.0000, -5227.10, -1915.69, 0.0000, 95, 78, 50
L -5227.10, -1915.69, 0.0000, -5181.26, -2006.60, 0.0000, 95, 78, 50
L -5181.26, -2006.60, 0.0000, -5227.10, -2097.51, 0.0000, 95, 78, 50
L -5227.10, -2097.51, 0.0000, -5176.43, -2188.42, 0.0000, 95, 78, 50
L -5176.43, -2188.42, 0.0000, -5227.10, -2279.33, 0.0000, 95, 78, 50
L -5182.10, -2234.33, 0.0000, -5060.33, -2216.62, 0.0000, 180, 160, 112
L -5060.33, -2216.62, 0.0000, -4938.56, -2234.33, 0.0000, 180, 160, 112
L -4938.56, -2234.33, 0.0000, -4816.79, -2213.18, 0.0000, 180, 160, 112
L -4816.79, -2213.18, 0.0000, -4695.02, -2234.33, 0.0000, 180, 160, 112
L -4695.02, -2234.33, 0.0000, -4573.26, -2205.95, 0.0000, 180, 160, 112
L -4573.26, -2205.95, 0.0000, -4451.49, -2234.33, 0.0000, 180, 160, 112
L -4451.49, -2234.33, 0.0000, -4329.72, -2204.68, 0.0000, 180, 160, 112
L -4329.72, -2204.68, 0.0000, -4207.95, -2234.33, 0.0000, 180, 160, 112
L -4207.95, -2234.33, 0.0000, -4086.18, -2217.63, 0.0000, 180, 160, 112
L -4086.18, -2217.63, 0.0000, -3964.41, -2234.33, 0.0000, 180, 160, 112
L -3964.41, -2234.33, 0.0000, -3842.64, -2214.24, 0.0000, 180, 160, 112
L -3842.64, -2214.24, 0.0000, -3720.87, -2234.33, 0.0000, 180, 160, 112
L -3720.87, -2234.33, 0.0000, -3599.11, -2211.04, 0.0000, 180, 160, 112
L -3599.11, -2211.04, 0.0000, -3477.34, -2234.33, 0.0000, 180, 160, 112
L -3477.34, -2234.33, 0.0000, -3355.57, -2222.64, 0.0000, 180, 160, 112
L -3355.57, -2222.64, 0.0000, -3233.80, -2234.33, 0.0000, 180, 160, 112
L -3233.80, -2234.33, 0.0000, -3112.03, -2214.83, 0.0000, 180, 160, 112
L -3112.03, -2214.83, 0.0000, -2990.26, -2234.33, 0.0000, 180, 160, 112
L -2990.26, -2234.33, 0.0000, -2868.49, -2214.12, 0.0000, 180, 160, 112
L -2868.49, -2214.12, 0.0000, -2746.73, -2234.33, 0.0000, 180, 160, 112
L -2746.73, -2234.33, 0.0000, -2624.96, -2219.25, 0.0000, 180, 160, 112
L -2624.96, -2219.25, 0.0000, -2503.19, -2234.33, 0.0000, 180, 160, 112
L -2503.19, -2234.33, 0.0000, -2381.42, -2214.27, 0.0000, 180, 160, 112
L -2381.42, -2214.27, 0.0000, -2259.65, -2234.33, 0.0000, 180, 160, 112
L -2259.65, -2234.33, 0.0000, -2137.88, -2208.00, 0.0000, 180, 160, 112
L -2137.88, -2208.00, 0.0000, -2016.11, -2234.33, 0.0000, 180, 160, 112
L -2016.11, -2234.33, 0.0000, -1894.34, -2222.72, 0.0000, 180, 160, 112
L -1894.34, -2222.72, 0.0000, -1772.58, -2234.33, 0.0000, 180, 160, 112
L -1772.58, -2234.33, 0.0000, -1650.81, -2224.59, 0.0000, 180, 160, 112
L -1650.81, -2224.59, 0.0000, -1529.04, -2234.33, 0.0000, 180, 160, 112
L -1529.04, -2234.33, 0.0000, -1407.27, -2205.49, 0.0000, 180, 160, 112
L -1407.27, -2205.49, 0.0000, -1285.50, -2234.33, 0.0000, 180, 160, 112
L -1285.50, -2234.33, 0.0000, -1163.73, -2210.65, 0.0000, 180, 160, 112
L -1163.73, -2210.65, 0.0000, -1041.96, -2234.33, 0.0000, 180, 160, 112
L -1041.96, -2234.33, 0.0000, -920.19, -2222.32, 0.0000, 180, 160, 112
L -920.19, -2222.32, 0.0000, -798.43, -2234.33, 0.0000, 180, 160, 112
L -798.43, -2234.33, 0.0000, -676.66, -2223.65, 0.0000, 180, 160, 112
L -676.66, -2223.65, 0.0000, -554.89, -2234.33, 0.0000, 180, 160, 112
L -554.89, -2234.33, 0.0000, -433.12, -2213.15, 0.0000, 180, 160, 112
L -433.12, -2213.15, 0.0000, -311.35, -2234.33, 0.0000, 180, 160, 112
L -311.35, -2234.33, 0.0000, -189.58, -2205.07, 0.0000, 180, 160, 112
L -189.58, -2205.07, 0.0000, -67.81, -2234.33, 0.0000, 180, 160, 112
L -67.81, -2234.33, 0.0000, 53.96, -2212.09, 0.0000, 180, 160, 112
L 53.96, -2212.09, 0.0000, 175.72, -2234.33, 0.0000, 180, 160, 112
L 175.72, -2234.33, 0.0000, 297.49, -2223.06, 0.0000, 180, 160, 112
L 297.49, -2223.06, 0.0000, 419.26, -2234.33, 0.0000, 180, 160, 112
L 419.26, -2234.33, 0.0000, 541.03, -2224.50, 0.0000, 180, 160, 112
L 541.03, -2224.50, 0.0000, 662.80, -2234.33, 0.0000, 180, 160, 112
L 662.80, -2234.33, 0.0000, 784.57, -2211.55, 0.0000, 180, 160, 112
L 784.57, -2211.55, 0.0000, 906.34, -2234.33, 0.0000, 180, 160, 112
L 906.34, -2234.33, 0.0000, 1028.11, -2217.81, 0.0000, 180, 160, 112
L 1028.11, -2217.81, 0.0000, 1149.87, -2234.33, 0.0000, 180, 160, 112
L 1149.87, -2234.33, 0.0000, 1271.64, -2211.67, 0.0000, 180, 160, 112
L 1271.64, -2211.67, 0.0000, 1393.41, -2234.33, 0.0000, 180, 160, 112
L 1393.41, -2234.33, 0.0000, 1515.18, -2221.76, 0.0000, 180, 160, 112
L 1515.18, -2221.76, 0.0000, 1636.95, -2234.33, 0.0000, 180, 160, 112
L 1636.95, -2234.33, 0.0000, 1758.72, -2217.66, 0.0000, 180, 160, 112
L 1758.72, -2217.66, 0.0000, 1880.49, -2234.33, 0.0000, 180, 160, 112
L 1880.49, -2234.33, 0.0000, 1864.21, -2113.75, 0.0000, 180, 160, 112
L 1864.21, -2113.75, 0.0000, 1880.49, -1993.18, 0.0000, 180, 160, 112
L 1880.49, -1993.18, 0.0000, 1854.52, -1872.61, 0.0000, 180, 160, 112
L 1854.52, -1872.61, 0.0000, 1880.49, -1752.04, 0.0000, 180, 160, 112
L 1880.49, -1752.04, 0.0000, 1858.28, -1631.47, 0.0000, 180, 160, 112
L 1858.28, -1631.47, 0.0000, 1880.49, -1510.89, 0.0000, 180, 160, 112
L 1880.49, -1510.89, 0.0000, 1868.53, -1390.32, 0.0000, 180, 160, 112
L 1868.53, -1390.32, 0.0000, 1880.49, -1269.75, 0.0000, 180, 160, 112
L 1880.49, -1269.75, 0.0000, 1852.78, -1149.18, 0.0000, 180, 160, 112
L 1852.78, -1149.18, 0.0000, 1880.49, -1028.60, 0.0000, 180, 160, 112
L 1880.49, -1028.60, 0.0000, 1870.80, -908.03, 0.0000, 180, 160, 112
L 1870.80, -908.03, 0.0000, 1880.49, -787.46, 0.0000, 180, 160, 112
L 1880.49, -787.46, 0.0000, 1863.92, -666.89, 0.0000, 180, 160, 112
L 1863.92, -666.89, 0.0000, 1880.49, -546.31, 0.0000, 180, 160, 112
L 1880.49, -546.31, 0.0000, 1859.69, -425.74, 0.0000, 180, 160, 112
L 1859.69, -425.74, 0.0000, 1880.49, -305.17, 0.0000, 180, 160, 112
L 1880.49, -305.17, 0.0000, 1857.90, -184.60, 0.0000, 180, 160, 112
L 1857.90, -184.60, 0.0000, 1880.49, -64.03, 0.0000, 180, 160, 112
L 1880.49, -64.03, 0.0000, 1855.04, 56.55, 0.0000, 180, 160, 112
L 1855.04, 56.55, 0.0000, 1880.49, 177.12, 0.0000, 180, 160, 112
L 1880.49, 177.12, 0.0000, 1859.22, 297.69, 0.0000, 180, 160, 112
L 1859.22, 297.69, 0.0000, 1880.49, 418.26, 0.0000, 180, 160, 112
L 1880.49, 418.26, 0.0000, 1853.82, 538.84, 0.0000, 180, 160, 112
L 1853.82, 538.84, 0.0000, 1880.49, 659.41, 0.0000, 180, 160, 112
L 1880.49, 659.41, 0.0000, 1853.42, 779.98, 0.0000, 180, 160, 112
L 1853.42, 779.98, 0.0000, 1880.49, 900.55, 0.0000, 180, 160, 112
L 1880.49, 900.55, 0.0000, 1858.27, 1021.13, 0.0000, 180, 160, 112
L 1858.27, 1021.13, 0.0000, 1880.49, 1141.70, 0.0000, 180, 160, 112
L 1880.49, 1141.70, 0.0000, 1857.76, 1262.27, 0.0000, 180, 160, 112
L 1857.76, 1262.27, 0.0000, 1880.49, 1382.84, 0.0000, 180, 160, 112
L 1880.49, 1382.84, 0.0000, 1859.34, 1503.42, 0.0000, 180, 160, 112
L 1859.34, 1503.42, 0.0000, 1880.49, 1623.99, 0.0000, 180, 160, 112
L 1880.49, 1623.99, 0.0000, 1863.90, 1744.56, 0.0000, 180, 160, 112
L 1863.90, 1744.56, 0.0000, 1880.49, 1865.13, 0.0000, 180, 160, 112
L 1880.49, 1865.13, 0.0000, 1861.90, 1985.70, 0.0000, 180, 160, 112
L 1861.90, 1985.70, 0.0000, 1880.49, 2106.28, 0.0000, 180, 160, 112
L 1880.49, 2106.28, 0.0000, 1863.43, 2226.85, 0.0000, 180, 160, 112
L 1863.43, 2226.85, 0.0000, 1880.49, 2347.42, 0.0000, 180, 160, 112
L 1880.49, 2347.42, 0.0000, 1856.59, 2467.99, 0.0000, 180, 160, 112
L 1856.59, 2467.99, 0.0000, 1880.49, 2588.57, 0.0000, 180, 160, 112
L 1880.49, 2588.57, 0.0000, 1868.42, 2709.14, 0.0000, 180, 160, 112
L 1868.42, 2709.14, 0.0000, 1880.49, 2829.71, 0.0000, 180, 160, 112
L 1880.49, 2829.71, 0.0000, 1869.63, 2950.28, 0.0000, 180, 160, 112
L 1869.63, 2950.28, 0.0000, 1880.49, 3070.86, 0.0000, 180, 160, 112
L 1880.49, 3070.86, 0.0000, 1855.55, 3191.43, 0.0000, 180, 160, 112
L 1855.55, 3191.43, 0.0000, 1880.49, 3312.00, 0.0000, 180, 160, 112
L 1880.49, 3312.00, 0.0000, 1758.72, 3297.68, 0.0000, 180, 160, 112
L 1758.72, 3297.68, 0.0000, 1636.95, 3312.00, 0.0000, 180, 160, 112
L 1636.95, 3312.00, 0.0000, 1515.18, 3298.86, 0.0000, 180, 160, 112
L 1515.18, 3298.86, 0.0000, 1393.41, 3312.00, 0.0000, 180, 160, 112
L 1393.41, 3312.00, 0.0000, 1271.64, 3302.23, 0.0000, 180, 160, 112
L 1271.64, 3302.23, 0.0000, 1149.87, 3312.00, 0.0000, 180, 160, 112
L 1149.87, 3312.00, 0.0000, 1028.11, 3298.55, 0.0000, 180, 160, 112
L 1028.11, 3298.55, 0.0000, 906.34, 3312.00, 0.0000, 180, 160, 112
L 906.34, 3312.00, 0.0000, 784.57, 3282.48, 0.0000, 180, 160, 112
L 784.57, 3282.48, 0.0000, 662.80, 3312.00, 0.0000, 180, 160, 112
L 662.80, 3312.00, 0.0000, 541.03, 3287.51, 0.0000, 180, 160, 112
L 541.03, 3287.51, 0.0000, 419.26, 3312.00, 0.0000, 180, 160, 112
L 419.26, 3312.00, 0.0000, 297.49, 3289.55, 0.0000, 180, 160, 112
L 297.49, 3289.55, 0.0000, 175.72, 3312.00, 0.0000, 180, 160, 112
L 175.72, 3312.00, 0.0000, 53.96, 3285.94, 0.0000, 180, 160, 112
L 53.96, 3285.94, 0.0000, -67.81, 3312.00, 0.0000, 180, 160, 112
L -67.81, 3312.00, 0.0000, -189.58, 3285.05, 0.0000, 180, 160, 112
L -189.58, 3285.05, 0.0000, -311.35, 3312.00, 0.0000, 180, 160, 112
L -311.35, 3312.00, 0.0000, -433.12, 3283.86, 0.0000, 180, 160, 112
L -433.12, 3283.86, 0.0000, -554.89, 3312.00, 0.0000, 180, 160, 112
L -554.89, 3312.00, 0.0000, -676.66, 3282.41, 0.0000, 180, 160, 112
L -676.66, 3282.41, 0.0000, -798.43, 3312.00, 0.0000, 180, 160, 112
L -798.43, 3312.00, 0.0000, -920.19, 3292.27, 0.0000, 180, 160, 112
L -920.19, 3292.27, 0.0000, -1041.96, 3312.00, 0.0000, 180, 160, 112
L -1041.96, 3312.00, 0.0000, -1163.73, 3282.29, 0.0000, 180, 160, 112
L -1163.73, 3282.29, 0.0000, -1285.50, 3312.00, 0.0000, 180, 160, 112
L -1285.50, 3312.00, 0.0000, -1407.27, 3282.38, 0.0000, 180, 160, 112
L -1407.27, 3282.38, 0.0000, -1529.04, 3312.00, 0.0000, 180, 160, 112
L -1529.04, 3312.00, 0.0000, -1650.81, 3294.07, 0.0000, 180, 160, 112
L -1650.81, 3294.07, 0.0000, -1772.58, 3312.00, 0.0000, 180, 160, 112
L -1772.58, 3312.00, 0.0000, -1894.34, 3299.94, 0.0000, 180, 160, 112
L -1894.34, 3299.94, 0.0000, -2016.11, 3312.00, 0.0000, 180, 160, 112
L -2016.11, 3312.00, 0.0000, -2137.88, 3283.02, 0.0000, 180, 160, 112
L -2137.88, 3283.02, 0.0000, -2259.65, 3312.00, 0.0000, 180, 160, 112
L -2259.65, 3312.00, 0.0000, -2381.42, 3295.73, 0.0000, 180, 160, 112
L -2381.42, 3295.73, 0.0000, -2503.19, 3312.00, 0.0000, 180, 160, 112
L -2503.19, 3312.00, 0.0000, -2624.96, 3289.21, 0.0000, 180, 160, 112
L -2624.96, 3289.21, 0.0000, -2746.73, 3312.00, 0.0000, 180, 160, 112
L -2746.73, 3312.00, 0.0000, -2868.49, 3288.43, 0.0000, 180, 160, 112
L -2868.49, 3288.43, 0.0000, -2990.26, 3312.00, 0.0000, 180, 160, 112
L -2990.26, 3312.00, 0.0000, -3112.03, 3302.42, 0.0000, 180, 160, 112
L -3112.03, 3302.42, 0.0000, -3233.80, 3312.00, 0.0000, 180, 160, 112
L -3233.80, 3312.00, 0.0000, -3355.57, 3292.75, 0.0000, 180, 160, 112
L -3355.57, 3292.75, 0.0000, -3477.34, 3312.00, 0.0000, 180, 160, 112
L -3477.34, 3312.00, 0.0000, -3599.11, 3298.26, 0.0000, 180, 160, 112
L -3599.11, 3298.26, 0.0000, -3720.87, 3312.00, 0.0000, 180, 160, 112
L -3720.87, 3312.00, 0.0000, -3842.64, 3288.45, 0.0000, 180, 160, 112
L -3842.64, 3288.45, 0.0000, -3964.41, 3312.00, 0.0000, 180, 160, 112
L -3964.41, 3312.00, 0.0000, -4086.18, 3292.03, 0.0000, 180, 160, 112
L -4086.18, 3292.03, 0.0000, -4207.95, 3312.00, 0.0000, 180, 160, 112
L -4207.95, 3312.00, 0.0000, -4329.72, 3294.47, 0.0000, 180, 160, 112
L -4329.72, 3294.47, 0.0000, -4451.49, 3312.00, 0.0000, 180, 160, 112
L -4451.49, 3312.00, 0.0000, -4573.26, 3288.45, 0.0000, 180, 160, 112
L -4573.26, 3288.45, 0.0000, -4695.02, 3312.00, 0.0000, 180, 160, 112
L -4695.02, 3312.00, 0.0000, -4816.79, 3299.03, 0.0000, 180, 160, 112
L -4816.79, 3299.03, 0.0000, -4938.56, 3312.00, 0.0000, 180, 160, 112
L -4938.56, 3312.00, 0.0000, -5060.33, 3289.24, 0.0000, 180, 160, 112
L -5060.33, 3289.24, 0.0000, -5182.10, 3312.00, 0.0000, 180, 160, 112
L -5182.10, 3312.00, 0.0000, -5154.90, 3191.43, 0.0000, 180, 160, 112
L -5154.90, 3191.43, 0.0000, -5182.10, 3070.86, 0.0000, 180, 160, 112
L -5182.10, 3070.86, 0.0000, -5162.72, 2950.28, 0.0000, 180, 160, 112
L -5162.72, 2950.28, 0.0000, -5182.10, 2829.71, 0.0000, 180, 160, 112
L -5182.10, 2829.71, 0.0000, -5166.50, 2709.14, 0.0000, 180, 160, 112
L -5166.50, 2709.14, 0.0000, -5182.10, 2588.57, 0.0000, 180, 160, 112
L -5182.10, 2588.57, 0.0000, -5171.37, 2467.99, 0.0000, 180, 160, 112
L -5171.37, 2467.99, 0.0000, -5182.10, 2347.42, 0.0000, 180, 160, 112
L -5182.10, 2347.42, 0.0000, -5162.47, 2226.85, 0.0000, 180, 160, 112
L -5162.47, 2226.85, 0.0000, -5182.10, 2106.28, 0.0000, 180, 160, 112
L -5182.10, 2106.28, 0.0000, -5158.74, 1985.70, 0.0000, 180, 160, 112
L -5158.74, 1985.70, 0.0000, -5182.10, 1865.13, 0.0000, 180, 160, 112
L -5182.10, 1865.13, 0.0000, -5154.84, 1744.56, 0.0000, 180, 160, 112
L -5154.84, 1744.56, 0.0000, -5182.10, 1623.99, 0.0000, 180, 160, 112
L -5182.10, 1623.99, 0.0000, -5160.13, 1503.42, 0.0000, 180, 160, 112
L -5160.13, 1503.42, 0.0000, -5182.10, 1382.84, 0.0000, 180, 160, 112
L -5182.10, 1382.84, 0.0000, -5163.25, 1262.27, 0.0000, 180, 160, 112
L -5163.25, 1262.27, 0.0000, -5182.10, 1141.70, 0.0000, 180, 160, 112
L -5182.10, 1141.70, 0.0000, -5156.37, 1021.13, 0.0000, 180, 160, 112
L -5156.37, 1021.13, 0.0000, -5182.10, 900.55, 0.0000, 180, 160, 112
L -5182.10, 900.55, 0.0000, -5169.70, 779.98, 0.0000, 180, 160, 112
L -5169.70, 779.98, 0.0000, -5182.10, 659.41, 0.0000, 180, 160, 112
L -5182.10, 659.41, 0.0000, -5168.46, 538.84, 0.0000, 180, 160, 112
L -5168.46, 538.84, 0.0000, -5182.10, 418.26, 0.0000, 180, 160, 112
L -5182.10, 418.26, 0.0000, -5160.55, 297.69, 0.0000, 180, 160, 112
L -5160.55, 297.69, 0.0000, -5182.10, 177.12, 0.0000, 180, 160, 112
L -5182.10, 177.12, 0.0000, -5158.66, 56.55, 0.0000, 180, 160, 112
L -5158.66, 56.55, 0.0000, -5182.10, -64.03, 0.0000, 180, 160, 112
L -5182.10, -64.03, 0.0000, -5167.50, -184.60, 0.0000, 180, 160, 112
L -5167.50, -184.60, 0.0000, -5182.10, -305.17, 0.0000, 180, 160, 112
L -5182.10, -305.17, 0.0000, -5152.25, -425.74, 0.0000, 180, 160, 112
L -5152.25, -425.74, 0.0000, -5182.10, -546.31, 0.0000, 180, 160, 112
L -5182.10, -546.31, 0.0000, -5168.13, -666.89, 0.0000, 180, 160, 112
L -5168.13, -666.89, 0.0000, -5182.10, -787.46, 0.0000, 180, 160, 112
L -5182.10, -787.46, 0.0000, -5155.46, -908.03, 0.0000, 180, 160, 112
L -5155.46, -908.03, 0.0000, -5182.10, -1028.60, 0.0000, 180, 160, 112
L -5182.10, -1028.60, 0.0000, -5164.72, -1149.18, 0.0000, 180, 160, 112
L -5164.72, -1149.18, 0.0000, -5182.10, -1269.75, 0.0000, 180, 160, 112
L -5182.10, -1269.75, 0.0000, -5170.61, -1390.32, 0.0000, 180, 160, 112
L -5170.61, -1390.32, 0.0000, -5182.10, -1510.89, 0.0000, 180, 160, 112
L -5182.10, -1510.89, 0.0000, -5155.10, -1631.47, 0.0000, 180, 160, 112
L -5155.10, -1631.47, 0.0000, -5182.10, -1752.04, 0.0000, 180, 160, 112
L -5182.10, -1752.04, 0.0000, -5163.72, -1872.61, 0.0000, 180, 160, 112
L -5163.72, -1872.61, 0.0000, -5182.10, -1993.18, 0.0000, 180, 160, 112
L -5182.10, -1993.18, 0.0000, -5162.86, -2113.75, 0.0000, 180, 160, 112
L -5162.86, -2113.75, 0.0000, -5182.10, -2234.33, 0.0000, 180, 160, 112
L -5042.23, -2234.33, 0.0000, -5050.03, -2260.33, 0.0000, 150, 145, 80
L -5031.83, -2234.33, 0.0000, -5031.83, -2260.33, 0.0000, 150, 145, 80
L -5021.43, -2234.33, 0.0000, -5013.63, -2260.33, 0.0000, 150, 145, 80
L -4891.96, -2234.33, 0.0000, -4899.76, -2260.33, 0.0000, 150, 145, 80
L -4881.56, -2234.33, 0.0000, -4881.56, -2260.33, 0.0000, 150, 145, 80
L -4871.16, -2234.33, 0.0000, -4863.36, -2260.33, 0.0000, 150, 145, 80
L -4741.70, -2234.33, 0.0000, -4749.50, -2260.33, 0.0000, 150, 145, 80
L -4731.30, -2234.33, 0.0000, -4731.30, -2260.33, 0.0000, 150, 145, 80
L -4720.90, -2234.33, 0.0000, -4713.10, -2260.33, 0.0000, 150, 145, 80
L -4591.43, -2234.33, 0.0000, -4599.23, -2260.33, 0.0000, 150, 145, 80
L -4581.03, -2234.33, 0.0000, -4581.03, -2260.33, 0.0000, 150, 145, 80
L -4570.63, -2234.33, 0.0000, -4562.83, -2260.33, 0.0000, 150, 145, 80
L -4441.16, -2234.33, 0.0000, -4448.96, -2260.33, 0.0000, 150, 145, 80
L -4430.76, -2234.33, 0.0000, -4430.76, -2260.33, 0.0000, 150, 145, 80
L -4420.36, -2234.33, 0.0000, -4412.56, -2260.33, 0.0000, 150, 145, 80
L -4290.89, -2234.33, 0.0000, -4298.69, -2260.33, 0.0000, 150, 145, 80
L -4280.49, -2234.33, 0.0000, -4280.49, -2260.33, 0.0000, 150, 145, 80
L -4270.09, -2234.33, 0.0000, -4262.29, -2260.33, 0.0000, 150, 145, 80
L -4140.63, -2234.33, 0.0000, -4148.43, -2260.33, 0.0000, 150, 145, 80
L -4130.23, -2234.33, 0.0000, -4130.23, -2260.33, 0.0000, 150, 145, 80
L -4119.83, -2234.33, 0.0000, -4112.03, -2260.33, 0.0000, 150, 145, 80
L -3990.36, -2234.33, 0.0000, -3998.16, -2260.33, 0.0000, 150, 145, 80
L -3979.96, -2234.33, 0.0000, -3979.96, -2260.33, 0.0000, 150, 145, 80
L -3969.56, -2234.33, 0.0000, -3961.76, -2260.33, 0.0000, 150, 145, 80
L -3840.09, -2234.33, 0.0000, -3847.89, -2260.33, 0.0000, 150, 145, 80
L -3829.69, -2234.33, 0.0000, -3829.69, -2260.33, 0.0000, 150, 145, 80
L -3819.29, -2234.33, 0.0000, -3811.49, -2260.33, 0.0000, 150, 145, 80
L -3689.82, -2234.33, 0.0000, -3697.62, -2260.33, 0.0000, 150, 145, 80
L -3679.42, -2234.33, 0.0000, -3679.42, -2260.33, 0.0000, 150, 145, 80
L -3669.02, -2234.33, 0.0000, -3661.22, -2260.33, 0.0000, 150, 145, 80
L -3539.55, -2234.33, 0.0000, -3547.35, -2260.33, 0.0000, 150, 145, 80
L -3529.15, -2234.33, 0.0000, -3529.15, -2260.33, 0.0000, 150, 145, 80
L -3518.75, -2234.33, 0.0000, -3510.95, -2260.33, 0.0000, 150, 145, 80
L -3389.29, -2234.33, 0.0000, -3397.09, -2260.33, 0.0000, 150, 145, 80
L -3378.89, -2234.33, 0.0000, -3378.89, -2260.33, 0.0000, 150, 145, 80
L -3368.49, -2234.33, 0.0000, -3360.69, -2260.33, 0.0000, 150, 145, 80
L -3239.02, -2234.33, 0.0000, -3246.82, -2260.33, 0.0000, 150, 145, 80
L -3228.62, -2234.33, 0.0000, -3228.62, -2260.33, 0.0000, 150, 145, 80
L -3218.22, -2234.33, 0.0000, -3210.42, -2260.33, 0.0000, 150, 145, 80
L -3088.75, -2234.33, 0.0000, -3096.55, -2260.33, 0.0000, 150, 145, 80
L -3078.35, -2234.33, 0.0000, -3078.35, -2260.33, 0.0000, 150, 145, 80
L -3067.95, -2234.33, 0.0000, -3060.15, -2260.33, 0.0000, 150, 145, 80
L -2938.48, -2234.33, 0.0000, -2946.28, -2260.33, 0.0000, 150, 145, 80
L -2928.08, -2234.33, 0.0000, -2928.08, -2260.33, 0.0000, 150, 145, 80
L -2917.68, -2234.33, 0.0000, -2909.88, -2260.33, 0.0000, 150, 145, 80
L -2788.22, -2234.33, 0.0000, -2796.02, -2260.33, 0.0000, 150, 145, 80
L -2777.82, -2234.33, 0.0000, -2777.82, -2260.33, 0.0000, 150, 145, 80
L -2767.42, -2234.33, 0.0000, -2759.62, -2260.33, 0.0000, 150, 145, 80
L -2637.95, -2234.33, 0.0000, -2645.75, -2260.33, 0.0000, 150, 145, 80
L -2627.55, -2234.33, 0.0000, -2627.55, -2260.33, 0.0000, 150, 145, 80
L -2617.15, -2234.33, 0.0000, -2609.35, -2260.33, 0.0000, 150, 145, 80
L -2487.68, -2234.33, 0.0000, -2495.48, -2260.33, 0.0000, 150, 145, 80
L -2477.28, -2234.33, 0.0000, -2477.28, -2260.33, 0.0000, 150, 145, 80
L -2466.88, -2234.33, 0.0000, -2459.08, -2260.33, 0.0000, 150, 145, 80
L -2337.41, -2234.33, 0.0000, -2345.21, -2260.33, 0.0000, 150, 145, 80
L -2327.01, -2234.33, 0.0000, -2327.01, -2260.33, 0.0000, 150, 145, 80
L -2316.61, -2234.33, 0.0000, -2308.81, -2260.33, 0.0000, 150, 145, 80
L -2187.14, -2234.33, 0.0000, -2194.94, -2260.33, 0.0000, 150, 145, 80
L -2176.74, -2234.33, 0.0000, -2176.74, -2260.33, 0.0000, 150, 145, 80
L -2166.34, -2234.33, 0.0000, -2158.54, -2260.33, 0.0000, 150, 145, 80
L -2036.88, -2234.33, 0.0000, -2044.68, -2260.33, 0.0000, 150, 145, 80
L -2026.48, -2234.33, 0.0000, -2026.48, -2260.33, 0.0000, 150, 145, 80
L -2016.08, -2234.33, 0.0000, -2008.28, -2260.33, 0.0000, 150, 145, 80
L -1886.61, -2234.33, 0.0000, -1894.41, -2260.33, 0.0000, 150, 145, 80
L -1876.21, -2234.33, 0.0000, -1876.21, -2260.33, 0.0000, 150, 145, 80
L -1865.81, -2234.33, 0.0000, -1858.01, -2260.33, 0.0000, 150, 145, 80
L -1736.34, -2234.33, 0.0000, -1744.14, -2260.33, 0.0000, 150, 145, 80
L -1725.94, -2234.33, 0.0000, -1725.94, -2260.33, 0.0000, 150, 145, 80
L -1715.54, -2234.33, 0.0000, -1707.74, -2260.33, 0.0000, 150, 145, 80
L -1586.07, -2234.33, 0.0000, -1593.87, -2260.33, 0.0000, 150, 145, 80
L -1575.67, -2234.33, 0.0000, -1575.67, -2260.33, 0.0000, 150, 145, 80
L -1565.27, -2234.33, 0.0000, -1557.47, -2260.33, 0.0000, 150, 145, 80
L -1435.81, -2234.33, 0.0000, -1443.61, -2260.33, 0.0000, 150, 145, 80
L -1425.41, -2234.33, 0.0000, -1425.41, -2260.33, 0.0000, 150, 145, 80
L -1415.01, -2234.33, 0.0000, -1407.21, -2260.33, 0.0000, 150, 145, 80
L -1285.54, -2234.33, 0.0000, -1293.34, -2260.33, 0.0000, 150, 145, 80
L -1275.14, -2234.33, 0.0000, -1275.14, -2260.33, 0.0000, 150, 145, 80
L -1264.74, -2234.33, 0.0000, -1256.94, -2260.33, 0.0000, 150, 145, 80
L -1135.27, -2234.33, 0.0000, -1143.07, -2260.33, 0.0000, 150, 145, 80
L -1124.87, -2234.33, 0.0000, -1124.87, -2260.33, 0.0000, 150, 145, 80
L -1114.47, -2234.33, 0.0000, -1106.67, -2260.33, 0.0000, 150, 145, 80
L -985.00, -2234.33, 0.0000, -992.80, -2260.33, 0.0000, 150, 145, 80
L -974.60, -2234.33, 0.0000, -974.60, -2260.33, 0.0000, 150, 145, 80
L -964.20, -2234.33, 0.0000, -956.40, -2260.33, 0.0000, 150, 145, 80
L -834.73, -2234.33, 0.0000, -842.53, -2260.33, 0.0000, 150, 145, 80
L -824.33, -2234.33, 0.0000, -824.33, -2260.33, 0.0000, 150, 145, 80
L -813.93, -2234.33, 0.0000, -806.13, -2260.33, 0.0000, 150, 145, 80
L -684.47, -2234.33, 0.0000, -692.27, -2260.33, 0.0000, 150, 145, 80
L -674.07, -2234.33, 0.0000, -674.07, -2260.33, 0.0000, 150, 145, 80
L -663.67, -2234.33, 0.0000, -655.87, -2260.33, 0.0000, 150, 145, 80
L -534.20, -2234.33, 0.0000, -542.00, -2260.33, 0.0000, 150, 145, 80
L -523.80, -2234.33, 0.0000, -523.80, -2260.33, 0.0000, 150, 145, 80
L -513.40, -2234.33, 0.0000, -505.60, -2260.33, 0.0000, 150, 145, 80
L -383.93, -2234.33, 0.0000, -391.73, -2260.33, 0.0000, 150, 145, 80
L -373.53, -2234.33, 0.0000, -373.53, -2260.33, 0.0000, 150, 145, 80
L -363.13, -2234.33, 0.0000, -355.33, -2260.33, 0.0000, 150, 145, 80
L -233.66, -2234.33, 0.0000, -241.46, -2260.33, 0.0000, 150, 145, 80
L -223.26, -2234.33, 0.0000, -223.26, -2260.33, 0.0000, 150, 145, 80
L -212.86, -2234.33, 0.0000, -205.06, -2260.33, 0.0000, 150, 145, 80
L -83.40, -2234.33, 0.0000, -91.20, -2260.33, 0.0000, 150, 145, 80
L -73.00, -2234.33, 0.0000, -73.00, -2260.33, 0.0000, 150, 145, 80
L -62.60, -2234.33, 0.0000, -54.80, -2260.33, 0.0000, 150, 145, 80
L 66.87, -2234.33, 0.0000, 59.07, -2260.33, 0.0000, 150, 145, 80
L 77.27, -2234.33, 0.0000, 77.27, -2260.33, 0.0000, 150, 145, 80
L 87.67, -2234.33, 0.0000, 95.47, -2260.33, 0.0000, 150, 145, 80
L 217.14, -2234.33, 0.0000, 209.34, -2260.33, 0.0000, 150, 145, 80
L 227.54, -2234.33, 0.0000, 227.54, -2260.33, 0.0000, 150, 145, 80
L 237.94, -2234.33, 0.0000, 245.74, -2260.33, 0.0000, 150, 145, 80
L 367.41, -2234.33, 0.0000, 359.61, -2260.33, 0.0000, 150, 145, 80
L 377.81, -2234.33, 0.0000, 377.81, -2260.33, 0.0000, 150, 145, 80
L 388.21, -2234.33, 0.0000, 396.01, -2260.33, 0.0000, 150, 145, 80
L 517.68, -2234.33, 0.0000, 509.88, -2260.33, 0.0000, 150, 145, 80
L 528.08, -2234.33, 0.0000, 528.08, -2260.33, 0.0000, 150, 145, 80
L 538.48, -2234.33, 0.0000, 546.28, -2260.33, 0.0000, 150, 145, 80
L 667.94, -2234.33, 0.0000, 660.14, -2260.33, 0.0000, 150, 145, 80
L 678.34, -2234.33, 0.0000, 678.34, -2260.33, 0.0000, 150, 145, 80
L 688.74, -2234.33, 0.0000, 696.54, -2260.33, 0.0000, 150, 145, 80
L 818.21, -2234.33, 0.0000, 810.41, -2260.33, 0.0000, 150, 145, 80
L 828.61, -2234.33, 0.0000, 828.61, -2260.33, 0.0000, 150, 145, 80
L 839.01, -2234.33, 0.0000, 846.81, -2260.33, 0.0000, 150, 145, 80
L 968.48, -2234.33, 0.0000, 960.68, -2260.33, 0.0000, 150, 145, 80
L 978.88, -2234.33, 0.0000, 978.88, -2260.33, 0.0000, 150, 145, 80
L 989.28, -2234.33, 0.0000, 997.08, -2260.33, 0.0000, 150, 145, 80
L 1118.75, -2234.33, 0.0000, 1110.95, -2260.33, 0.0000, 150, 145, 80
L 1129.15, -2234.33, 0.0000, 1129.15, -2260.33, 0.0000, 150, 145, 80
L 1139.55, -2234.33, 0.0000, 1147.35, -2260.33, 0.0000, 150, 145, 80
L 1269.01, -2234.33, 0.0000, 1261.21, -2260.33, 0.0000, 150, 145, 80
L 1279.41, -2234.33, 0.0000, 1279.41, -2260.33, 0.0000, 150, 145, 80
L 1289.81, -2234.33, 0.0000, 1297.61, -2260.33, 0.0000, 150, 145, 80
L 1419.28, -2234.33, 0.0000, 1411.48, -2260.33, 0.0000, 150, 145, 80
L 1429.68, -2234.33, 0.0000, 1429.68, -2260.33, 0.0000, 150, 145, 80
L 1440.08, -2234.33, 0.0000, 1447.88, -2260.33, 0.0000, 150, 145, 80
L 1569.55, -2234.33, 0.0000, 1561.75, -2260.33, 0.0000, 150, 145, 80
L 1579.95, -2234.33, 0.0000, 1579.95, -2260.33, 0.0000, 150, 145, 80
L 1590.35, -2234.33, 0.0000, 1598.15, -2260.33, 0.0000, 150, 145, 80
L 1719.82, -2234.33, 0.0000, 1712.02, -2260.33, 0.0000, 150, 145, 80
L 1730.22, -2234.33, 0.0000, 1730.22, -2260.33, 0.0000, 150, 145, 80
L 1740.62, -2234.33, 0.0000, 1748.42, -2260.33, 0.0000, 150, 145, 80
L -5042.23, 3312.00, 0.0000, -5050.03, 3338.00, 0.0000, 150, 145, 80
L -5031.83, 3312.00, 0.0000, -5031.83, 3338.00, 0.0000, 150, 145, 80
L -5021.43, 3312.00, 0.0000, -5013.63, 3338.00, 0.0000, 150, 145, 80
L -4891.96, 3312.00, 0.0000, -4899.76, 3338.00, 0.0000, 150, 145, 80
L -4881.56, 3312.00, 0.0000, -4881.56, 3338.00, 0.0000, 150, 145, 80
L -4871.16, 3312.00, 0.0000, -4863.36, 3338.00, 0.0000, 150, 145, 80
L -4741.70, 3312.00, 0.0000, -4749.50, 3338.00, 0.0000, 150, 145, 80
L -4731.30, 3312.00, 0.0000, -4731.30, 3338.00, 0.0000, 150, 145, 80
L -4720.90, 3312.00, 0.0000, -4713.10, 3338.00, 0.0000, 150, 145, 80
L -4591.43, 3312.00, 0.0000, -4599.23, 3338.00, 0.0000, 150, 145, 80
L -4581.03, 3312.00, 0.0000, -4581.03, 3338.00, 0.0000, 150, 145, 80
L -4570.63, 3312.00, 0.0000, -4562.83, 3338.00, 0.0000, 150, 145, 80
L -4441.16, 3312.00, 0.0000, -4448.96, 3338.00, 0.0000, 150, 145, 80
L -4430.76, 3312.00, 0.0000, -4430.76, 3338.00, 0.0000, 150, 145, 80
L -4420.36, 3312.00, 0.0000, -4412.56, 3338.00, 0.0000, 150, 145, 80
L -4290.89, 3312.00, 0.0000, -4298.69, 3338.00, 0.0000, 150, 145, 80
L -4280.49, 3312.00, 0.0000, -4280.49, 3338.00, 0.0000, 150, 145, 80
L -4270.09, 3312.00, 0.0000, -4262.29, 3338.00, 0.0000, 150, 145, 80
L -4140.63, 3312.00, 0.0000, -4148.43, 3338.00, 0.0000, 150, 145, 80
L -4130.23, 3312.00, 0.0000, -4130.23, 3338.00, 0.0000, 150, 145, 80
L -4119.83, 3312.00, 0.0000, -4112.03, 3338.00, 0.0000, 150, 145, 80
L -3990.36, 3312.00, 0.0000, -3998.16, 3338.00, 0.0000, 150, 145, 80
L -3979.96, 3312.00, 0.0000, -3979.96, 3338.00, 0.0000, 150, 145, 80
L -3969.56, 3312.00, 0.0000, -3961.76, 3338.00, 0.0000, 150, 145, 80
L -3840.09, 3312.00, 0.0000, -3847.89, 3338.00, 0.0000, 150, 145, 80
L -3829.69, 3312.00, 0.0000, -3829.69, 3338.00, 0.0000, 150, 145, 80
L -3819.29, 3312.00, 0.0000, -3811.49, 3338.00, 0.0000, 150, 145, 80
L -3689.82, 3312.00, 0.0000, -3697.62, 3338.00, 0.0000, 150, 145, 80
L -3679.42, 3312.00, 0.0000, -3679.42, 3338.00, 0.0000, 150, 145, 80
L -3669.02, 3312.00, 0.0000, -3661.22, 3338.00, 0.0000, 150, 145, 80
L -3539.55, 3312.00, 0.0000, -3547.35, 3338.00, 0.0000, 150, 145, 80
L -3529.15, 3312.00, 0.0000, -3529.15, 3338.00, 0.0000, 150, 145, 80
L -3518.75, 3312.00, 0.0000, -3510.95, 3338.00, 0.0000, 150, 145, 80
L -3389.29, 3312.00, 0.0000, -3397.09, 3338.00, 0.0000, 150, 145, 80
L -3378.89, 3312.00, 0.0000, -3378.89, 3338.00, 0.0000, 150, 145, 80
L -3368.49, 3312.00, 0.0000, -3360.69, 3338.00, 0.0000, 150, 145, 80
L -3239.02, 3312.00, 0.0000, -3246.82, 3338.00, 0.0000, 150, 145, 80
L -3228.62, 3312.00, 0.0000, -3228.62, 3338.00, 0.0000, 150, 145, 80
L -3218.22, 3312.00, 0.0000, -3210.42, 3338.00, 0.0000, 150, 145, 80
L -3088.75, 3312.00, 0.0000, -3096.55, 3338.00, 0.0000, 150, 145, 80
L -3078.35, 3312.00, 0.0000, -3078.35, 3338.00, 0.0000, 150, 145, 80
L -3067.95, 3312.00, 0.0000, -3060.15, 3338.00, 0.0000, 150, 145, 80
L -2938.48, 3312.00, 0.0000, -2946.28, 3338.00, 0.0000, 150, 145, 80
L -2928.08, 3312.00, 0.0000, -2928.08, 3338.00, 0.0000, 150, 145, 80
L -2917.68, 3312.00, 0.0000, -2909.88, 3338.00, 0.0000, 150, 145, 80
L -2788.22, 3312.00, 0.0000, -2796.02, 3338.00, 0.0000, 150, 145, 80
L -2777.82, 3312.00, 0.0000, -2777.82, 3338.00, 0.0000, 150, 145, 80
L -2767.42, 3312.00, 0.0000, -2759.62, 3338.00, 0.0000, 150, 145, 80
L -2637.95, 3312.00, 0.0000, -2645.75, 3338.00, 0.0000, 150, 145, 80
L -2627.55, 3312.00, 0.0000, -2627.55, 3338.00, 0.0000, 150, 145, 80
L -2617.15, 3312.00, 0.0000, -2609.35, 3338.00, 0.0000, 150, 145, 80
L -2487.68, 3312.00, 0.0000, -2495.48, 3338.00, 0.0000, 150, 145, 80
L -2477.28, 3312.00, 0.0000, -2477.28, 3338.00, 0.0000, 150, 145, 80
L -2466.88, 3312.00, 0.0000, -2459.08, 3338.00, 0.0000, 150, 145, 80
L -2337.41, 3312.00, 0.0000, -2345.21, 3338.00, 0.0000, 150, 145, 80
L -2327.01, 3312.00, 0.0000, -2327.01, 3338.00, 0.0000, 150, 145, 80
L -2316.61, 3312.00, 0.0000, -2308.81, 3338.00, 0.0000, 150, 145, 80
L -2187.14, 3312.00, 0.0000, -2194.94, 3338.00, 0.0000, 150, 145, 80
L -2176.74, 3312.00, 0.0000, -2176.74, 3338.00, 0.0000, 150, 145, 80
L -2166.34, 3312.00, 0.0000, -2158.54, 3338.00, 0.0000, 150, 145, 80
L -2036.88, 3312.00, 0.0000, -2044.68, 3338.00, 0.0000, 150, 145, 80
L -2026.48, 3312.00, 0.0000, -2026.48, 3338.00, 0.0000, 150, 145, 80
L -2016.08, 3312.00, 0.0000, -2008.28, 3338.00, 0.0000, 150, 145, 80
L -1886.61, 3312.00, 0.0000, -1894.41, 3338.00, 0.0000, 150, 145, 80
L -1876.21, 3312.00, 0.0000, -1876.21, 3338.00, 0.0000, 150, 145, 80
L -1865.81, 3312.00, 0.0000, -1858.01, 3338.00, 0.0000, 150, 145, 80
L -1736.34, 3312.00, 0.0000, -1744.14, 3338.00, 0.0000, 150, 145, 80
L -1725.94, 3312.00, 0.0000, -1725.94, 3338.00, 0.0000, 150, 145, 80
L -1715.54, 3312.00, 0.0000, -1707.74, 3338.00, 0.0000, 150, 145, 80
L -1586.07, 3312.00, 0.0000, -1593.87, 3338.00, 0.0000, 150, 145, 80
L -1575.67, 3312.00, 0.0000, -1575.67, 3338.00, 0.0000, 150, 145, 80
L -1565.27, 3312.00, 0.0000, -1557.47, 3338.00, 0.0000, 150, 145, 80
L -1435.81, 3312.00, 0.0000, -1443.61, 3338.00, 0.0000, 150, 145, 80
L -1425.41, 3312.00, 0.0000, -1425.41, 3338.00, 0.0000, 150, 145, 80
L -1415.01, 3312.00, 0.0000, -1407.21, 3338.00, 0.0000, 150, 145, 80
L -1285.54, 3312.00, 0.0000, -1293.34, 3338.00, 0.0000, 150, 145, 80
L -1275.14, 3312.00, 0.0000, -1275.14, 3338.00, 0.0000, 150, 145, 80
L -1264.74, 3312.00, 0.0000, -1256.94, 3338.00, 0.0000, 150, 145, 80
L -1135.27, 3312.00, 0.0000, -1143.07, 3338.00, 0.0000, 150, 145, 80
L -1124.87, 3312.00, 0.0000, -1124.87, 3338.00, 0.0000, 150, 145, 80
L -1114.47, 3312.00, 0.0000, -1106.67, 3338.00, 0.0000, 150, 145, 80
L -985.00, 3312.00, 0.0000, -992.80, 3338.00, 0.0000, 150, 145, 80
L -974.60, 3312.00, 0.0000, -974.60, 3338.00, 0.0000, 150, 145, 80
L -964.20, 3312.00, 0.0000, -956.40, 3338.00, 0.0000, 150, 145, 80
L -834.73, 3312.00, 0.0000, -842.53, 3338.00, 0.0000, 150, 145, 80
L -824.33, 3312.00, 0.0000, -824.33, 3338.00, 0.0000, 150, 145, 80
L -813.93, 3312.00, 0.0000, -806.13, 3338.00, 0.0000, 150, 145, 80
L -684.47, 3312.00, 0.0000, -692.27, 3338.00, 0.0000, 150, 145, 80
L -674.07, 3312.00, 0.0000, -674.07, 3338.00, 0.0000, 150, 145, 80
L -663.67, 3312.00, 0.0000, -655.87, 3338.00, 0.0000, 150, 145, 80
L -534.20, 3312.00, 0.0000, -542.00, 3338.00, 0.0000, 150, 145, 80
L -523.80, 3312.00, 0.0000, -523.80, 3338.00, 0.0000, 150, 145, 80
L -513.40, 3312.00, 0.0000, -505.60, 3338.00, 0.0000, 150, 145, 80
L -383.93, 3312.00, 0.0000, -391.73, 3338.00, 0.0000, 150, 145, 80
L -373.53, 3312.00, 0.0000, -373.53, 3338.00, 0.0000, 150, 145, 80
L -363.13, 3312.00, 0.0000, -355.33, 3338.00, 0.0000, 150, 145, 80
L -233.66, 3312.00, 0.0000, -241.46, 3338.00, 0.0000, 150, 145, 80
L -223.26, 3312.00, 0.0000, -223.26, 3338.00, 0.0000, 150, 145, 80
L -212.86, 3312.00, 0.0000, -205.06, 3338.00, 0.0000, 150, 145, 80
L -83.40, 3312.00, 0.0000, -91.20, 3338.00, 0.0000, 150, 145, 80
L -73.00, 3312.00, 0.0000, -73.00, 3338.00, 0.0000, 150, 145, 80
L -62.60, 3312.00, 0.0000, -54.80, 3338.00, 0.0000, 150, 145, 80
L 66.87, 3312.00, 0.0000, 59.07, 3338.00, 0.0000, 150, 145, 80
L 77.27, 3312.00, 0.0000, 77.27, 3338.00, 0.0000, 150, 145, 80
L 87.67, 3312.00, 0.0000, 95.47, 3338.00, 0.0000, 150, 145, 80
L 217.14, 3312.00, 0.0000, 209.34, 3338.00, 0.0000, 150, 145, 80
L 227.54, 3312.00, 0.0000, 227.54, 3338.00, 0.0000, 150, 145, 80
L 237.94, 3312.00, 0.0000, 245.74, 3338.00, 0.0000, 150, 145, 80
L 367.41, 3312.00, 0.0000, 359.61, 3338.00, 0.0000, 150, 145, 80
L 377.81, 3312.00, 0.0000, 377.81, 3338.00, 0.0000, 150, 145, 80
L 388.21, 3312.00, 0.0000, 396.01, 3338.00, 0.0000, 150, 145, 80
L 517.68, 3312.00, 0.0000, 509.88, 3338.00, 0.0000, 150, 145, 80
L 528.08, 3312.00, 0.0000, 528.08, 3338.00, 0.0000, 150, 145, 80
L 538.48, 3312.00, 0.0000, 546.28, 3338.00, 0.0000, 150, 145, 80
L 667.94, 3312.00, 0.0000, 660.14, 3338.00, 0.0000, 150, 145, 80
L 678.34, 3312.00, 0.0000, 678.34, 3338.00, 0.0000, 150, 145, 80
L 688.74, 3312.00, 0.0000, 696.54, 3338.00, 0.0000, 150, 145, 80
L 818.21, 3312.00, 0.0000, 810.41, 3338.00, 0.0000, 150, 145, 80
L 828.61, 3312.00, 0.0000, 828.61, 3338.00, 0.0000, 150, 145, 80
L 839.01, 3312.00, 0.0000, 846.81, 3338.00, 0.0000, 150, 145, 80
L 968.48, 3312.00, 0.0000, 960.68, 3338.00, 0.0000, 150, 145, 80
L 978.88, 3312.00, 0.0000, 978.88, 3338.00, 0.0000, 150, 145, 80
L 989.28, 3312.00, 0.0000, 997.08, 3338.00, 0.0000, 150, 145, 80
L 1118.75, 3312.00, 0.0000, 1110.95, 3338.00, 0.0000, 150, 145, 80
L 1129.15, 3312.00, 0.0000, 1129.15, 3338.00, 0.0000, 150, 145, 80
L 1139.55, 3312.00, 0.0000, 1147.35, 3338.00, 0.0000, 150, 145, 80
L 1269.01, 3312.00, 0.0000, 1261.21, 3338.00, 0.0000, 150, 145, 80
L 1279.41, 3312.00, 0.0000, 1279.41, 3338.00, 0.0000, 150, 145, 80
L 1289.81, 3312.00, 0.0000, 1297.61, 3338.00, 0.0000, 150, 145, 80
L 1419.28, 3312.00, 0.0000, 1411.48, 3338.00, 0.0000, 150, 145, 80
L 1429.68, 3312.00, 0.0000, 1429.68, 3338.00, 0.0000, 150, 145, 80
L 1440.08, 3312.00, 0.0000, 1447.88, 3338.00, 0.0000, 150, 145, 80
L 1569.55, 3312.00, 0.0000, 1561.75, 3338.00, 0.0000, 150, 145, 80
L 1579.95, 3312.00, 0.0000, 1579.95, 3338.00, 0.0000, 150, 145, 80
L 1590.35, 3312.00, 0.0000, 1598.15, 3338.00, 0.0000, 150, 145, 80
L 1719.82, 3312.00, 0.0000, 1712.02, 3338.00, 0.0000, 150, 145, 80
L 1730.22, 3312.00, 0.0000, 1730.22, 3338.00, 0.0000, 150, 145, 80
L 1740.62, 3312.00, 0.0000, 1748.42, 3338.00, 0.0000, 150, 145, 80
L -4954.24, -355.07, 0.0000, -4962.68, -383.20, 0.0000, 150, 145, 80
L -4942.99, -355.07, 0.0000, -4942.99, -383.20, 0.0000, 150, 145, 80
L -4931.74, -355.07, 0.0000, -4923.30, -383.20, 0.0000, 150, 145, 80
L -5033.06, 350.24, 0.0000, -5033.06, 243.69, 0.0000, 120, 88, 52
L -5039.06, 350.24, 0.0000, -5039.06, 243.69, 0.0000, 120, 88, 52
L -5036.06, 350.24, 0.0000, -5036.06, 243.69, 0.0000, 120, 88, 52
L -5089.34, 243.69, 0.0000, -4982.78, 243.69, 0.0000, 120, 120, 62
L -5089.34, 237.69, 0.0000, -4982.78, 237.69, 0.0000, 150, 145, 80
L -5079.22, 243.69, 0.0000, -5069.63, 224.51, 0.0000, 120, 120, 62
L -5061.96, 243.69, 0.0000, -5056.20, 224.51, 0.0000, 120, 120, 62
L -5044.69, 243.69, 0.0000, -5042.78, 224.51, 0.0000, 120, 120, 62
L -5027.43, 243.69, 0.0000, -5029.35, 224.51, 0.0000, 120, 120, 62
L -5010.17, 243.69, 0.0000, -5015.92, 224.51, 0.0000, 120, 120, 62
L -4992.91, 243.69, 0.0000, -5002.50, 224.51, 0.0000, 120, 120, 62
L -5034.81, 290.81, 0.0000, -5066.78, 242.85, 0.0000, 120, 88, 52
L -5037.31, 292.47, 0.0000, -5069.28, 244.52, 0.0000, 120, 88, 52
L -5036.06, 291.64, 0.0000, -5068.03, 243.69, 0.0000, 120, 88, 52
L -5034.81, 292.47, 0.0000, -5002.85, 244.52, 0.0000, 120, 88, 52
L -5037.31, 290.81, 0.0000, -5005.34, 242.85, 0.0000, 120, 88, 52
L -5036.06, 291.64, 0.0000, -5004.09, 243.69, 0.0000, 120, 88, 52
L -5014.13, 737.96, 0.0000, -5020.45, 716.92, 0.0000, 150, 145, 80
L -5005.72, 737.96, 0.0000, -5005.72, 716.92, 0.0000, 150, 145, 80
L -4997.30, 737.96, 0.0000, -4990.99, 716.92, 0.0000, 150, 145, 80
L -4949.34, 1143.34, 0.0000, -4957.39, 1116.52, 0.0000, 150, 145, 80
L -4938.61, 1143.34, 0.0000, -4938.61, 1116.52, 0.0000, 150, 145, 80
L -4927.89, 1143.34, 0.0000, -4919.84, 1116.52, 0.0000, 150, 145, 80
L -4911.98, 1837.08, 0.0000, -4920.62, 1808.28, 0.0000, 150, 145, 80
L -4900.46, 1837.08, 0.0000, -4900.46, 1808.28, 0.0000, 150, 145, 80
L -4888.94, 1837.08, 0.0000, -4880.30, 1808.28, 0.0000, 150, 145, 80
L -4813.64, 2907.39, 0.0000, -4821.91, 2879.82, 0.0000, 150, 145, 80
L -4802.61, 2907.39, 0.0000, -4802.61, 2879.82, 0.0000, 150, 145, 80
L -4791.58, 2907.39, 0.0000, -4783.31, 2879.82, 0.0000, 150, 145, 80
L -4423.39, -887.77, 0.0000, -4431.38, -914.41, 0.0000, 150, 145, 80
L -4412.73, -887.77, 0.0000, -4412.73, -914.41, 0.0000, 150, 145, 80
L -4402.08, -887.77, 0.0000, -4394.08, -914.41, 0.0000, 150, 145, 80
L -4512.78, 1835.93, 0.0000, -4522.54, 1803.37, 0.0000, 150, 145, 80
L -4499.76, 1835.93, 0.0000, -4499.76, 1803.37, 0.0000, 150, 145, 80
L -4486.74, 1835.93, 0.0000, -4476.97, 1803.37, 0.0000, 150, 145, 80
L -4378.05, 2314.94, 0.0000, -4386.60, 2286.45, 0.0000, 150, 145, 80
L -4366.65, 2314.94, 0.0000, -4366.65, 2286.45, 0.0000, 150, 145, 80
L -4355.26, 2314.94, 0.0000, -4346.71, 2286.45, 0.0000, 150, 145, 80
L -4241.01, 2789.36, 0.0000, -4250.01, 2759.36, 0.0000, 150, 145, 80
L -4229.01, 2789.36, 0.0000, -4229.01, 2759.36, 0.0000, 150, 145, 80
L -4217.01, 2789.36, 0.0000, -4208.01, 2759.36, 0.0000, 150, 145, 80
L -3851.38, -814.78, 0.0000, -3860.03, -843.60, 0.0000, 150, 145, 80
L -3839.86, -814.78, 0.0000, -3839.86, -843.60, 0.0000, 150, 145, 80
L -3828.33, -814.78, 0.0000, -3819.69, -843.60, 0.0000, 150, 145, 80
L -3980.47, -492.86, 0.0000, -3986.99, -514.59, 0.0000, 150, 145, 80
L -3971.78, -492.86, 0.0000, -3971.78, -514.59, 0.0000, 150, 145, 80
L -3963.08, -492.86, 0.0000, -3956.56, -514.59, 0.0000, 150, 145, 80
L -3874.32, 195.34, 0.0000, -3883.28, 165.46, 0.0000, 150, 145, 80
L -3862.36, 195.34, 0.0000, -3862.36, 165.46, 0.0000, 150, 145, 80
L -3850.41, 195.34, 0.0000, -3841.45, 165.46, 0.0000, 150, 145, 80
L -3770.66, 521.33, 0.0000, -3778.13, 496.45, 0.0000, 150, 145, 80
L -3760.71, 521.33, 0.0000, -3760.71, 496.45, 0.0000, 150, 145, 80
L -3750.76, 521.33, 0.0000, -3743.30, 496.45, 0.0000, 150, 145, 80
L -3862.44, 1236.77, 0.0000, -3870.89, 1208.60, 0.0000, 150, 145, 80
L -3851.17, 1236.77, 0.0000, -3851.17, 1208.60, 0.0000, 150, 145, 80
L -3839.91, 1236.77, 0.0000, -3831.46, 1208.60, 0.0000, 150, 145, 80
L -3913.16, 1668.94, 0.0000, -3919.61, 1647.46, 0.0000, 150, 145, 80
L -3904.57, 1668.94, 0.0000, -3904.57, 1647.46, 0.0000, 150, 145, 80
L -3895.97, 1668.94, 0.0000, -3889.53, 1647.46, 0.0000, 150, 145, 80
L -3870.52, 2275.02, 0.0000, -3876.94, 2253.61, 0.0000, 150, 145, 80
L -3861.96, 2275.02, 0.0000, -3861.96, 2253.61, 0.0000, 150, 145, 80
L -3853.39, 2275.02, 0.0000, -3846.97, 2253.61, 0.0000, 150, 145, 80
L -3409.10, -1382.09, 0.0000, -3418.00, -1411.75, 0.0000, 150, 145, 80
L -3397.24, -1382.09, 0.0000, -3397.24, -1411.75, 0.0000, 150, 145, 80
L -3385.38, -1382.09, 0.0000, -3376.48, -1411.75, 0.0000, 150, 145, 80
L -3231.49, -880.09, 0.0000, -3231.49, -1010.67, 0.0000, 120, 88, 52
L -3237.49, -880.09, 0.0000, -3237.49, -1010.67, 0.0000, 120, 88, 52
L -3234.49, -880.09, 0.0000, -3234.49, -1010.67, 0.0000, 120, 88, 52
L -3299.78, -1010.67, 0.0000, -3169.20, -1010.67, 0.0000, 120, 120, 62
L -3299.78, -1016.67, 0.0000, -3169.20, -1016.67, 0.0000, 150, 145, 80
L -3287.38, -1010.67, 0.0000, -3275.63, -1034.17, 0.0000, 120, 120, 62
L -3266.22, -1010.67, 0.0000, -3259.17, -1034.17, 0.0000, 120, 120, 62
L -3245.07, -1010.67, 0.0000, -3242.72, -1034.17, 0.0000, 120, 120, 62
L -3223.92, -1010.67, 0.0000, -3226.27, -1034.17, 0.0000, 120, 120, 62
L -3202.76, -1010.67, 0.0000, -3209.81, -1034.17, 0.0000, 120, 120, 62
L -3181.61, -1010.67, 0.0000, -3193.36, -1034.17, 0.0000, 120, 120, 62
L -3233.25, -952.74, 0.0000, -3272.42, -1011.50, 0.0000, 120, 88, 52
L -3235.74, -951.07, 0.0000, -3274.91, -1009.83, 0.0000, 120, 88, 52
L -3234.49, -951.91, 0.0000, -3273.67, -1010.67, 0.0000, 120, 88, 52
L -3233.25, -951.07, 0.0000, -3194.07, -1009.83, 0.0000, 120, 88, 52
L -3235.74, -952.74, 0.0000, -3196.57, -1011.50, 0.0000, 120, 88, 52
L -3234.49, -951.91, 0.0000, -3195.32, -1010.67, 0.0000, 120, 88, 52
L -3480.67, -502.61, 0.0000, -3487.43, -525.16, 0.0000, 150, 145, 80
L -3471.65, -502.61, 0.0000, -3471.65, -525.16, 0.0000, 150, 145, 80
L -3462.63, -502.61, 0.0000, -3455.87, -525.16, 0.0000, 150, 145, 80
L -3429.43, 192.51, 0.0000, -3438.24, 163.17, 0.0000, 150, 145, 80
L -3417.70, 192.51, 0.0000, -3417.70, 163.17, 0.0000, 150, 145, 80
L -3405.96, 192.51, 0.0000, -3397.16, 163.17, 0.0000, 150, 145, 80
L -3206.99, 1385.20, 0.0000, -3214.52, 1360.09, 0.0000, 150, 145, 80
L -3196.94, 1385.20, 0.0000, -3196.94, 1360.09, 0.0000, 150, 145, 80
L -3186.90, 1385.20, 0.0000, -3179.36, 1360.09, 0.0000, 150, 145, 80
L -3200.29, 2803.78, 0.0000, -3210.08, 2771.15, 0.0000, 150, 145, 80
L -3187.24, 2803.78, 0.0000, -3187.24, 2771.15, 0.0000, 150, 145, 80
L -3174.19, 2803.78, 0.0000, -3164.40, 2771.15, 0.0000, 150, 145, 80
L -2700.22, -1511.92, 0.0000, -2706.84, -1533.97, 0.0000, 150, 145, 80
L -2691.40, -1511.92, 0.0000, -2691.40, -1533.97, 0.0000, 150, 145, 80
L -2682.58, -1511.92, 0.0000, -2675.96, -1533.97, 0.0000, 150, 145, 80
L -2673.64, -909.90, 0.0000, -2681.49, -936.07, 0.0000, 150, 145, 80
L -2663.18, -909.90, 0.0000, -2663.18, -936.07, 0.0000, 150, 145, 80
L -2652.71, -909.90, 0.0000, -2644.86, -936.07, 0.0000, 150, 145, 80
L -2980.98, -370.31, 0.0000, -2989.07, -397.26, 0.0000, 150, 145, 80
L -2970.20, -370.31, 0.0000, -2970.20, -397.26, 0.0000, 150, 145, 80
L -2959.42, -370.31, 0.0000, -2951.33, -397.26, 0.0000, 150, 145, 80
L -2747.52, 102.20, 0.0000, -2757.63, 68.48, 0.0000, 150, 145, 80
L -2734.03, 102.20, 0.0000, -2734.03, 68.48, 0.0000, 150, 145, 80
L -2720.54, 102.20, 0.0000, -2710.43, 68.48, 0.0000, 150, 145, 80
L -2770.53, 1264.69, 0.0000, -2770.53, 1149.17, 0.0000, 120, 88, 52
L -2776.53, 1264.69, 0.0000, -2776.53, 1149.17, 0.0000, 120, 88, 52
L -2773.53, 1264.69, 0.0000, -2773.53, 1149.17, 0.0000, 120, 88, 52
L -2831.29, 1149.17, 0.0000, -2715.77, 1149.17, 0.0000, 120, 120, 62
L -2831.29, 1143.17, 0.0000, -2715.77, 1143.17, 0.0000, 150, 145, 80
L -2820.31, 1149.17, 0.0000, -2809.92, 1128.38, 0.0000, 120, 120, 62
L -2801.60, 1149.17, 0.0000, -2795.36, 1128.38, 0.0000, 120, 120, 62
L -2782.88, 1149.17, 0.0000, -2780.80, 1128.38, 0.0000, 120, 120, 62
L -2764.17, 1149.17, 0.0000, -2766.25, 1128.38, 0.0000, 120, 120, 62
L -2745.45, 1149.17, 0.0000, -2751.69, 1128.38, 0.0000, 120, 120, 62
L -2726.74, 1149.17, 0.0000, -2737.14, 1128.38, 0.0000, 120, 120, 62
L -2772.28, 1200.32, 0.0000, -2806.93, 1148.34, 0.0000, 120, 88, 52
L -2774.77, 1201.99, 0.0000, -2809.43, 1150.00, 0.0000, 120, 88, 52
L -2773.53, 1201.16, 0.0000, -2808.18, 1149.17, 0.0000, 120, 88, 52
L -2772.28, 1201.99, 0.0000, -2737.62, 1150.00, 0.0000, 120, 88, 52
L -2774.77, 1200.32, 0.0000, -2740.12, 1148.34, 0.0000, 120, 88, 52
L -2773.53, 1201.16, 0.0000, -2738.87, 1149.17, 0.0000, 120, 88, 52
L -2782.03, 2295.03, 0.0000, -2790.32, 2267.40, 0.0000, 150, 145, 80
L -2770.98, 2295.03, 0.0000, -2770.98, 2267.40, 0.0000, 150, 145, 80
L -2759.92, 2295.03, 0.0000, -2751.63, 2267.40, 0.0000, 150, 145, 80
L -2138.85, 304.11, 0.0000, -2148.70, 271.27, 0.0000, 150, 145, 80
L -2125.71, 304.11, 0.0000, -2125.71, 271.27, 0.0000, 150, 145, 80
L -2112.58, 304.11, 0.0000, -2102.72, 271.27, 0.0000, 150, 145, 80
L -2386.34, 736.64, 0.0000, -2394.10, 710.77, 0.0000, 150, 145, 80
L -2375.99, 736.64, 0.0000, -2375.99, 710.77, 0.0000, 150, 145, 80
L -2365.65, 736.64, 0.0000, -2357.89, 710.77, 0.0000, 150, 145, 80
L -2445.34, 1177.50, 0.0000, -2451.96, 1155.42, 0.0000, 150, 145, 80
L -2436.51, 1177.50, 0.0000, -2436.51, 1155.42, 0.0000, 150, 145, 80
L -2427.68, 1177.50, 0.0000, -2421.06, 1155.42, 0.0000, 150, 145, 80
L -2138.24, 1886.80, 0.0000, -2147.96, 1854.40, 0.0000, 150, 145, 80
L -2125.28, 1886.80, 0.0000, -2125.28, 1854.40, 0.0000, 150, 145, 80
L -2112.32, 1886.80, 0.0000, -2102.60, 1854.40, 0.0000, 150, 145, 80
L -2213.97, 2129.66, 0.0000, -2222.57, 2100.97, 0.0000, 150, 145, 80
L -2202.49, 2129.66, 0.0000, -2202.49, 2100.97, 0.0000, 150, 145, 80
L -2191.01, 2129.66, 0.0000, -2182.41, 2100.97, 0.0000, 150, 145, 80
L -1844.72, -1561.89, 0.0000, -1844.72, -1668.13, 0.0000, 120, 88, 52
L -1850.72, -1561.89, 0.0000, -1850.72, -1668.13, 0.0000, 120, 88, 52
L -1847.72, -1561.89, 0.0000, -1847.72, -1668.13, 0.0000, 120, 88, 52
L -1900.84, -1668.13, 0.0000, -1794.60, -1668.13, 0.0000, 120, 120, 62
L -1900.84, -1674.13, 0.0000, -1794.60, -1674.13, 0.0000, 150, 145, 80
L -1890.74, -1668.13, 0.0000, -1881.18, -1687.25, 0.0000, 120, 120, 62
L -1873.53, -1668.13, 0.0000, -1867.80, -1687.25, 0.0000, 120, 120, 62
L -1856.32, -1668.13, 0.0000, -1854.41, -1687.25, 0.0000, 120, 120, 62
L -1839.12, -1668.13, 0.0000, -1841.03, -1687.25, 0.0000, 120, 120, 62
L -1821.91, -1668.13, 0.0000, -1827.64, -1687.25, 0.0000, 120, 120, 62
L -1804.70, -1668.13, 0.0000, -1814.26, -1687.25, 0.0000, 120, 120, 62
L -1846.47, -1621.15, 0.0000, -1878.34, -1668.96, 0.0000, 120, 88, 52
L -1848.97, -1619.49, 0.0000, -1880.84, -1667.29, 0.0000, 120, 88, 52
L -1847.72, -1620.32, 0.0000, -1879.59, -1668.13, 0.0000, 120, 88, 52
L -1846.47, -1619.49, 0.0000, -1814.60, -1667.29, 0.0000, 120, 88, 52
L -1848.97, -1621.15, 0.0000, -1817.10, -1668.96, 0.0000, 120, 88, 52
L -1847.72, -1620.32, 0.0000, -1815.85, -1668.13, 0.0000, 120, 88, 52
L -1870.45, 1291.13, 0.0000, -1879.26, 1261.76, 0.0000, 150, 145, 80
L -1858.71, 1291.13, 0.0000, -1858.71, 1261.76, 0.0000, 150, 145, 80
L -1846.96, 1291.13, 0.0000, -1838.15, 1261.76, 0.0000, 150, 145, 80
L -1621.30, 1659.47, 0.0000, -1631.05, 1627.00, 0.0000, 150, 145, 80
L -1608.31, 1659.47, 0.0000, -1608.31, 1627.00, 0.0000, 150, 145, 80
L -1595.32, 1659.47, 0.0000, -1585.58, 1627.00, 0.0000, 150, 145, 80
L -1804.37, 2427.95, 0.0000, -1813.28, 2398.23, 0.0000, 150, 145, 80
L -1792.48, 2427.95, 0.0000, -1792.48, 2398.23, 0.0000, 150, 145, 80
L -1780.59, 2427.95, 0.0000, -1771.68, 2398.23, 0.0000, 150, 145, 80
L -1153.49, -1378.00, 0.0000, -1163.51, -1411.41, 0.0000, 150, 145, 80
L -1140.13, -1378.00, 0.0000, -1140.13, -1411.41, 0.0000, 150, 145, 80
L -1126.76, -1378.00, 0.0000, -1116.74, -1411.41, 0.0000, 150, 145, 80
L -1184.34, 343.77, 0.0000, -1184.34, 196.00, 0.0000, 120, 88, 52
L -1190.34, 343.77, 0.0000, -1190.34, 196.00, 0.0000, 120, 88, 52
L -1187.34, 343.77, 0.0000, -1187.34, 196.00, 0.0000, 120, 88, 52
L -1261.22, 196.00, 0.0000, -1113.46, 196.00, 0.0000, 120, 120, 62
L -1261.22, 190.00, 0.0000, -1113.46, 190.00, 0.0000, 150, 145, 80
L -1247.18, 196.00, 0.0000, -1233.88, 169.41, 0.0000, 120, 120, 62
L -1223.24, 196.00, 0.0000, -1215.27, 169.41, 0.0000, 120, 120, 62
L -1199.31, 196.00, 0.0000, -1196.65, 169.41, 0.0000, 120, 120, 62
L -1175.37, 196.00, 0.0000, -1178.03, 169.41, 0.0000, 120, 120, 62
L -1151.43, 196.00, 0.0000, -1159.41, 169.41, 0.0000, 120, 120, 62
L -1127.49, 196.00, 0.0000, -1140.79, 169.41, 0.0000, 120, 120, 62
L -1186.09, 261.66, 0.0000, -1230.42, 195.17, 0.0000, 120, 88, 52
L -1188.59, 263.33, 0.0000, -1232.92, 196.84, 0.0000, 120, 88, 52
L -1187.34, 262.50, 0.0000, -1231.67, 196.00, 0.0000, 120, 88, 52
L -1186.09, 263.33, 0.0000, -1141.76, 196.84, 0.0000, 120, 88, 52
L -1188.59, 261.66, 0.0000, -1144.26, 195.17, 0.0000, 120, 88, 52
L -1187.34, 262.50, 0.0000, -1143.01, 196.00, 0.0000, 120, 88, 52
L -1182.20, 701.67, 0.0000, -1182.20, 560.69, 0.0000, 120, 88, 52
L -1188.20, 701.67, 0.0000, -1188.20, 560.69, 0.0000, 120, 88, 52
L -1185.20, 701.67, 0.0000, -1185.20, 560.69, 0.0000, 120, 88, 52
L -1255.69, 560.69, 0.0000, -1114.71, 560.69, 0.0000, 120, 120, 62
L -1255.69, 554.69, 0.0000, -1114.71, 554.69, 0.0000, 150, 145, 80
L -1242.30, 560.69, 0.0000, -1229.61, 535.31, 0.0000, 120, 120, 62
L -1219.46, 560.69, 0.0000, -1211.84, 535.31, 0.0000, 120, 120, 62
L -1196.62, 560.69, 0.0000, -1194.08, 535.31, 0.0000, 120, 120, 62
L -1173.78, 560.69, 0.0000, -1176.32, 535.31, 0.0000, 120, 120, 62
L -1150.94, 560.69, 0.0000, -1158.55, 535.31, 0.0000, 120, 120, 62
L -1128.10, 560.69, 0.0000, -1140.79, 535.31, 0.0000, 120, 120, 62
L -1183.95, 623.30, 0.0000, -1226.25, 559.85, 0.0000, 120, 88, 52
L -1186.45, 624.96, 0.0000, -1228.74, 561.52, 0.0000, 120, 88, 52
L -1185.20, 624.13, 0.0000, -1227.49, 560.69, 0.0000, 120, 88, 52
L -1183.95, 624.96, 0.0000, -1141.66, 561.52, 0.0000, 120, 88, 52
L -1186.45, 623.30, 0.0000, -1144.15, 559.85, 0.0000, 120, 88, 52
L -1185.20, 624.13, 0.0000, -1142.90, 560.69, 0.0000, 120, 88, 52
L -1329.59, 1670.75, 0.0000, -1339.46, 1637.87, 0.0000, 150, 145, 80
L -1316.44, 1670.75, 0.0000, -1316.44, 1637.87, 0.0000, 150, 145, 80
L -1303.28, 1670.75, 0.0000, -1293.42, 1637.87, 0.0000, 150, 145, 80
L -1310.77, 2273.90, 0.0000, -1317.63, 2251.02, 0.0000, 150, 145, 80
L -1301.62, 2273.90, 0.0000, -1301.62, 2251.02, 0.0000, 150, 145, 80
L -1292.47, 2273.90, 0.0000, -1285.61, 2251.02, 0.0000, 150, 145, 80
L -1342.70, 2850.44, 0.0000, -1352.03, 2819.33, 0.0000, 150, 145, 80
L -1330.25, 2850.44, 0.0000, -1330.25, 2819.33, 0.0000, 150, 145, 80
L -1317.81, 2850.44, 0.0000, -1308.48, 2819.33, 0.0000, 150, 145, 80
L -601.75, -1392.55, 0.0000, -601.75, -1527.37, 0.0000, 120, 88, 52
L -607.75, -1392.55, 0.0000, -607.75, -1527.37, 0.0000, 120, 88, 52
L -604.75, -1392.55, 0.0000, -604.75, -1527.37, 0.0000, 120, 88, 52
L -672.15, -1527.37, 0.0000, -537.34, -1527.37, 0.0000, 120, 120, 62
L -672.15, -1533.37, 0.0000, -537.34, -1533.37, 0.0000, 150, 145, 80
L -659.35, -1527.37, 0.0000, -647.21, -1551.64, 0.0000, 120, 120, 62
L -637.51, -1527.37, 0.0000, -630.23, -1551.64, 0.0000, 120, 120, 62
L -615.67, -1527.37, 0.0000, -613.24, -1551.64, 0.0000, 120, 120, 62
L -593.83, -1527.37, 0.0000, -596.25, -1551.64, 0.0000, 120, 120, 62
L -571.98, -1527.37, 0.0000, -579.26, -1551.64, 0.0000, 120, 120, 62
L -550.14, -1527.37, 0.0000, -562.28, -1551.64, 0.0000, 120, 120, 62
L -603.50, -1467.54, 0.0000, -643.94, -1528.20, 0.0000, 120, 88, 52
L -605.99, -1465.87, 0.0000, -646.44, -1526.54, 0.0000, 120, 88, 52
L -604.75, -1466.70, 0.0000, -645.19, -1527.37, 0.0000, 120, 88, 52
L -603.50, -1465.87, 0.0000, -563.05, -1526.54, 0.0000, 120, 88, 52
L -605.99, -1467.54, 0.0000, -565.55, -1528.20, 0.0000, 120, 88, 52
L -604.75, -1466.70, 0.0000, -564.30, -1527.37, 0.0000, 120, 88, 52
L -790.70, -933.15, 0.0000, -800.43, -965.56, 0.0000, 150, 145, 80
L -777.73, -933.15, 0.0000, -777.73, -965.56, 0.0000, 150, 145, 80
L -764.77, -933.15, 0.0000, -755.04, -965.56, 0.0000, 150, 145, 80
L -794.92, -289.22, 0.0000, -804.92, -322.58, 0.0000, 150, 145, 80
L -781.57, -289.22, 0.0000, -781.57, -322.58, 0.0000, 150, 145, 80
L -768.23, -289.22, 0.0000, -758.22, -322.58, 0.0000, 150, 145, 80
L -833.26, 1151.98, 0.0000, -841.36, 1124.97, 0.0000, 150, 145, 80
L -822.45, 1151.98, 0.0000, -822.45, 1124.97, 0.0000, 150, 145, 80
L -811.65, 1151.98, 0.0000, -803.54, 1124.97, 0.0000, 150, 145, 80
L -755.14, 2092.64, 0.0000, -763.76, 2063.92, 0.0000, 150, 145, 80
L -743.66, 2092.64, 0.0000, -743.66, 2063.92, 0.0000, 150, 145, 80
L -732.17, 2092.64, 0.0000, -723.55, 2063.92, 0.0000, 150, 145, 80
L -143.07, -1297.36, 0.0000, -149.87, -1320.02, 0.0000, 150, 145, 80
L -134.01, -1297.36, 0.0000, -134.01, -1320.02, 0.0000, 150, 145, 80
L -124.94, -1297.36, 0.0000, -118.14, -1320.02, 0.0000, 150, 145, 80
L -166.85, -912.66, 0.0000, -175.04, -939.98, 0.0000, 150, 145, 80
L -155.92, -912.66, 0.0000, -155.92, -939.98, 0.0000, 150, 145, 80
L -145.00, -912.66, 0.0000, -136.81, -939.98, 0.0000, 150, 145, 80
L -75.88, -484.04, 0.0000, -75.88, -589.62, 0.0000, 120, 88, 52
L -81.88, -484.04, 0.0000, -81.88, -589.62, 0.0000, 120, 88, 52
L -78.88, -484.04, 0.0000, -78.88, -589.62, 0.0000, 120, 88, 52
L -131.67, -589.62, 0.0000, -26.09, -589.62, 0.0000, 120, 120, 62
L -131.67, -595.62, 0.0000, -26.09, -595.62, 0.0000, 150, 145, 80
L -121.64, -589.62, 0.0000, -112.13, -608.62, 0.0000, 120, 120, 62
L -104.53, -589.62, 0.0000, -98.83, -608.62, 0.0000, 120, 120, 62
L -87.43, -589.62, 0.0000, -85.53, -608.62, 0.0000, 120, 120, 62
L -70.33, -589.62, 0.0000, -72.23, -608.62, 0.0000, 120, 120, 62
L -53.22, -589.62, 0.0000, -58.92, -608.62, 0.0000, 120, 120, 62
L -36.12, -589.62, 0.0000, -45.62, -608.62, 0.0000, 120, 120, 62
L -77.63, -542.94, 0.0000, -109.30, -590.45, 0.0000, 120, 88, 52
L -80.13, -541.28, 0.0000, -111.80, -588.79, 0.0000, 120, 88, 52
L -78.88, -542.11, 0.0000, -110.55, -589.62, 0.0000, 120, 88, 52
L -77.63, -541.28, 0.0000, -45.96, -588.79, 0.0000, 120, 88, 52
L -80.13, -542.94, 0.0000, -48.45, -590.45, 0.0000, 120, 88, 52
L -78.88, -542.11, 0.0000, -47.21, -589.62, 0.0000, 120, 88, 52
L -161.87, 19.15, 0.0000, -171.45, -12.80, 0.0000, 150, 145, 80
L -149.09, 19.15, 0.0000, -149.09, -12.80, 0.0000, 150, 145, 80
L -136.32, 19.15, 0.0000, -126.74, -12.80, 0.0000, 150, 145, 80
L -209.72, 606.96, 0.0000, -209.72, 464.80, 0.0000, 120, 88, 52
L -215.72, 606.96, 0.0000, -215.72, 464.80, 0.0000, 120, 88, 52
L -212.72, 606.96, 0.0000, -212.72, 464.80, 0.0000, 120, 88, 52
L -283.80, 464.80, 0.0000, -141.64, 464.80, 0.0000, 120, 120, 62
L -283.80, 458.80, 0.0000, -141.64, 458.80, 0.0000, 150, 145, 80
L -270.29, 464.80, 0.0000, -257.50, 439.21, 0.0000, 120, 120, 62
L -247.26, 464.80, 0.0000, -239.59, 439.21, 0.0000, 120, 120, 62
L -224.24, 464.80, 0.0000, -221.68, 439.21, 0.0000, 120, 120, 62
L -201.21, 464.80, 0.0000, -203.77, 439.21, 0.0000, 120, 120, 62
L -178.18, 464.80, 0.0000, -185.85, 439.21, 0.0000, 120, 120, 62
L -155.15, 464.80, 0.0000, -167.94, 439.21, 0.0000, 120, 120, 62
L -211.47, 527.94, 0.0000, -254.12, 463.97, 0.0000, 120, 88, 52
L -213.97, 529.60, 0.0000, -256.62, 465.63, 0.0000, 120, 88, 52
L -212.72, 528.77, 0.0000, -255.37, 464.80, 0.0000, 120, 88, 52
L -211.47, 529.60, 0.0000, -168.83, 465.63, 0.0000, 120, 88, 52
L -213.97, 527.94, 0.0000, -171.32, 463.97, 0.0000, 120, 88, 52
L -212.72, 528.77, 0.0000, -170.07, 464.80, 0.0000, 120, 88, 52
L -199.78, 1329.43, 0.0000, -208.55, 1300.22, 0.0000, 150, 145, 80
L -188.10, 1329.43, 0.0000, -188.10, 1300.22, 0.0000, 150, 145, 80
L -176.42, 1329.43, 0.0000, -167.65, 1300.22, 0.0000, 150, 145, 80
L -368.99, 1653.50, 0.0000, -378.06, 1623.27, 0.0000, 150, 145, 80
L -356.89, 1653.50, 0.0000, -356.89, 1623.27, 0.0000, 150, 145, 80
L -344.80, 1653.50, 0.0000, -335.73, 1623.27, 0.0000, 150, 145, 80
L -64.22, 2389.61, 0.0000, -72.63, 2361.60, 0.0000, 150, 145, 80
L -53.02, 2389.61, 0.0000, -53.02, 2361.60, 0.0000, 150, 145, 80
L -41.82, 2389.61, 0.0000, -33.41, 2361.60, 0.0000, 150, 145, 80
L 118.02, -1411.58, 0.0000, 107.87, -1445.43, 0.0000, 150, 145, 80
L 131.56, -1411.58, 0.0000, 131.56, -1445.43, 0.0000, 150, 145, 80
L 145.10, -1411.58, 0.0000, 155.25, -1445.43, 0.0000, 150, 145, 80
L 350.23, -919.81, 0.0000, 341.40, -949.26, 0.0000, 150, 145, 80
L 362.01, -919.81, 0.0000, 362.01, -949.26, 0.0000, 150, 145, 80
L 373.79, -919.81, 0.0000, 382.62, -949.26, 0.0000, 150, 145, 80
L 442.23, -381.64, 0.0000, 435.10, -405.41, 0.0000, 150, 145, 80
L 451.74, -381.64, 0.0000, 451.74, -405.41, 0.0000, 150, 145, 80
L 461.25, -381.64, 0.0000, 468.38, -405.41, 0.0000, 150, 145, 80
L 137.82, 109.38, 0.0000, 128.71, 79.04, 0.0000, 150, 145, 80
L 149.96, 109.38, 0.0000, 149.96, 79.04, 0.0000, 150, 145, 80
L 162.09, 109.38, 0.0000, 171.20, 79.04, 0.0000, 150, 145, 80
L 271.16, 595.18, 0.0000, 261.70, 563.64, 0.0000, 150, 145, 80
L 283.78, 595.18, 0.0000, 283.78, 563.64, 0.0000, 150, 145, 80
L 296.40, 595.18, 0.0000, 305.86, 563.64, 0.0000, 150, 145, 80
L 428.45, 1785.21, 0.0000, 421.49, 1762.01, 0.0000, 150, 145, 80
L 437.73, 1785.21, 0.0000, 437.73, 1762.01, 0.0000, 150, 145, 80
L 447.01, 1785.21, 0.0000, 453.96, 1762.01, 0.0000, 150, 145, 80
L 430.61, 2099.20, 0.0000, 422.03, 2070.58, 0.0000, 150, 145, 80
L 442.06, 2099.20, 0.0000, 442.06, 2070.58, 0.0000, 150, 145, 80
L 453.51, 2099.20, 0.0000, 462.09, 2070.58, 0.0000, 150, 145, 80
L 191.56, 2749.67, 0.0000, 191.56, 2607.92, 0.0000, 120, 88, 52
L 185.56, 2749.67, 0.0000, 185.56, 2607.92, 0.0000, 120, 88, 52
L 188.56, 2749.67, 0.0000, 188.56, 2607.92, 0.0000, 120, 88, 52
L 117.69, 2607.92, 0.0000, 259.43, 2607.92, 0.0000, 120, 120, 62
L 117.69, 2601.92, 0.0000, 259.43, 2601.92, 0.0000, 150, 145, 80
L 131.15, 2607.92, 0.0000, 143.91, 2582.41, 0.0000, 120, 120, 62
L 154.11, 2607.92, 0.0000, 161.77, 2582.41, 0.0000, 120, 120, 62
L 177.08, 2607.92, 0.0000, 179.63, 2582.41, 0.0000, 120, 120, 62
L 200.04, 2607.92, 0.0000, 197.49, 2582.41, 0.0000, 120, 120, 62
L 223.00, 2607.92, 0.0000, 215.35, 2582.41, 0.0000, 120, 120, 62
L 245.97, 2607.92, 0.0000, 233.21, 2582.41, 0.0000, 120, 120, 62
L 189.81, 2670.88, 0.0000, 147.28, 2607.09, 0.0000, 120, 88, 52
L 187.31, 2672.54, 0.0000, 144.79, 2608.75, 0.0000, 120, 88, 52
L 188.56, 2671.71, 0.0000, 146.04, 2607.92, 0.0000, 120, 88, 52
L 189.81, 2672.54, 0.0000, 232.33, 2608.75, 0.0000, 120, 88, 52
L 187.31, 2670.88, 0.0000, 229.83, 2607.09, 0.0000, 120, 88, 52
L 188.56, 2671.71, 0.0000, 231.08, 2607.92, 0.0000, 120, 88, 52
L 652.53, -715.13, 0.0000, 646.20, -736.25, 0.0000, 150, 145, 80
L 660.98, -715.13, 0.0000, 660.98, -736.25, 0.0000, 150, 145, 80
L 669.43, -715.13, 0.0000, 675.77, -736.25, 0.0000, 150, 145, 80
L 942.05, -362.29, 0.0000, 935.07, -385.56, 0.0000, 150, 145, 80
L 951.36, -362.29, 0.0000, 951.36, -385.56, 0.0000, 150, 145, 80
L 960.67, -362.29, 0.0000, 967.65, -385.56, 0.0000, 150, 145, 80
L 711.74, 102.27, 0.0000, 702.18, 70.41, 0.0000, 150, 145, 80
L 724.49, 102.27, 0.0000, 724.49, 70.41, 0.0000, 150, 145, 80
L 737.23, 102.27, 0.0000, 746.79, 70.41, 0.0000, 150, 145, 80
L 831.54, 605.27, 0.0000, 823.82, 579.56, 0.0000, 150, 145, 80
L 841.82, 605.27, 0.0000, 841.82, 579.56, 0.0000, 150, 145, 80
L 852.10, 605.27, 0.0000, 859.82, 579.56, 0.0000, 150, 145, 80
L 783.43, 1809.92, 0.0000, 775.96, 1785.04, 0.0000, 150, 145, 80
L 793.38, 1809.92, 0.0000, 793.38, 1785.04, 0.0000, 150, 145, 80
L 803.34, 1809.92, 0.0000, 810.80, 1785.04, 0.0000, 150, 145, 80
L 810.08, 2245.15, 0.0000, 803.77, 2224.11, 0.0000, 150, 145, 80
L 818.49, 2245.15, 0.0000, 818.49, 2224.11, 0.0000, 150, 145, 80
L 826.90, 2245.15, 0.0000, 833.22, 2224.11, 0.0000, 150, 145, 80
L 770.08, 2741.73, 0.0000, 762.88, 2717.71, 0.0000, 150, 145, 80
L 779.69, 2741.73, 0.0000, 779.69, 2717.71, 0.0000, 150, 145, 80
L 789.30, 2741.73, 0.0000, 796.50, 2717.71, 0.0000, 150, 145, 80
L 1421.16, -1542.85, 0.0000, 1414.84, -1563.90, 0.0000, 150, 145, 80
L 1429.58, -1542.85, 0.0000, 1429.58, -1563.90, 0.0000, 150, 145, 80
L 1438.00, -1542.85, 0.0000, 1444.32, -1563.90, 0.0000, 150, 145, 80
L 1362.72, -761.64, 0.0000, 1356.58, -782.10, 0.0000, 150, 145, 80
L 1370.90, -761.64, 0.0000, 1370.90, -782.10, 0.0000, 150, 145, 80
L 1379.08, -761.64, 0.0000, 1385.22, -782.10, 0.0000, 150, 145, 80
L 1370.86, -451.74, 0.0000, 1362.79, -478.66, 0.0000, 150, 145, 80
L 1381.62, -451.74, 0.0000, 1381.62, -478.66, 0.0000, 150, 145, 80
L 1392.39, -451.74, 0.0000, 1400.46, -478.66, 0.0000, 150, 145, 80
L 1184.54, 192.59, 0.0000, 1177.21, 168.17, 0.0000, 150, 145, 80
L 1194.30, 192.59, 0.0000, 1194.30, 168.17, 0.0000, 150, 145, 80
L 1204.07, 192.59, 0.0000, 1211.39, 168.17, 0.0000, 150, 145, 80
L 1463.05, 672.66, 0.0000, 1453.51, 640.87, 0.0000, 150, 145, 80
L 1475.76, 672.66, 0.0000, 1475.76, 640.87, 0.0000, 150, 145, 80
L 1488.48, 672.66, 0.0000, 1498.02, 640.87, 0.0000, 150, 145, 80
L 1218.62, 1175.58, 0.0000, 1211.37, 1151.41, 0.0000, 150, 145, 80
L 1228.29, 1175.58, 0.0000, 1228.29, 1151.41, 0.0000, 150, 145, 80
L 1237.96, 1175.58, 0.0000, 1245.21, 1151.41, 0.0000, 150, 145, 80
L 1301.06, 2148.41, 0.0000, 1294.45, 2126.38, 0.0000, 150, 145, 80
L 1309.87, 2148.41, 0.0000, 1309.87, 2126.38, 0.0000, 150, 145, 80
L 1318.68, 2148.41, 0.0000, 1325.29, 2126.38, 0.0000, 150, 145, 80
L 1504.70, 2626.39, 0.0000, 1494.82, 2593.45, 0.0000, 150, 145, 80
L 1517.88, 2626.39, 0.0000, 1517.88, 2593.45, 0.0000, 150, 145, 80
L 1531.06, 2626.39, 0.0000, 1540.94, 2593.45, 0.0000, 150, 145, 80
L -4250.00, -1539.33, 0.0000, -4250.00, 3177.00, 0.0000, 160, 148, 116
L -3400.00, -1539.33, 0.0000, -3400.00, 3177.00, 0.0000, 160, 148, 116
L -2550.00, -1539.33, 0.0000, -2550.00, 3177.00, 0.0000, 160, 148, 116
L -1700.00, -1539.33, 0.0000, -1700.00, 3177.00, 0.0000, 160, 148, 116
L -850.00, -1539.33, 0.0000, -850.00, 3177.00, 0.0000, 160, 148, 116
L 0.00, -1539.33, 0.0000, 0.00, 3177.00, 0.0000, 160, 148, 116
L 850.00, -1539.33, 0.0000, 850.00, 3177.00, 0.0000, 160, 148, 116
L 1700.00, -1539.33, 0.0000, 1700.00, 3177.00, 0.0000, 160, 148, 116
L -5047.10, -850.00, 0.0000, 1745.49, -850.00, 0.0000, 160, 148, 116
L -5047.10, 0.00, 0.0000, 1745.49, 0.00, 0.0000, 160, 148, 116
L -5047.10, 850.00, 0.0000, 1745.49, 850.00, 0.0000, 160, 148, 116
L -5047.10, 1700.00, 0.0000, 1745.49, 1700.00, 0.0000, 160, 148, 116
L -5047.10, 2550.00, 0.0000, 1745.49, 2550.00, 0.0000, 160, 148, 116
L -2565.06, -2069.33, 0.0000, -2613.36, -2129.33, 0.0000, 160, 140, 95
L -2557.06, -2059.33, 0.0000, -2605.36, -2119.33, 0.0000, 95, 78, 50
L -2613.36, -2129.33, 0.0000, -2712.06, -2129.33, 0.0000, 160, 140, 95
L -2605.36, -2119.33, 0.0000, -2704.06, -2119.33, 0.0000, 95, 78, 50
L -2712.06, -2129.33, 0.0000, -2764.56, -2045.33, 0.0000, 160, 140, 95
L -2704.06, -2119.33, 0.0000, -2756.56, -2035.33, 0.0000, 95, 78, 50
L -2764.56, -2045.33, 0.0000, -2764.56, -1913.33, 0.0000, 160, 140, 95
L -2756.56, -2035.33, 0.0000, -2756.56, -1903.33, 0.0000, 95, 78, 50
L -2764.56, -1913.33, 0.0000, -2712.06, -1829.33, 0.0000, 160, 140, 95
L -2756.56, -1903.33, 0.0000, -2704.06, -1819.33, 0.0000, 95, 78, 50
L -2712.06, -1829.33, 0.0000, -2613.36, -1829.33, 0.0000, 160, 140, 95
L -2704.06, -1819.33, 0.0000, -2605.36, -1819.33, 0.0000, 95, 78, 50
L -2613.36, -1829.33, 0.0000, -2565.06, -1889.33, 0.0000, 160, 140, 95
L -2605.36, -1819.33, 0.0000, -2557.06, -1879.33, 0.0000, 95, 78, 50
L -2458.36, -1829.33, 0.0000, -2340.76, -1829.33, 0.0000, 160, 140, 95
L -2450.36, -1819.33, 0.0000, -2332.76, -1819.33, 0.0000, 95, 78, 50
L -2340.76, -1829.33, 0.0000, -2294.56, -1919.33, 0.0000, 160, 140, 95
L -2332.76, -1819.33, 0.0000, -2286.56, -1909.33, 0.0000, 95, 78, 50
L -2294.56, -1919.33, 0.0000, -2294.56, -2039.33, 0.0000, 160, 140, 95
L -2286.56, -1909.33, 0.0000, -2286.56, -2029.33, 0.0000, 95, 78, 50
L -2294.56, -2039.33, 0.0000, -2340.76, -2129.33, 0.0000, 160, 140, 95
L -2286.56, -2029.33, 0.0000, -2332.76, -2119.33, 0.0000, 95, 78, 50
L -2340.76, -2129.33, 0.0000, -2458.36, -2129.33, 0.0000, 160, 140, 95
L -2332.76, -2119.33, 0.0000, -2450.36, -2119.33, 0.0000, 95, 78, 50
L -2458.36, -2129.33, 0.0000, -2504.56, -2039.33, 0.0000, 160, 140, 95
L -2450.36, -2119.33, 0.0000, -2496.56, -2029.33, 0.0000, 95, 78, 50
L -2504.56, -2039.33, 0.0000, -2504.56, -1919.33, 0.0000, 160, 140, 95
L -2496.56, -2029.33, 0.0000, -2496.56, -1909.33, 0.0000, 95, 78, 50
L -2504.56, -1919.33, 0.0000, -2458.36, -1829.33, 0.0000, 160, 140, 95
L -2496.56, -1909.33, 0.0000, -2450.36, -1819.33, 0.0000, 95, 78, 50
L -2244.56, -1829.33, 0.0000, -2244.56, -2129.33, 0.0000, 160, 140, 95
L -2236.56, -1819.33, 0.0000, -2236.56, -2119.33, 0.0000, 95, 78, 50
L -2244.56, -2129.33, 0.0000, -2139.56, -1955.33, 0.0000, 160, 140, 95
L -2236.56, -2119.33, 0.0000, -2131.56, -1945.33, 0.0000, 95, 78, 50
L -2139.56, -1955.33, 0.0000, -2034.56, -2129.33, 0.0000, 160, 140, 95
L -2131.56, -1945.33, 0.0000, -2026.56, -2119.33, 0.0000, 95, 78, 50
L -2034.56, -2129.33, 0.0000, -2034.56, -1829.33, 0.0000, 160, 140, 95
L -2026.56, -2119.33, 0.0000, -2026.56, -1819.33, 0.0000, 95, 78, 50
L -1984.56, -1829.33, 0.0000, -1984.56, -2129.33, 0.0000, 160, 140, 95
L -1976.56, -1819.33, 0.0000, -1976.56, -2119.33, 0.0000, 95, 78, 50
L -1984.56, -2129.33, 0.0000, -1879.56, -1955.33, 0.0000, 160, 140, 95
L -1976.56, -2119.33, 0.0000, -1871.56, -1945.33, 0.0000, 95, 78, 50
L -1879.56, -1955.33, 0.0000, -1774.56, -2129.33, 0.0000, 160, 140, 95
L -1871.56, -1945.33, 0.0000, -1766.56, -2119.33, 0.0000, 95, 78, 50
L -1774.56, -2129.33, 0.0000, -1774.56, -1829.33, 0.0000, 160, 140, 95
L -1766.56, -2119.33, 0.0000, -1766.56, -1819.33, 0.0000, 95, 78, 50
L -1678.36, -1829.33, 0.0000, -1560.76, -1829.33, 0.0000, 160, 140, 95
L -1670.36, -1819.33, 0.0000, -1552.76, -1819.33, 0.0000, 95, 78, 50
L -1560.76, -1829.33, 0.0000, -1514.56, -1919.33, 0.0000, 160, 140, 95
L -1552.76, -1819.33, 0.0000, -1506.56, -1909.33, 0.0000, 95, 78, 50
L -1514.56, -1919.33, 0.0000, -1514.56, -2039.33, 0.0000, 160, 140, 95
L -1506.56, -1909.33, 0.0000, -1506.56, -2029.33, 0.0000, 95, 78, 50
L -1514.56, -2039.33, 0.0000, -1560.76, -2129.33, 0.0000, 160, 140, 95
L -1506.56, -2029.33, 0.0000, -1552.76, -2119.33, 0.0000, 95, 78, 50
L -1560.76, -2129.33, 0.0000, -1678.36, -2129.33, 0.0000, 160, 140, 95
L -1552.76, -2119.33, 0.0000, -1670.36, -2119.33, 0.0000, 95, 78, 50
L -1678.36, -2129.33, 0.0000, -1724.56, -2039.33, 0.0000, 160, 140, 95
L -1670.36, -2119.33, 0.0000, -1716.56, -2029.33, 0.0000, 95, 78, 50
L -1724.56, -2039.33, 0.0000, -1724.56, -1919.33, 0.0000, 160, 140, 95
L -1716.56, -2029.33, 0.0000, -1716.56, -1909.33, 0.0000, 95, 78, 50
L -1724.56, -1919.33, 0.0000, -1678.36, -1829.33, 0.0000, 160, 140, 95
L -1716.56, -1909.33, 0.0000, -1670.36, -1819.33, 0.0000, 95, 78, 50
L -1464.56, -1829.33, 0.0000, -1464.56, -2129.33, 0.0000, 160, 140, 95
L -1456.56, -1819.33, 0.0000, -1456.56, -2119.33, 0.0000, 95, 78, 50
L -1464.56, -2129.33, 0.0000, -1254.56, -1829.33, 0.0000, 160, 140, 95
L -1456.56, -2119.33, 0.0000, -1246.56, -1819.33, 0.0000, 95, 78, 50
L -1254.56, -1829.33, 0.0000, -1254.56, -2129.33, 0.0000, 160, 140, 95
L -1246.56, -1819.33, 0.0000, -1246.56, -2119.33, 0.0000, 95, 78, 50
L -1204.56, -2129.33, 0.0000, -1204.56, -1829.33, 0.0000, 160, 140, 95
L -1196.56, -2119.33, 0.0000, -1196.56, -1819.33, 0.0000, 95, 78, 50
L -1204.56, -1829.33, 0.0000, -1032.36, -1829.33, 0.0000, 160, 140, 95
L -1196.56, -1819.33, 0.0000, -1024.36, -1819.33, 0.0000, 95, 78, 50
L -944.56, -1829.33, 0.0000, -839.56, -2129.33, 0.0000, 160, 140, 95
L -936.56, -1819.33, 0.0000, -831.56, -2119.33, 0.0000, 95, 78, 50
L -839.56, -2129.33, 0.0000, -734.56, -1829.33, 0.0000, 160, 140, 95
L -831.56, -2119.33, 0.0000, -726.56, -1819.33, 0.0000, 95, 78, 50
L -898.36, -1949.33, 0.0000, -780.76, -1949.33, 0.0000, 160, 140, 95
L -890.36, -1939.33, 0.0000, -772.76, -1939.33, 0.0000, 95, 78, 50
L -684.56, -1829.33, 0.0000, -684.56, -2129.33, 0.0000, 160, 140, 95
L -676.56, -1819.33, 0.0000, -676.56, -2119.33, 0.0000, 95, 78, 50
L -684.56, -2129.33, 0.0000, -474.56, -1829.33, 0.0000, 160, 140, 95
L -676.56, -2119.33, 0.0000, -466.56, -1819.33, 0.0000, 95, 78, 50
L -474.56, -1829.33, 0.0000, -474.56, -2129.33, 0.0000, 160, 140, 95
L -466.56, -1819.33, 0.0000, -466.56, -2119.33, 0.0000, 95, 78, 50
L -424.56, -1829.33, 0.0000, -424.56, -2129.33, 0.0000, 160, 140, 95
L -416.56, -1819.33, 0.0000, -416.56, -2119.33, 0.0000, 95, 78, 50
L -424.56, -2129.33, 0.0000, -298.56, -2129.33, 0.0000, 160, 140, 95
L -416.56, -2119.33, 0.0000, -290.56, -2119.33, 0.0000, 95, 78, 50
L -298.56, -2129.33, 0.0000, -225.06, -2033.33, 0.0000, 160, 140, 95
L -290.56, -2119.33, 0.0000, -217.06, -2023.33, 0.0000, 95, 78, 50
L -225.06, -2033.33, 0.0000, -225.06, -1925.33, 0.0000, 160, 140, 95
L -217.06, -2023.33, 0.0000, -217.06, -1915.33, 0.0000, 95, 78, 50
L -225.06, -1925.33, 0.0000, -298.56, -1829.33, 0.0000, 160, 140, 95
L -217.06, -1915.33, 0.0000, -290.56, -1819.33, 0.0000, 95, 78, 50
L -298.56, -1829.33, 0.0000, -424.56, -1829.33, 0.0000, 160, 140, 95
L -290.56, -1819.33, 0.0000, -416.56, -1819.33, 0.0000, 95, 78, 50
L 45.44, -2084.33, 0.0000, 3.44, -2129.33, 0.0000, 160, 140, 95
L 53.44, -2074.33, 0.0000, 11.44, -2119.33, 0.0000, 95, 78, 50
L 3.44, -2129.33, 0.0000, -122.56, -2129.33, 0.0000, 160, 140, 95
L 11.44, -2119.33, 0.0000, -114.56, -2119.33, 0.0000, 95, 78, 50
L -122.56, -2129.33, 0.0000, -164.56, -2075.33, 0.0000, 160, 140, 95
L -114.56, -2119.33, 0.0000, -156.56, -2065.33, 0.0000, 95, 78, 50
L -164.56, -2075.33, 0.0000, -164.56, -2009.33, 0.0000, 160, 140, 95
L -156.56, -2065.33, 0.0000, -156.56, -1999.33, 0.0000, 95, 78, 50
L -164.56, -2009.33, 0.0000, -122.56, -1979.33, 0.0000, 160, 140, 95
L -156.56, -1999.33, 0.0000, -114.56, -1969.33, 0.0000, 95, 78, 50
L -122.56, -1979.33, 0.0000, 3.44, -1979.33, 0.0000, 160, 140, 95
L -114.56, -1969.33, 0.0000, 11.44, -1969.33, 0.0000, 95, 78, 50
L 3.44, -1979.33, 0.0000, 45.44, -1943.33, 0.0000, 160, 140, 95
L 11.44, -1969.33, 0.0000, 53.44, -1933.33, 0.0000, 95, 78, 50
L 45.44, -1943.33, 0.0000, 45.44, -1877.33, 0.0000, 160, 140, 95
L 53.44, -1933.33, 0.0000, 53.44, -1867.33, 0.0000, 95, 78, 50
L 45.44, -1877.33, 0.0000, 3.44, -1829.33, 0.0000, 160, 140, 95
L 53.44, -1867.33, 0.0000, 11.44, -1819.33, 0.0000, 95, 78, 50
L 3.44, -1829.33, 0.0000, -122.56, -1829.33, 0.0000, 160, 140, 95
L 11.44, -1819.33, 0.0000, -114.56, -1819.33, 0.0000, 95, 78, 50
L -122.56, -1829.33, 0.0000, -164.56, -1877.33, 0.0000, 160, 140, 95
L -114.56, -1819.33, 0.0000, -156.56, -1867.33, 0.0000, 95, 78, 50
L -3242.06, -2054.33, 0.0000, -3347.06, -2054.33, 0.0000, 125, 88, 46
L -3347.06, -2054.33, 0.0000, -3347.06, -1904.33, 0.0000, 125, 88, 46
L -3347.06, -1904.33, 0.0000, -3242.06, -1904.33, 0.0000, 125, 88, 46
L -3347.06, -1979.33, 0.0000, -3273.56, -1979.33, 0.0000, 125, 88, 46
L -3214.56, -1904.33, 0.0000, -3162.06, -2054.33, 0.0000, 125, 88, 46
L -3162.06, -2054.33, 0.0000, -3109.56, -1904.33, 0.0000, 125, 88, 46
L -3191.46, -1964.33, 0.0000, -3132.66, -1964.33, 0.0000, 125, 88, 46
L -2977.06, -2031.83, 0.0000, -2998.06, -2054.33, 0.0000, 125, 88, 46
L -2998.06, -2054.33, 0.0000, -3061.06, -2054.33, 0.0000, 125, 88, 46
L -3061.06, -2054.33, 0.0000, -3082.06, -2027.33, 0.0000, 125, 88, 46
L -3082.06, -2027.33, 0.0000, -3082.06, -1994.33, 0.0000, 125, 88, 46
L -3082.06, -1994.33, 0.0000, -3061.06, -1979.33, 0.0000, 125, 88, 46
L -3061.06, -1979.33, 0.0000, -2998.06, -1979.33, 0.0000, 125, 88, 46
L -2998.06, -1979.33, 0.0000, -2977.06, -1961.33, 0.0000, 125, 88, 46
L -2977.06, -1961.33, 0.0000, -2977.06, -1928.33, 0.0000, 125, 88, 46
L -2977.06, -1928.33, 0.0000, -2998.06, -1904.33, 0.0000, 125, 88, 46
L -2998.06, -1904.33, 0.0000, -3061.06, -1904.33, 0.0000, 125, 88, 46
L -3061.06, -1904.33, 0.0000, -3082.06, -1928.33, 0.0000, 125, 88, 46
L -2949.56, -2054.33, 0.0000, -2844.56, -2054.33, 0.0000, 125, 88, 46
L -2897.06, -2054.33, 0.0000, -2897.06, -1904.33, 0.0000, 125, 88, 46
L -3377.06, -1779.33, 0.0000, 75.44, -1779.33, 0.0000, 125, 88, 46
L -3377.06, -2173.33, 0.0000, 75.44, -2173.33, 0.0000, 125, 88, 46
L 1520.49, -1874.33, 0.0000, 1820.49, -1874.33, 0.0000, 205, 160, 80
L 1520.49, -1874.33, 0.0000, 1645.21, -1822.66, 0.0000, 125, 88, 46
L 1520.49, -1874.33, 0.0000, 1668.98, -1725.83, 0.0000, 125, 88, 46
L 1520.49, -1874.33, 0.0000, 1572.15, -1749.60, 0.0000, 125, 88, 46
L 1520.49, -1874.33, 0.0000, 1520.49, -1574.33, 0.0000, 205, 160, 80
L 1520.49, -1874.33, 0.0000, 1468.82, -1749.60, 0.0000, 125, 88, 46
L 1520.49, -1874.33, 0.0000, 1371.99, -1725.83, 0.0000, 125, 88, 46
L 1520.49, -1874.33, 0.0000, 1395.76, -1822.66, 0.0000, 125, 88, 46
L 1520.49, -1874.33, 0.0000, 1220.49, -1874.33, 0.0000, 205, 160, 80
L 1520.49, -1874.33, 0.0000, 1395.76, -1925.99, 0.0000, 125, 88, 46
L 1520.49, -1874.33, 0.0000, 1371.99, -2022.82, 0.0000, 125, 88, 46
L 1520.49, -1874.33, 0.0000, 1468.82, -1999.05, 0.0000, 125, 88, 46
L 1520.49, -1874.33, 0.0000, 1520.49, -2174.33, 0.0000, 205, 160, 80
L 1520.49, -1874.33, 0.0000, 1572.15, -1999.05, 0.0000, 125, 88, 46
L 1520.49, -1874.33, 0.0000, 1668.98, -2022.82, 0.0000, 125, 88, 46
L 1520.49, -1874.33, 0.0000, 1645.21, -1925.99, 0.0000, 125, 88, 46
L 1616.49, -1874.33, 0.0000, 1603.62, -1826.33, 0.0000, 205, 160, 80
L 1603.62, -1826.33, 0.0000, 1568.49, -1791.19, 0.0000, 205, 160, 80
L 1568.49, -1791.19, 0.0000, 1520.49, -1778.33, 0.0000, 205, 160, 80
L 1520.49, -1778.33, 0.0000, 1472.49, -1791.19, 0.0000, 205, 160, 80
L 1472.49, -1791.19, 0.0000, 1437.35, -1826.33, 0.0000, 205, 160, 80
L 1437.35, -1826.33, 0.0000, 1424.49, -1874.33, 0.0000, 205, 160, 80
L 1424.49, -1874.33, 0.0000, 1437.35, -1922.33, 0.0000, 205, 160, 80
L 1437.35, -1922.33, 0.0000, 1472.49, -1957.47, 0.0000, 205, 160, 80
L 1472.49, -1957.47, 0.0000, 1520.49, -1970.33, 0.0000, 205, 160, 80
L 1520.49, -1970.33, 0.0000, 1568.49, -1957.47, 0.0000, 205, 160, 80
L 1568.49, -1957.47, 0.0000, 1603.62, -1922.33, 0.0000, 205, 160, 80
L 1603.62, -1922.33, 0.0000, 1616.49, -1874.33, 0.0000, 205, 160, 80
L 1520.49, -2084.33, 0.0000, 1520.49, -2198.33, 0.0000, 95, 78, 50
L 1506.49, -2162.33, 0.0000, 1520.49, -2210.33, 0.0000, 95, 78, 50
L 1534.49, -2162.33, 0.0000, 1520.49, -2210.33, 0.0000, 95, 78, 50
P 1520.49, -2214.33, 0.0000, 205, 160, 80, 3, N
P 1520.49, -1574.33, 0.0000, 125, 88, 46, 1, S
P 1820.49, -1874.33, 0.0000, 125, 88, 46, 1, E
P 1220.49, -1874.33, 0.0000, 125, 88, 46, 1, W
