L -320.00, -820.00, 0.0000, -320.00, 1720.00, 0.0000, 120, 110, 130
L 0.00, -820.00, 0.0000, 0.00, 1720.00, 0.0000, 120, 110, 130
L 320.00, -820.00, 0.0000, 320.00, 1720.00, 0.0000, 120, 110, 130
L 640.00, -820.00, 0.0000, 640.00, 1720.00, 0.0000, 120, 110, 130
L -580.00, -640.00, 0.0000, 880.00, -640.00, 0.0000, 120, 110, 130
L -580.00, -320.00, 0.0000, 880.00, -320.00, 0.0000, 120, 110, 130
L -580.00, 0.00, 0.0000, 880.00, 0.00, 0.0000, 120, 110, 130
L -580.00, 320.00, 0.0000, 880.00, 320.00, 0.0000, 120, 110, 130
L -580.00, 640.00, 0.0000, 880.00, 640.00, 0.0000, 120, 110, 130
L -580.00, 960.00, 0.0000, 880.00, 960.00, 0.0000, 120, 110, 130
L -580.00, 1280.00, 0.0000, 880.00, 1280.00, 0.0000, 120, 110, 130
L -580.00, 1600.00, 0.0000, 880.00, 1600.00, 0.0000, 120, 110, 130
L -580.00, 1720.00, 0.0000, 880.00, 1720.00, 0.0000, 120, 110, 130
L -580.00, -820.00, 0.0000, -580.00, 1720.00, 0.0000, 120, 110, 130
L 880.00, -820.00, 0.0000, 880.00, 1720.00, 0.0000, 120, 110, 130
L -986.00, -1226.00, 0.0000, -823.71, -1187.10, 0.0000, 50, 40, 64
L 1123.71, -1204.30, 0.0000, 1286.00, -1226.00, 0.0000, 50, 40, 64
L 1286.00, -1226.00, 0.0000, 1240.80, -1073.64, 0.0000, 50, 40, 64
L 1240.80, -1073.64, 0.0000, 1286.00, -921.27, 0.0000, 50, 40, 64
L 1286.00, -921.27, 0.0000, 1239.68, -768.91, 0.0000, 50, 40, 64
L 1239.68, -768.91, 0.0000, 1286.00, -616.55, 0.0000, 50, 40, 64
L 1286.00, -616.55, 0.0000, 1249.18, -464.18, 0.0000, 50, 40, 64
L 1249.18, -464.18, 0.0000, 1286.00, -311.82, 0.0000, 50, 40, 64
L 1286.00, -311.82, 0.0000, 1245.90, -159.45, 0.0000, 50, 40, 64
L 1245.90, -159.45, 0.0000, 1286.00, -7.09, 0.0000, 50, 40, 64
L 1286.00, -7.09, 0.0000, 1242.00, 145.27, 0.0000, 50, 40, 64
L 1242.00, 145.27, 0.0000, 1286.00, 297.64, 0.0000, 50, 40, 64
L 1286.00, 297.64, 0.0000, 1239.12, 450.00, 0.0000, 50, 40, 64
L 1239.12, 450.00, 0.0000, 1286.00, 602.36, 0.0000, 50, 40, 64
L 1286.00, 602.36, 0.0000, 1239.08, 754.73, 0.0000, 50, 40, 64
L 1239.08, 754.73, 0.0000, 1286.00, 907.09, 0.0000, 50, 40, 64
L 1286.00, 907.09, 0.0000, 1267.01, 1059.45, 0.0000, 50, 40, 64
L 1267.01, 1059.45, 0.0000, 1286.00, 1211.82, 0.0000, 50, 40, 64
L 1286.00, 1211.82, 0.0000, 1240.57, 1364.18, 0.0000, 50, 40, 64
L 1240.57, 1364.18, 0.0000, 1286.00, 1516.55, 0.0000, 50, 40, 64
L 1286.00, 1516.55, 0.0000, 1251.12, 1668.91, 0.0000, 50, 40, 64
L 1251.12, 1668.91, 0.0000, 1286.00, 1821.27, 0.0000, 50, 40, 64
L 1286.00, 1821.27, 0.0000, 1242.74, 1973.64, 0.0000, 50, 40, 64
L 1242.74, 1973.64, 0.0000, 1286.00, 2126.00, 0.0000, 50, 40, 64
L 1286.00, 2126.00, 0.0000, 1123.71, 2081.75, 0.0000, 50, 40, 64
L 1123.71, 2081.75, 0.0000, 961.43, 2126.00, 0.0000, 50, 40, 64
L 961.43, 2126.00, 0.0000, 799.14, 2100.67, 0.0000, 50, 40, 64
L 799.14, 2100.67, 0.0000, 636.86, 2126.00, 0.0000, 50, 40, 64
L 636.86, 2126.00, 0.0000, 474.57, 2101.31, 0.0000, 50, 40, 64
L 474.57, 2101.31, 0.0000, 312.29, 2126.00, 0.0000, 50, 40, 64
L 312.29, 2126.00, 0.0000, 150.00, 2089.71, 0.0000, 50, 40, 64
L 150.00, 2089.71, 0.0000, -12.29, 2126.00, 0.0000, 50, 40, 64
L -12.29, 2126.00, 0.0000, -174.57, 2078.75, 0.0000, 50, 40, 64
L -174.57, 2078.75, 0.0000, -336.86, 2126.00, 0.0000, 50, 40, 64
L -336.86, 2126.00, 0.0000, -499.14, 2101.56, 0.0000, 50, 40, 64
L -499.14, 2101.56, 0.0000, -661.43, 2126.00, 0.0000, 50, 40, 64
L -661.43, 2126.00, 0.0000, -823.71, 2076.07, 0.0000, 50, 40, 64
L -823.71, 2076.07, 0.0000, -986.00, 2126.00, 0.0000, 50, 40, 64
L -986.00, 2126.00, 0.0000, -963.81, 1973.64, 0.0000, 50, 40, 64
L -963.81, 1973.64, 0.0000, -986.00, 1821.27, 0.0000, 50, 40, 64
L -986.00, 1821.27, 0.0000, -958.72, 1668.91, 0.0000, 50, 40, 64
L -958.72, 1668.91, 0.0000, -986.00, 1516.55, 0.0000, 50, 40, 64
L -986.00, 1516.55, 0.0000, -943.09, 1364.18, 0.0000, 50, 40, 64
L -943.09, 1364.18, 0.0000, -986.00, 1211.82, 0.0000, 50, 40, 64
L -986.00, 1211.82, 0.0000, -940.59, 1059.45, 0.0000, 50, 40, 64
L -940.59, 1059.45, 0.0000, -986.00, 907.09, 0.0000, 50, 40, 64
L -986.00, 907.09, 0.0000, -960.17, 754.73, 0.0000, 50, 40, 64
L -960.17, 754.73, 0.0000, -986.00, 602.36, 0.0000, 50, 40, 64
L -986.00, 602.36, 0.0000, -958.46, 450.00, 0.0000, 50, 40, 64
L -958.46, 450.00, 0.0000, -986.00, 297.64, 0.0000, 50, 40, 64
L -986.00, 297.64, 0.0000, -951.87, 145.27, 0.0000, 50, 40, 64
L -951.87, 145.27, 0.0000, -986.00, -7.09, 0.0000, 50, 40, 64
L -986.00, -7.09, 0.0000, -943.03, -159.45, 0.0000, 50, 40, 64
L -943.03, -159.45, 0.0000, -986.00, -311.82, 0.0000, 50, 40, 64
L -986.00, -311.82, 0.0000, -936.18, -464.18, 0.0000, 50, 40, 64
L -936.18, -464.18, 0.0000, -986.00, -616.55, 0.0000, 50, 40, 64
L -986.00, -616.55, 0.0000, -936.78, -768.91, 0.0000, 50, 40, 64
L -936.78, -768.91, 0.0000, -986.00, -921.27, 0.0000, 50, 40, 64
L -986.00, -921.27, 0.0000, -947.86, -1073.64, 0.0000, 50, 40, 64
L -947.86, -1073.64, 0.0000, -986.00, -1226.00, 0.0000, 50, 40, 64
L 1159.00, -1099.00, 0.0000, 1148.24, -892.47, 0.0000, 120, 90, 150
L 1148.24, -892.47, 0.0000, 1159.00, -685.93, 0.0000, 120, 90, 150
L 1159.00, -685.93, 0.0000, 1131.74, -479.40, 0.0000, 120, 90, 150
L 1131.74, -479.40, 0.0000, 1159.00, -272.87, 0.0000, 120, 90, 150
L 1159.00, -272.87, 0.0000, 1146.76, -66.33, 0.0000, 120, 90, 150
L 1146.76, -66.33, 0.0000, 1159.00, 140.20, 0.0000, 120, 90, 150
L 1159.00, 140.20, 0.0000, 1147.09, 346.73, 0.0000, 120, 90, 150
L 1147.09, 346.73, 0.0000, 1159.00, 553.27, 0.0000, 120, 90, 150
L 1159.00, 553.27, 0.0000, 1137.56, 759.80, 0.0000, 120, 90, 150
L 1137.56, 759.80, 0.0000, 1159.00, 966.33, 0.0000, 120, 90, 150
L 1159.00, 966.33, 0.0000, 1136.18, 1172.87, 0.0000, 120, 90, 150
L 1136.18, 1172.87, 0.0000, 1159.00, 1379.40, 0.0000, 120, 90, 150
L 1159.00, 1379.40, 0.0000, 1147.52, 1585.93, 0.0000, 120, 90, 150
L 1147.52, 1585.93, 0.0000, 1159.00, 1792.47, 0.0000, 120, 90, 150
L 1159.00, 1792.47, 0.0000, 1139.05, 1999.00, 0.0000, 120, 90, 150
L 1159.00, 1999.00, 0.0000, 957.20, 1989.10, 0.0000, 120, 90, 150
L 957.20, 1989.10, 0.0000, 755.40, 1999.00, 0.0000, 120, 90, 150
L 755.40, 1999.00, 0.0000, 553.60, 1981.95, 0.0000, 120, 90, 150
L 553.60, 1981.95, 0.0000, 351.80, 1999.00, 0.0000, 120, 90, 150
L 351.80, 1999.00, 0.0000, 150.00, 1988.46, 0.0000, 120, 90, 150
L 150.00, 1988.46, 0.0000, -51.80, 1999.00, 0.0000, 120, 90, 150
L -51.80, 1999.00, 0.0000, -253.60, 1977.71, 0.0000, 120, 90, 150
L -253.60, 1977.71, 0.0000, -455.40, 1999.00, 0.0000, 120, 90, 150
L -455.40, 1999.00, 0.0000, -657.20, 1973.37, 0.0000, 120, 90, 150
L -657.20, 1973.37, 0.0000, -859.00, 1999.00, 0.0000, 120, 90, 150
L -859.00, 1999.00, 0.0000, -844.00, 1792.47, 0.0000, 120, 90, 150
L -844.00, 1792.47, 0.0000, -859.00, 1585.93, 0.0000, 120, 90, 150
L -859.00, 1585.93, 0.0000, -839.71, 1379.40, 0.0000, 120, 90, 150
L -839.71, 1379.40, 0.0000, -859.00, 1172.87, 0.0000, 120, 90, 150
L -859.00, 1172.87, 0.0000, -846.62, 966.33, 0.0000, 120, 90, 150
L -846.62, 966.33, 0.0000, -859.00, 759.80, 0.0000, 120, 90, 150
L -859.00, 759.80, 0.0000, -837.40, 553.27, 0.0000, 120, 90, 150
L -837.40, 553.27, 0.0000, -859.00, 346.73, 0.0000, 120, 90, 150
L -859.00, 346.73, 0.0000, -838.18, 140.20, 0.0000, 120, 90, 150
L -838.18, 140.20, 0.0000, -859.00, -66.33, 0.0000, 120, 90, 150
L -859.00, -66.33, 0.0000, -833.25, -272.87, 0.0000, 120, 90, 150
L -833.25, -272.87, 0.0000, -859.00, -479.40, 0.0000, 120, 90, 150
L -859.00, -479.40, 0.0000, -832.40, -685.93, 0.0000, 120, 90, 150
L -832.40, -685.93, 0.0000, -859.00, -892.47, 0.0000, 120, 90, 150
L -859.00, -892.47, 0.0000, -843.28, -1099.00, 0.0000, 120, 90, 150
L -658.83, -979.00, 0.0000, -658.83, -1106.00, 0.0000, 90, 60, 120
L -650.83, -969.00, 0.0000, -650.83, -1096.00, 0.0000, 120, 90, 150
L -658.83, -1106.00, 0.0000, -600.16, -1106.00, 0.0000, 90, 60, 120
L -650.83, -1096.00, 0.0000, -592.16, -1096.00, 0.0000, 120, 90, 150
L -600.16, -1106.00, 0.0000, -579.20, -1080.60, 0.0000, 90, 60, 120
L -592.16, -1096.00, 0.0000, -571.20, -1070.60, 0.0000, 120, 90, 150
L -579.20, -1080.60, 0.0000, -600.16, -1048.85, 0.0000, 90, 60, 120
L -571.20, -1070.60, 0.0000, -592.16, -1038.85, 0.0000, 120, 90, 150
L -600.16, -1048.85, 0.0000, -658.83, -1048.85, 0.0000, 90, 60, 120
L -592.16, -1038.85, 0.0000, -650.83, -1038.85, 0.0000, 120, 90, 150
L -531.01, -1106.00, 0.0000, -531.01, -979.00, 0.0000, 90, 60, 120
L -523.01, -1096.00, 0.0000, -523.01, -969.00, 0.0000, 120, 90, 150
L -531.01, -979.00, 0.0000, -463.95, -979.00, 0.0000, 90, 60, 120
L -523.01, -969.00, 0.0000, -455.95, -969.00, 0.0000, 120, 90, 150
L -403.19, -979.00, 0.0000, -361.28, -1106.00, 0.0000, 90, 60, 120
L -395.19, -969.00, 0.0000, -353.28, -1096.00, 0.0000, 120, 90, 150
L -361.28, -1106.00, 0.0000, -319.37, -979.00, 0.0000, 90, 60, 120
L -353.28, -1096.00, 0.0000, -311.37, -969.00, 0.0000, 120, 90, 150
L -382.24, -1029.80, 0.0000, -340.32, -1029.80, 0.0000, 90, 60, 120
L -374.24, -1019.80, 0.0000, -332.32, -1019.80, 0.0000, 120, 90, 150
L -275.37, -979.00, 0.0000, -275.37, -1106.00, 0.0000, 90, 60, 120
L -267.37, -969.00, 0.0000, -267.37, -1096.00, 0.0000, 120, 90, 150
L -275.37, -1106.00, 0.0000, -191.55, -979.00, 0.0000, 90, 60, 120
L -267.37, -1096.00, 0.0000, -183.55, -969.00, 0.0000, 120, 90, 150
L -191.55, -979.00, 0.0000, -191.55, -1106.00, 0.0000, 90, 60, 120
L -183.55, -969.00, 0.0000, -183.55, -1096.00, 0.0000, 120, 90, 150
L -63.73, -1106.00, 0.0000, -147.55, -1106.00, 0.0000, 90, 60, 120
L -55.73, -1096.00, 0.0000, -139.55, -1096.00, 0.0000, 120, 90, 150
L -147.55, -1106.00, 0.0000, -147.55, -979.00, 0.0000, 90, 60, 120
L -139.55, -1096.00, 0.0000, -139.55, -969.00, 0.0000, 120, 90, 150
L -147.55, -979.00, 0.0000, -63.73, -979.00, 0.0000, 90, 60, 120
L -139.55, -969.00, 0.0000, -55.73, -969.00, 0.0000, 120, 90, 150
L -147.55, -1042.50, 0.0000, -88.88, -1042.50, 0.0000, 90, 60, 120
L -139.55, -1032.50, 0.0000, -80.88, -1032.50, 0.0000, 120, 90, 150
L 129.05, -979.00, 0.0000, 170.96, -979.00, 0.0000, 90, 60, 120
L 137.05, -969.00, 0.0000, 178.96, -969.00, 0.0000, 120, 90, 150
L 170.96, -979.00, 0.0000, 191.91, -1017.10, 0.0000, 90, 60, 120
L 178.96, -969.00, 0.0000, 199.91, -1007.10, 0.0000, 120, 90, 150
L 191.91, -1017.10, 0.0000, 191.91, -1067.90, 0.0000, 90, 60, 120
L 199.91, -1007.10, 0.0000, 199.91, -1057.90, 0.0000, 120, 90, 150
L 191.91, -1067.90, 0.0000, 170.96, -1106.00, 0.0000, 90, 60, 120
L 199.91, -1057.90, 0.0000, 178.96, -1096.00, 0.0000, 120, 90, 150
L 170.96, -1106.00, 0.0000, 129.05, -1106.00, 0.0000, 90, 60, 120
L 178.96, -1096.00, 0.0000, 137.05, -1096.00, 0.0000, 120, 90, 150
L 129.05, -1106.00, 0.0000, 108.09, -1067.90, 0.0000, 90, 60, 120
L 137.05, -1096.00, 0.0000, 116.09, -1057.90, 0.0000, 120, 90, 150
L 108.09, -1067.90, 0.0000, 108.09, -1017.10, 0.0000, 90, 60, 120
L 116.09, -1057.90, 0.0000, 116.09, -1007.10, 0.0000, 120, 90, 150
L 108.09, -1017.10, 0.0000, 129.05, -979.00, 0.0000, 90, 60, 120
L 116.09, -1007.10, 0.0000, 137.05, -969.00, 0.0000, 120, 90, 150
L 235.91, -979.00, 0.0000, 235.91, -1106.00, 0.0000, 90, 60, 120
L 243.91, -969.00, 0.0000, 243.91, -1096.00, 0.0000, 120, 90, 150
L 235.91, -1106.00, 0.0000, 319.73, -1106.00, 0.0000, 90, 60, 120
L 243.91, -1096.00, 0.0000, 327.73, -1096.00, 0.0000, 120, 90, 150
L 235.91, -1048.85, 0.0000, 294.58, -1048.85, 0.0000, 90, 60, 120
L 243.91, -1038.85, 0.0000, 302.58, -1038.85, 0.0000, 120, 90, 150
L 491.55, -979.00, 0.0000, 491.55, -1106.00, 0.0000, 90, 60, 120
L 499.55, -969.00, 0.0000, 499.55, -1096.00, 0.0000, 120, 90, 150
L 575.37, -979.00, 0.0000, 575.37, -1106.00, 0.0000, 90, 60, 120
L 583.37, -969.00, 0.0000, 583.37, -1096.00, 0.0000, 120, 90, 150
L 491.55, -1042.50, 0.0000, 575.37, -1042.50, 0.0000, 90, 60, 120
L 499.55, -1032.50, 0.0000, 583.37, -1032.50, 0.0000, 120, 90, 150
L 619.37, -979.00, 0.0000, 661.28, -1106.00, 0.0000, 90, 60, 120
L 627.37, -969.00, 0.0000, 669.28, -1096.00, 0.0000, 120, 90, 150
L 661.28, -1106.00, 0.0000, 703.19, -979.00, 0.0000, 90, 60, 120
L 669.28, -1096.00, 0.0000, 711.19, -969.00, 0.0000, 120, 90, 150
L 640.33, -1029.80, 0.0000, 682.24, -1029.80, 0.0000, 90, 60, 120
L 648.33, -1019.80, 0.0000, 690.24, -1019.80, 0.0000, 120, 90, 150
L 747.19, -1106.00, 0.0000, 831.01, -1106.00, 0.0000, 90, 60, 120
L 755.19, -1096.00, 0.0000, 839.01, -1096.00, 0.0000, 120, 90, 150
L 789.10, -1106.00, 0.0000, 789.10, -979.00, 0.0000, 90, 60, 120
L 797.10, -1096.00, 0.0000, 797.10, -969.00, 0.0000, 120, 90, 150
L 958.83, -1106.00, 0.0000, 875.01, -1106.00, 0.0000, 90, 60, 120
L 966.83, -1096.00, 0.0000, 883.01, -1096.00, 0.0000, 120, 90, 150
L 875.01, -1106.00, 0.0000, 875.01, -979.00, 0.0000, 90, 60, 120
L 883.01, -1096.00, 0.0000, 883.01, -969.00, 0.0000, 120, 90, 150
L 875.01, -979.00, 0.0000, 958.83, -979.00, 0.0000, 90, 60, 120
L 883.01, -969.00, 0.0000, 966.83, -969.00, 0.0000, 120, 90, 150
L 875.01, -1042.50, 0.0000, 933.68, -1042.50, 0.0000, 90, 60, 120
L 883.01, -1032.50, 0.0000, 941.68, -1032.50, 0.0000, 120, 90, 150
L -688.83, -933.00, 0.0000, 988.83, -933.00, 0.0000, 120, 90, 150
L -688.83, -1148.00, 0.0000, 988.83, -1148.00, 0.0000, 120, 90, 150
L -647.57, 1859.50, 0.0000, -648.66, 1871.99, 0.0000, 50, 40, 64
L -648.66, 1871.99, 0.0000, -651.91, 1884.10, 0.0000, 50, 40, 64
L -651.91, 1884.10, 0.0000, -657.21, 1895.46, 0.0000, 50, 40, 64
L -657.21, 1895.46, 0.0000, -664.40, 1905.74, 0.0000, 50, 40, 64
L -664.40, 1905.74, 0.0000, -673.26, 1914.60, 0.0000, 50, 40, 64
L -673.26, 1914.60, 0.0000, -683.54, 1921.79, 0.0000, 50, 40, 64
L -683.54, 1921.79, 0.0000, -694.90, 1927.09, 0.0000, 50, 40, 64
L -694.90, 1927.09, 0.0000, -707.01, 1930.34, 0.0000, 50, 40, 64
L -707.01, 1930.34, 0.0000, -719.50, 1931.43, 0.0000, 50, 40, 64
L -719.50, 1931.43, 0.0000, -731.99, 1930.34, 0.0000, 50, 40, 64
L -731.99, 1930.34, 0.0000, -744.10, 1927.09, 0.0000, 50, 40, 64
L -744.10, 1927.09, 0.0000, -755.46, 1921.79, 0.0000, 50, 40, 64
L -755.46, 1921.79, 0.0000, -765.74, 1914.60, 0.0000, 50, 40, 64
L -765.74, 1914.60, 0.0000, -774.60, 1905.74, 0.0000, 50, 40, 64
L -774.60, 1905.74, 0.0000, -781.79, 1895.46, 0.0000, 50, 40, 64
L -781.79, 1895.46, 0.0000, -787.09, 1884.10, 0.0000, 50, 40, 64
L -787.09, 1884.10, 0.0000, -790.34, 1871.99, 0.0000, 50, 40, 64
L -790.34, 1871.99, 0.0000, -791.43, 1859.50, 0.0000, 50, 40, 64
L -791.43, 1859.50, 0.0000, -790.34, 1847.01, 0.0000, 50, 40, 64
L -790.34, 1847.01, 0.0000, -787.09, 1834.90, 0.0000, 50, 40, 64
L -787.09, 1834.90, 0.0000, -781.79, 1823.54, 0.0000, 50, 40, 64
L -781.79, 1823.54, 0.0000, -774.60, 1813.26, 0.0000, 50, 40, 64
L -774.60, 1813.26, 0.0000, -765.74, 1804.40, 0.0000, 50, 40, 64
L -765.74, 1804.40, 0.0000, -755.46, 1797.21, 0.0000, 50, 40, 64
L -755.46, 1797.21, 0.0000, -744.10, 1791.91, 0.0000, 50, 40, 64
L -744.10, 1791.91, 0.0000, -731.99, 1788.66, 0.0000, 50, 40, 64
L -731.99, 1788.66, 0.0000, -719.50, 1787.57, 0.0000, 50, 40, 64
L -719.50, 1787.57, 0.0000, -707.01, 1788.66, 0.0000, 50, 40, 64
L -707.01, 1788.66, 0.0000, -694.90, 1791.91, 0.0000, 50, 40, 64
L -694.90, 1791.91, 0.0000, -683.54, 1797.21, 0.0000, 50, 40, 64
L -683.54, 1797.21, 0.0000, -673.26, 1804.40, 0.0000, 50, 40, 64
L -673.26, 1804.40, 0.0000, -664.40, 1813.26, 0.0000, 50, 40, 64
L -664.40, 1813.26, 0.0000, -657.21, 1823.54, 0.0000, 50, 40, 64
L -657.21, 1823.54, 0.0000, -651.91, 1834.90, 0.0000, 50, 40, 64
L -651.91, 1834.90, 0.0000, -648.66, 1847.01, 0.0000, 50, 40, 64
L -648.66, 1847.01, 0.0000, -647.57, 1859.50, 0.0000, 50, 40, 64
L -638.22, 1859.50, 0.0000, -639.45, 1873.61, 0.0000, 120, 90, 150
L -639.45, 1873.61, 0.0000, -643.12, 1887.30, 0.0000, 120, 90, 150
L -643.12, 1887.30, 0.0000, -649.11, 1900.14, 0.0000, 120, 90, 150
L -649.11, 1900.14, 0.0000, -657.24, 1911.75, 0.0000, 120, 90, 150
L -657.24, 1911.75, 0.0000, -667.25, 1921.76, 0.0000, 120, 90, 150
L -667.25, 1921.76, 0.0000, -678.86, 1929.89, 0.0000, 120, 90, 150
L -678.86, 1929.89, 0.0000, -691.70, 1935.88, 0.0000, 120, 90, 150
L -691.70, 1935.88, 0.0000, -705.39, 1939.55, 0.0000, 120, 90, 150
L -705.39, 1939.55, 0.0000, -719.50, 1940.78, 0.0000, 120, 90, 150
L -719.50, 1940.78, 0.0000, -733.61, 1939.55, 0.0000, 120, 90, 150
L -733.61, 1939.55, 0.0000, -747.30, 1935.88, 0.0000, 120, 90, 150
L -747.30, 1935.88, 0.0000, -760.14, 1929.89, 0.0000, 120, 90, 150
L -760.14, 1929.89, 0.0000, -771.75, 1921.76, 0.0000, 120, 90, 150
L -771.75, 1921.76, 0.0000, -781.76, 1911.75, 0.0000, 120, 90, 150
L -781.76, 1911.75, 0.0000, -789.89, 1900.14, 0.0000, 120, 90, 150
L -789.89, 1900.14, 0.0000, -795.88, 1887.30, 0.0000, 120, 90, 150
L -795.88, 1887.30, 0.0000, -799.55, 1873.61, 0.0000, 120, 90, 150
L -799.55, 1873.61, 0.0000, -800.78, 1859.50, 0.0000, 120, 90, 150
L -800.78, 1859.50, 0.0000, -799.55, 1845.39, 0.0000, 120, 90, 150
L -799.55, 1845.39, 0.0000, -795.88, 1831.70, 0.0000, 120, 90, 150
L -795.88, 1831.70, 0.0000, -789.89, 1818.86, 0.0000, 120, 90, 150
L -789.89, 1818.86, 0.0000, -781.76, 1807.25, 0.0000, 120, 90, 150
L -781.76, 1807.25, 0.0000, -771.75, 1797.24, 0.0000, 120, 90, 150
L -771.75, 1797.24, 0.0000, -760.14, 1789.11, 0.0000, 120, 90, 150
L -760.14, 1789.11, 0.0000, -747.30, 1783.12, 0.0000, 120, 90, 150
L -747.30, 1783.12, 0.0000, -733.61, 1779.45, 0.0000, 120, 90, 150
L -733.61, 1779.45, 0.0000, -719.50, 1778.22, 0.0000, 120, 90, 150
L -719.50, 1778.22, 0.0000, -705.39, 1779.45, 0.0000, 120, 90, 150
L -705.39, 1779.45, 0.0000, -691.70, 1783.12, 0.0000, 120, 90, 150
L -691.70, 1783.12, 0.0000, -678.86, 1789.11, 0.0000, 120, 90, 150
L -678.86, 1789.11, 0.0000, -667.25, 1797.24, 0.0000, 120, 90, 150
L -667.25, 1797.24, 0.0000, -657.24, 1807.25, 0.0000, 120, 90, 150
L -657.24, 1807.25, 0.0000, -649.11, 1818.86, 0.0000, 120, 90, 150
L -649.11, 1818.86, 0.0000, -643.12, 1831.70, 0.0000, 120, 90, 150
L -643.12, 1831.70, 0.0000, -639.45, 1845.39, 0.0000, 120, 90, 150
L -639.45, 1845.39, 0.0000, -638.22, 1859.50, 0.0000, 120, 90, 150
L -719.50, 1859.50, 0.0000, -719.50, 1787.57, 0.0000, 120, 90, 150
L -719.50, 1859.50, 0.0000, -688.98, 1828.98, 0.0000, 120, 110, 130
L -719.50, 1859.50, 0.0000, -647.57, 1859.50, 0.0000, 120, 90, 150
L -719.50, 1859.50, 0.0000, -688.98, 1890.02, 0.0000, 120, 110, 130
L -719.50, 1859.50, 0.0000, -719.50, 1931.43, 0.0000, 120, 90, 150
L -719.50, 1859.50, 0.0000, -750.02, 1890.02, 0.0000, 120, 110, 130
L -719.50, 1859.50, 0.0000, -791.43, 1859.50, 0.0000, 120, 90, 150
L -719.50, 1859.50, 0.0000, -750.02, 1828.98, 0.0000, 120, 110, 130
L -719.50, 1823.54, 0.0000, -719.50, 1794.76, 0.0000, 90, 60, 120
L -727.50, 1801.96, 0.0000, -719.50, 1791.89, 0.0000, 90, 60, 120
L -711.50, 1801.96, 0.0000, -719.50, 1791.89, 0.0000, 90, 60, 120
P -719.50, 1767.43, 0.0000, 90, 60, 120, 3, N
P -719.50, 1951.57, 0.0000, 50, 40, 64, 1, S
P -627.43, 1859.50, 0.0000, 50, 40, 64, 1, E
P -811.57, 1859.50, 0.0000, 50, 40, 64, 1, W
