L -4900.00, -2048.28, 0.0000, -4900.00, 906.97, 0.0000, 120, 120, 85
L -4200.00, -2048.28, 0.0000, -4200.00, 906.97, 0.0000, 120, 120, 85
L -3500.00, -2048.28, 0.0000, -3500.00, 906.97, 0.0000, 120, 120, 85
L -2800.00, -2048.28, 0.0000, -2800.00, 906.97, 0.0000, 120, 120, 85
L -2100.00, -2048.28, 0.0000, -2100.00, 906.97, 0.0000, 120, 120, 85
L -1400.00, -2048.28, 0.0000, -1400.00, 906.97, 0.0000, 120, 120, 85
L -700.00, -2048.28, 0.0000, -700.00, 906.97, 0.0000, 120, 120, 85
L 0.00, -2048.28, 0.0000, 0.00, 906.97, 0.0000, 120, 120, 85
L 700.00, -2048.28, 0.0000, 700.00, 906.97, 0.0000, 120, 120, 85
L -4983.67, -1400.00, 0.0000, 1160.34, -1400.00, 0.0000, 120, 120, 85
L -4983.67, -700.00, 0.0000, 1160.34, -700.00, 0.0000, 120, 120, 85
L -4983.67, 0.00, 0.0000, 1160.34, 0.00, 0.0000, 120, 120, 85
L -4983.67, 700.00, 0.0000, 1160.34, 700.00, 0.0000, 120, 120, 85
L -5843.83, -2908.44, 0.0000, -5743.00, -2847.77, 0.0000, 95, 70, 45
L -5743.00, -2847.77, 0.0000, -5642.18, -2908.44, 0.0000, 95, 70, 45
L -5642.18, -2908.44, 0.0000, -5541.36, -2871.40, 0.0000, 95, 70, 45
L -5541.36, -2871.40, 0.0000, -5440.53, -2908.44, 0.0000, 95, 70, 45
L -5440.53, -2908.44, 0.0000, -5339.71, -2871.06, 0.0000, 95, 70, 45
L -5339.71, -2871.06, 0.0000, -5238.88, -2908.44, 0.0000, 95, 70, 45
L -5238.88, -2908.44, 0.0000, -5138.06, -2877.12, 0.0000, 95, 70, 45
L -5138.06, -2877.12, 0.0000, -5037.23, -2908.44, 0.0000, 95, 70, 45
L -5037.23, -2908.44, 0.0000, -4936.41, -2864.19, 0.0000, 95, 70, 45
L -4936.41, -2864.19, 0.0000, -4835.58, -2908.44, 0.0000, 95, 70, 45
L -4835.58, -2908.44, 0.0000, -4734.76, -2868.04, 0.0000, 95, 70, 45
L -4734.76, -2868.04, 0.0000, -4633.93, -2908.44, 0.0000, 95, 70, 45
L -4633.93, -2908.44, 0.0000, -4533.11, -2859.62, 0.0000, 95, 70, 45
L -4533.11, -2859.62, 0.0000, -4432.28, -2908.44, 0.0000, 95, 70, 45
L -4432.28, -2908.44, 0.0000, -4331.46, -2853.81, 0.0000, 95, 70, 45
L -4331.46, -2853.81, 0.0000, -4230.63, -2908.44, 0.0000, 95, 70, 45
L -4230.63, -2908.44, 0.0000, -4129.81, -2860.89, 0.0000, 95, 70, 45
L -4129.81, -2860.89, 0.0000, -4028.98, -2908.44, 0.0000, 95, 70, 45
L -4028.98, -2908.44, 0.0000, -3928.16, -2864.44, 0.0000, 95, 70, 45
L -3928.16, -2864.44, 0.0000, -3827.33, -2908.44, 0.0000, 95, 70, 45
L -3827.33, -2908.44, 0.0000, -3726.51, -2875.67, 0.0000, 95, 70, 45
L -3726.51, -2875.67, 0.0000, -3625.69, -2908.44, 0.0000, 95, 70, 45
L -3625.69, -2908.44, 0.0000, -3524.86, -2883.22, 0.0000, 95, 70, 45
L -3524.86, -2883.22, 0.0000, -3424.04, -2908.44, 0.0000, 95, 70, 45
L -3424.04, -2908.44, 0.0000, -3323.21, -2851.21, 0.0000, 95, 70, 45
L -3323.21, -2851.21, 0.0000, -3222.39, -2908.44, 0.0000, 95, 70, 45
L -3222.39, -2908.44, 0.0000, -3121.56, -2875.69, 0.0000, 95, 70, 45
L -3121.56, -2875.69, 0.0000, -3020.74, -2908.44, 0.0000, 95, 70, 45
L -3020.74, -2908.44, 0.0000, -2919.91, -2844.38, 0.0000, 95, 70, 45
L -2919.91, -2844.38, 0.0000, -2819.09, -2908.44, 0.0000, 95, 70, 45
L -2819.09, -2908.44, 0.0000, -2718.26, -2858.19, 0.0000, 95, 70, 45
L -2718.26, -2858.19, 0.0000, -2617.44, -2908.44, 0.0000, 95, 70, 45
L -2617.44, -2908.44, 0.0000, -2516.61, -2873.95, 0.0000, 95, 70, 45
L -2516.61, -2873.95, 0.0000, -2415.79, -2908.44, 0.0000, 95, 70, 45
L -2415.79, -2908.44, 0.0000, -2314.96, -2867.55, 0.0000, 95, 70, 45
L -2314.96, -2867.55, 0.0000, -2214.14, -2908.44, 0.0000, 95, 70, 45
L -2214.14, -2908.44, 0.0000, -2113.31, -2842.41, 0.0000, 95, 70, 45
L -2113.31, -2842.41, 0.0000, -2012.49, -2908.44, 0.0000, 95, 70, 45
L -2012.49, -2908.44, 0.0000, -1911.66, -2858.91, 0.0000, 95, 70, 45
L -1911.66, -2858.91, 0.0000, -1810.84, -2908.44, 0.0000, 95, 70, 45
L -1810.84, -2908.44, 0.0000, -1710.01, -2852.45, 0.0000, 95, 70, 45
L -1710.01, -2852.45, 0.0000, -1609.19, -2908.44, 0.0000, 95, 70, 45
L -1609.19, -2908.44, 0.0000, -1508.37, -2845.13, 0.0000, 95, 70, 45
L -1508.37, -2845.13, 0.0000, -1407.54, -2908.44, 0.0000, 95, 70, 45
L -1407.54, -2908.44, 0.0000, -1306.72, -2873.87, 0.0000, 95, 70, 45
L -1306.72, -2873.87, 0.0000, -1205.89, -2908.44, 0.0000, 95, 70, 45
L -1205.89, -2908.44, 0.0000, -1105.07, -2838.61, 0.0000, 95, 70, 45
L -1105.07, -2838.61, 0.0000, -1004.24, -2908.44, 0.0000, 95, 70, 45
L -1004.24, -2908.44, 0.0000, -903.42, -2864.51, 0.0000, 95, 70, 45
L -903.42, -2864.51, 0.0000, -802.59, -2908.44, 0.0000, 95, 70, 45
L -802.59, -2908.44, 0.0000, -701.77, -2876.90, 0.0000, 95, 70, 45
L -701.77, -2876.90, 0.0000, -600.94, -2908.44, 0.0000, 95, 70, 45
L -600.94, -2908.44, 0.0000, -500.12, -2850.49, 0.0000, 95, 70, 45
L -500.12, -2850.49, 0.0000, -399.29, -2908.44, 0.0000, 95, 70, 45
L -399.29, -2908.44, 0.0000, -298.47, -2840.35, 0.0000, 95, 70, 45
L -298.47, -2840.35, 0.0000, -197.64, -2908.44, 0.0000, 95, 70, 45
L -197.64, -2908.44, 0.0000, -96.82, -2846.72, 0.0000, 95, 70, 45
L -96.82, -2846.72, 0.0000, 4.01, -2908.44, 0.0000, 95, 70, 45
L 4.01, -2908.44, 0.0000, 104.83, -2856.68, 0.0000, 95, 70, 45
L 104.83, -2856.68, 0.0000, 205.66, -2908.44, 0.0000, 95, 70, 45
L 205.66, -2908.44, 0.0000, 306.48, -2844.42, 0.0000, 95, 70, 45
L 306.48, -2844.42, 0.0000, 407.31, -2908.44, 0.0000, 95, 70, 45
L 407.31, -2908.44, 0.0000, 508.13, -2861.39, 0.0000, 95, 70, 45
L 508.13, -2861.39, 0.0000, 608.95, -2908.44, 0.0000, 95, 70, 45
L 608.95, -2908.44, 0.0000, 709.78, -2845.14, 0.0000, 95, 70, 45
L 709.78, -2845.14, 0.0000, 810.60, -2908.44, 0.0000, 95, 70, 45
L 810.60, -2908.44, 0.0000, 911.43, -2872.51, 0.0000, 95, 70, 45
L 911.43, -2872.51, 0.0000, 1012.25, -2908.44, 0.0000, 95, 70, 45
L 1012.25, -2908.44, 0.0000, 1113.08, -2877.07, 0.0000, 95, 70, 45
L 1113.08, -2877.07, 0.0000, 1213.90, -2908.44, 0.0000, 95, 70, 45
L 1213.90, -2908.44, 0.0000, 1314.73, -2855.27, 0.0000, 95, 70, 45
L 1314.73, -2855.27, 0.0000, 1415.55, -2908.44, 0.0000, 95, 70, 45
L 1415.55, -2908.44, 0.0000, 1516.38, -2862.55, 0.0000, 95, 70, 45
L 1516.38, -2862.55, 0.0000, 1617.20, -2908.44, 0.0000, 95, 70, 45
L 1617.20, -2908.44, 0.0000, 1718.03, -2864.13, 0.0000, 95, 70, 45
L 1718.03, -2864.13, 0.0000, 1818.85, -2908.44, 0.0000, 95, 70, 45
L 1818.85, -2908.44, 0.0000, 1919.68, -2867.87, 0.0000, 95, 70, 45
L 1919.68, -2867.87, 0.0000, 2020.50, -2908.44, 0.0000, 95, 70, 45
L 2020.50, -2908.44, 0.0000, 1967.22, -2806.80, 0.0000, 95, 70, 45
L 1967.22, -2806.80, 0.0000, 2020.50, -2705.16, 0.0000, 95, 70, 45
L 2020.50, -2705.16, 0.0000, 1978.04, -2603.51, 0.0000, 95, 70, 45
L 1978.04, -2603.51, 0.0000, 2020.50, -2501.87, 0.0000, 95, 70, 45
L 2020.50, -2501.87, 0.0000, 1976.59, -2400.23, 0.0000, 95, 70, 45
L 1976.59, -2400.23, 0.0000, 2020.50, -2298.58, 0.0000, 95, 70, 45
L 2020.50, -2298.58, 0.0000, 1994.90, -2196.94, 0.0000, 95, 70, 45
L 1994.90, -2196.94, 0.0000, 2020.50, -2095.30, 0.0000, 95, 70, 45
L 2020.50, -2095.30, 0.0000, 1974.29, -1993.66, 0.0000, 95, 70, 45
L 1974.29, -1993.66, 0.0000, 2020.50, -1892.01, 0.0000, 95, 70, 45
L 2020.50, -1892.01, 0.0000, 1983.69, -1790.37, 0.0000, 95, 70, 45
L 1983.69, -1790.37, 0.0000, 2020.50, -1688.73, 0.0000, 95, 70, 45
L 2020.50, -1688.73, 0.0000, 1975.21, -1587.08, 0.0000, 95, 70, 45
L 1975.21, -1587.08, 0.0000, 2020.50, -1485.44, 0.0000, 95, 70, 45
L 2020.50, -1485.44, 0.0000, 1967.85, -1383.80, 0.0000, 95, 70, 45
L 1967.85, -1383.80, 0.0000, 2020.50, -1282.16, 0.0000, 95, 70, 45
L 2020.50, -1282.16, 0.0000, 1984.80, -1180.51, 0.0000, 95, 70, 45
L 1984.80, -1180.51, 0.0000, 2020.50, -1078.87, 0.0000, 95, 70, 45
L 2020.50, -1078.87, 0.0000, 1988.74, -977.23, 0.0000, 95, 70, 45
L 1988.74, -977.23, 0.0000, 2020.50, -875.58, 0.0000, 95, 70, 45
L 2020.50, -875.58, 0.0000, 1953.42, -773.94, 0.0000, 95, 70, 45
L 1953.42, -773.94, 0.0000, 2020.50, -672.30, 0.0000, 95, 70, 45
L 2020.50, -672.30, 0.0000, 1991.01, -570.65, 0.0000, 95, 70, 45
L 1991.01, -570.65, 0.0000, 2020.50, -469.01, 0.0000, 95, 70, 45
L 2020.50, -469.01, 0.0000, 1984.82, -367.37, 0.0000, 95, 70, 45
L 1984.82, -367.37, 0.0000, 2020.50, -265.73, 0.0000, 95, 70, 45
L 2020.50, -265.73, 0.0000, 1965.97, -164.08, 0.0000, 95, 70, 45
L 1965.97, -164.08, 0.0000, 2020.50, -62.44, 0.0000, 95, 70, 45
L 2020.50, -62.44, 0.0000, 1976.32, 39.20, 0.0000, 95, 70, 45
L 1976.32, 39.20, 0.0000, 2020.50, 140.85, 0.0000, 95, 70, 45
L 2020.50, 140.85, 0.0000, 1972.28, 242.49, 0.0000, 95, 70, 45
L 1972.28, 242.49, 0.0000, 2020.50, 344.13, 0.0000, 95, 70, 45
L 2020.50, 344.13, 0.0000, 1962.24, 445.77, 0.0000, 95, 70, 45
L 1962.24, 445.77, 0.0000, 2020.50, 547.42, 0.0000, 95, 70, 45
L 2020.50, 547.42, 0.0000, 1975.41, 649.06, 0.0000, 95, 70, 45
L 1975.41, 649.06, 0.0000, 2020.50, 750.70, 0.0000, 95, 70, 45
L 2020.50, 750.70, 0.0000, 1963.63, 852.35, 0.0000, 95, 70, 45
L 1963.63, 852.35, 0.0000, 2020.50, 953.99, 0.0000, 95, 70, 45
L 2020.50, 953.99, 0.0000, 1954.45, 1055.63, 0.0000, 95, 70, 45
L 1954.45, 1055.63, 0.0000, 2020.50, 1157.27, 0.0000, 95, 70, 45
L 2020.50, 1157.27, 0.0000, 1988.47, 1258.92, 0.0000, 95, 70, 45
L 1988.47, 1258.92, 0.0000, 2020.50, 1360.56, 0.0000, 95, 70, 45
L 2020.50, 1360.56, 0.0000, 1955.22, 1462.20, 0.0000, 95, 70, 45
L 1955.22, 1462.20, 0.0000, 2020.50, 1563.85, 0.0000, 95, 70, 45
L 2020.50, 1563.85, 0.0000, 1975.47, 1665.49, 0.0000, 95, 70, 45
L 1975.47, 1665.49, 0.0000, 2020.50, 1767.13, 0.0000, 95, 70, 45
L 2020.50, 1767.13, 0.0000, 1919.68, 1734.78, 0.0000, 95, 70, 45
L 1919.68, 1734.78, 0.0000, 1818.85, 1767.13, 0.0000, 95, 70, 45
L 1818.85, 1767.13, 0.0000, 1718.03, 1728.41, 0.0000, 95, 70, 45
L 1718.03, 1728.41, 0.0000, 1617.20, 1767.13, 0.0000, 95, 70, 45
L 1617.20, 1767.13, 0.0000, 1516.38, 1729.02, 0.0000, 95, 70, 45
L 1516.38, 1729.02, 0.0000, 1415.55, 1767.13, 0.0000, 95, 70, 45
L 1415.55, 1767.13, 0.0000, 1314.73, 1698.51, 0.0000, 95, 70, 45
L 1314.73, 1698.51, 0.0000, 1213.90, 1767.13, 0.0000, 95, 70, 45
L 1213.90, 1767.13, 0.0000, 1113.08, 1728.37, 0.0000, 95, 70, 45
L 1113.08, 1728.37, 0.0000, 1012.25, 1767.13, 0.0000, 95, 70, 45
L 1012.25, 1767.13, 0.0000, 911.43, 1715.68, 0.0000, 95, 70, 45
L 911.43, 1715.68, 0.0000, 810.60, 1767.13, 0.0000, 95, 70, 45
L 810.60, 1767.13, 0.0000, 709.78, 1738.02, 0.0000, 95, 70, 45
L 709.78, 1738.02, 0.0000, 608.95, 1767.13, 0.0000, 95, 70, 45
L 608.95, 1767.13, 0.0000, 508.13, 1704.54, 0.0000, 95, 70, 45
L 508.13, 1704.54, 0.0000, 407.31, 1767.13, 0.0000, 95, 70, 45
L 407.31, 1767.13, 0.0000, 306.48, 1728.22, 0.0000, 95, 70, 45
L 306.48, 1728.22, 0.0000, 205.66, 1767.13, 0.0000, 95, 70, 45
L 205.66, 1767.13, 0.0000, 104.83, 1708.61, 0.0000, 95, 70, 45
L 104.83, 1708.61, 0.0000, 4.01, 1767.13, 0.0000, 95, 70, 45
L 4.01, 1767.13, 0.0000, -96.82, 1707.01, 0.0000, 95, 70, 45
L -96.82, 1707.01, 0.0000, -197.64, 1767.13, 0.0000, 95, 70, 45
L -197.64, 1767.13, 0.0000, -298.47, 1720.78, 0.0000, 95, 70, 45
L -298.47, 1720.78, 0.0000, -399.29, 1767.13, 0.0000, 95, 70, 45
L -399.29, 1767.13, 0.0000, -500.12, 1731.92, 0.0000, 95, 70, 45
L -500.12, 1731.92, 0.0000, -600.94, 1767.13, 0.0000, 95, 70, 45
L -600.94, 1767.13, 0.0000, -701.77, 1715.18, 0.0000, 95, 70, 45
L -701.77, 1715.18, 0.0000, -802.59, 1767.13, 0.0000, 95, 70, 45
L -802.59, 1767.13, 0.0000, -903.42, 1728.84, 0.0000, 95, 70, 45
L -903.42, 1728.84, 0.0000, -1004.24, 1767.13, 0.0000, 95, 70, 45
L -1004.24, 1767.13, 0.0000, -1105.07, 1710.46, 0.0000, 95, 70, 45
L -1105.07, 1710.46, 0.0000, -1205.89, 1767.13, 0.0000, 95, 70, 45
L -1205.89, 1767.13, 0.0000, -1306.72, 1724.17, 0.0000, 95, 70, 45
L -1306.72, 1724.17, 0.0000, -1407.54, 1767.13, 0.0000, 95, 70, 45
L -1407.54, 1767.13, 0.0000, -1508.37, 1714.72, 0.0000, 95, 70, 45
L -1508.37, 1714.72, 0.0000, -1609.19, 1767.13, 0.0000, 95, 70, 45
L -1609.19, 1767.13, 0.0000, -1710.01, 1720.69, 0.0000, 95, 70, 45
L -1710.01, 1720.69, 0.0000, -1810.84, 1767.13, 0.0000, 95, 70, 45
L -1810.84, 1767.13, 0.0000, -1911.66, 1733.37, 0.0000, 95, 70, 45
L -1911.66, 1733.37, 0.0000, -2012.49, 1767.13, 0.0000, 95, 70, 45
L -2012.49, 1767.13, 0.0000, -2113.31, 1727.73, 0.0000, 95, 70, 45
L -2113.31, 1727.73, 0.0000, -2214.14, 1767.13, 0.0000, 95, 70, 45
L -2214.14, 1767.13, 0.0000, -2314.96, 1707.10, 0.0000, 95, 70, 45
L -2314.96, 1707.10, 0.0000, -2415.79, 1767.13, 0.0000, 95, 70, 45
L -2415.79, 1767.13, 0.0000, -2516.61, 1715.42, 0.0000, 95, 70, 45
L -2516.61, 1715.42, 0.0000, -2617.44, 1767.13, 0.0000, 95, 70, 45
L -2617.44, 1767.13, 0.0000, -2718.26, 1707.93, 0.0000, 95, 70, 45
L -2718.26, 1707.93, 0.0000, -2819.09, 1767.13, 0.0000, 95, 70, 45
L -2819.09, 1767.13, 0.0000, -2919.91, 1732.91, 0.0000, 95, 70, 45
L -2919.91, 1732.91, 0.0000, -3020.74, 1767.13, 0.0000, 95, 70, 45
L -3020.74, 1767.13, 0.0000, -3121.56, 1726.17, 0.0000, 95, 70, 45
L -3121.56, 1726.17, 0.0000, -3222.39, 1767.13, 0.0000, 95, 70, 45
L -3222.39, 1767.13, 0.0000, -3323.21, 1706.17, 0.0000, 95, 70, 45
L -3323.21, 1706.17, 0.0000, -3424.04, 1767.13, 0.0000, 95, 70, 45
L -3424.04, 1767.13, 0.0000, -3524.86, 1718.10, 0.0000, 95, 70, 45
L -3524.86, 1718.10, 0.0000, -3625.69, 1767.13, 0.0000, 95, 70, 45
L -3625.69, 1767.13, 0.0000, -3726.51, 1714.21, 0.0000, 95, 70, 45
L -3726.51, 1714.21, 0.0000, -3827.33, 1767.13, 0.0000, 95, 70, 45
L -3827.33, 1767.13, 0.0000, -3928.16, 1721.32, 0.0000, 95, 70, 45
L -3928.16, 1721.32, 0.0000, -4028.98, 1767.13, 0.0000, 95, 70, 45
L -4028.98, 1767.13, 0.0000, -4129.81, 1730.54, 0.0000, 95, 70, 45
L -4129.81, 1730.54, 0.0000, -4230.63, 1767.13, 0.0000, 95, 70, 45
L -4230.63, 1767.13, 0.0000, -4331.46, 1703.36, 0.0000, 95, 70, 45
L -4331.46, 1703.36, 0.0000, -4432.28, 1767.13, 0.0000, 95, 70, 45
L -4432.28, 1767.13, 0.0000, -4533.11, 1707.73, 0.0000, 95, 70, 45
L -4533.11, 1707.73, 0.0000, -4633.93, 1767.13, 0.0000, 95, 70, 45
L -4633.93, 1767.13, 0.0000, -4734.76, 1713.08, 0.0000, 95, 70, 45
L -4734.76, 1713.08, 0.0000, -4835.58, 1767.13, 0.0000, 95, 70, 45
L -4835.58, 1767.13, 0.0000, -4936.41, 1709.57, 0.0000, 95, 70, 45
L -4936.41, 1709.57, 0.0000, -5037.23, 1767.13, 0.0000, 95, 70, 45
L -5037.23, 1767.13, 0.0000, -5138.06, 1734.34, 0.0000, 95, 70, 45
L -5138.06, 1734.34, 0.0000, -5238.88, 1767.13, 0.0000, 95, 70, 45
L -5238.88, 1767.13, 0.0000, -5339.71, 1742.33, 0.0000, 95, 70, 45
L -5339.71, 1742.33, 0.0000, -5440.53, 1767.13, 0.0000, 95, 70, 45
L -5440.53, 1767.13, 0.0000, -5541.36, 1700.88, 0.0000, 95, 70, 45
L -5541.36, 1700.88, 0.0000, -5642.18, 1767.13, 0.0000, 95, 70, 45
L -5642.18, 1767.13, 0.0000, -5743.00, 1732.74, 0.0000, 95, 70, 45
L -5743.00, 1732.74, 0.0000, -5843.83, 1767.13, 0.0000, 95, 70, 45
L -5843.83, 1767.13, 0.0000, -5791.07, 1665.49, 0.0000, 95, 70, 45
L -5791.07, 1665.49, 0.0000, -5843.83, 1563.85, 0.0000, 95, 70, 45
L -5843.83, 1563.85, 0.0000, -5790.27, 1462.20, 0.0000, 95, 70, 45
L -5790.27, 1462.20, 0.0000, -5843.83, 1360.56, 0.0000, 95, 70, 45
L -5843.83, 1360.56, 0.0000, -5806.91, 1258.92, 0.0000, 95, 70, 45
L -5806.91, 1258.92, 0.0000, -5843.83, 1157.27, 0.0000, 95, 70, 45
L -5843.83, 1157.27, 0.0000, -5818.34, 1055.63, 0.0000, 95, 70, 45
L -5818.34, 1055.63, 0.0000, -5843.83, 953.99, 0.0000, 95, 70, 45
L -5843.83, 953.99, 0.0000, -5814.06, 852.35, 0.0000, 95, 70, 45
L -5814.06, 852.35, 0.0000, -5843.83, 750.70, 0.0000, 95, 70, 45
L -5843.83, 750.70, 0.0000, -5802.72, 649.06, 0.0000, 95, 70, 45
L -5802.72, 649.06, 0.0000, -5843.83, 547.42, 0.0000, 95, 70, 45
L -5843.83, 547.42, 0.0000, -5815.87, 445.77, 0.0000, 95, 70, 45
L -5815.87, 445.77, 0.0000, -5843.83, 344.13, 0.0000, 95, 70, 45
L -5843.83, 344.13, 0.0000, -5812.83, 242.49, 0.0000, 95, 70, 45
L -5812.83, 242.49, 0.0000, -5843.83, 140.85, 0.0000, 95, 70, 45
L -5843.83, 140.85, 0.0000, -5784.28, 39.20, 0.0000, 95, 70, 45
L -5784.28, 39.20, 0.0000, -5843.83, -62.44, 0.0000, 95, 70, 45
L -5843.83, -62.44, 0.0000, -5790.18, -164.08, 0.0000, 95, 70, 45
L -5790.18, -164.08, 0.0000, -5843.83, -265.73, 0.0000, 95, 70, 45
L -5843.83, -265.73, 0.0000, -5779.74, -367.37, 0.0000, 95, 70, 45
L -5779.74, -367.37, 0.0000, -5843.83, -469.01, 0.0000, 95, 70, 45
L -5843.83, -469.01, 0.0000, -5777.84, -570.65, 0.0000, 95, 70, 45
L -5777.84, -570.65, 0.0000, -5843.83, -672.30, 0.0000, 95, 70, 45
L -5843.83, -672.30, 0.0000, -5787.14, -773.94, 0.0000, 95, 70, 45
L -5787.14, -773.94, 0.0000, -5843.83, -875.58, 0.0000, 95, 70, 45
L -5843.83, -875.58, 0.0000, -5777.66, -977.23, 0.0000, 95, 70, 45
L -5777.66, -977.23, 0.0000, -5843.83, -1078.87, 0.0000, 95, 70, 45
L -5843.83, -1078.87, 0.0000, -5793.84, -1180.51, 0.0000, 95, 70, 45
L -5793.84, -1180.51, 0.0000, -5843.83, -1282.16, 0.0000, 95, 70, 45
L -5843.83, -1282.16, 0.0000, -5777.87, -1383.80, 0.0000, 95, 70, 45
L -5777.87, -1383.80, 0.0000, -5843.83, -1485.44, 0.0000, 95, 70, 45
L -5843.83, -1485.44, 0.0000, -5805.31, -1587.08, 0.0000, 95, 70, 45
L -5805.31, -1587.08, 0.0000, -5843.83, -1688.73, 0.0000, 95, 70, 45
L -5843.83, -1688.73, 0.0000, -5780.33, -1790.37, 0.0000, 95, 70, 45
L -5780.33, -1790.37, 0.0000, -5843.83, -1892.01, 0.0000, 95, 70, 45
L -5843.83, -1892.01, 0.0000, -5798.43, -1993.66, 0.0000, 95, 70, 45
L -5798.43, -1993.66, 0.0000, -5843.83, -2095.30, 0.0000, 95, 70, 45
L -5843.83, -2095.30, 0.0000, -5774.60, -2196.94, 0.0000, 95, 70, 45
L -5774.60, -2196.94, 0.0000, -5843.83, -2298.58, 0.0000, 95, 70, 45
L -5843.83, -2298.58, 0.0000, -5803.36, -2400.23, 0.0000, 95, 70, 45
L -5803.36, -2400.23, 0.0000, -5843.83, -2501.87, 0.0000, 95, 70, 45
L -5843.83, -2501.87, 0.0000, -5787.51, -2603.51, 0.0000, 95, 70, 45
L -5787.51, -2603.51, 0.0000, -5843.83, -2705.16, 0.0000, 95, 70, 45
L -5843.83, -2705.16, 0.0000, -5810.67, -2806.80, 0.0000, 95, 70, 45
L -5810.67, -2806.80, 0.0000, -5843.83, -2908.44, 0.0000, 95, 70, 45
L -5798.83, -2863.44, 0.0000, -5667.06, -2841.88, 0.0000, 120, 140, 80
L -5667.06, -2841.88, 0.0000, -5535.29, -2863.44, 0.0000, 120, 140, 80
L -5535.29, -2863.44, 0.0000, -5403.52, -2840.63, 0.0000, 120, 140, 80
L -5403.52, -2840.63, 0.0000, -5271.76, -2863.44, 0.0000, 120, 140, 80
L -5271.76, -2863.44, 0.0000, -5139.99, -2829.69, 0.0000, 120, 140, 80
L -5139.99, -2829.69, 0.0000, -5008.22, -2863.44, 0.0000, 120, 140, 80
L -5008.22, -2863.44, 0.0000, -4876.45, -2826.00, 0.0000, 120, 140, 80
L -4876.45, -2826.00, 0.0000, -4744.68, -2863.44, 0.0000, 120, 140, 80
L -4744.68, -2863.44, 0.0000, -4612.91, -2846.57, 0.0000, 120, 140, 80
L -4612.91, -2846.57, 0.0000, -4481.15, -2863.44, 0.0000, 120, 140, 80
L -4481.15, -2863.44, 0.0000, -4349.38, -2839.36, 0.0000, 120, 140, 80
L -4349.38, -2839.36, 0.0000, -4217.61, -2863.44, 0.0000, 120, 140, 80
L -4217.61, -2863.44, 0.0000, -4085.84, -2842.20, 0.0000, 120, 140, 80
L -4085.84, -2842.20, 0.0000, -3954.07, -2863.44, 0.0000, 120, 140, 80
L -3954.07, -2863.44, 0.0000, -3822.30, -2831.14, 0.0000, 120, 140, 80
L -3822.30, -2831.14, 0.0000, -3690.54, -2863.44, 0.0000, 120, 140, 80
L -3690.54, -2863.44, 0.0000, -3558.77, -2846.22, 0.0000, 120, 140, 80
L -3558.77, -2846.22, 0.0000, -3427.00, -2863.44, 0.0000, 120, 140, 80
L -3427.00, -2863.44, 0.0000, -3295.23, -2836.35, 0.0000, 120, 140, 80
L -3295.23, -2836.35, 0.0000, -3163.46, -2863.44, 0.0000, 120, 140, 80
L -3163.46, -2863.44, 0.0000, -3031.69, -2825.65, 0.0000, 120, 140, 80
L -3031.69, -2825.65, 0.0000, -2899.93, -2863.44, 0.0000, 120, 140, 80
L -2899.93, -2863.44, 0.0000, -2768.16, -2839.53, 0.0000, 120, 140, 80
L -2768.16, -2839.53, 0.0000, -2636.39, -2863.44, 0.0000, 120, 140, 80
L -2636.39, -2863.44, 0.0000, -2504.62, -2833.38, 0.0000, 120, 140, 80
L -2504.62, -2833.38, 0.0000, -2372.85, -2863.44, 0.0000, 120, 140, 80
L -2372.85, -2863.44, 0.0000, -2241.09, -2827.68, 0.0000, 120, 140, 80
L -2241.09, -2827.68, 0.0000, -2109.32, -2863.44, 0.0000, 120, 140, 80
L -2109.32, -2863.44, 0.0000, -1977.55, -2831.47, 0.0000, 120, 140, 80
L -1977.55, -2831.47, 0.0000, -1845.78, -2863.44, 0.0000, 120, 140, 80
L -1845.78, -2863.44, 0.0000, -1714.01, -2847.71, 0.0000, 120, 140, 80
L -1714.01, -2847.71, 0.0000, -1582.24, -2863.44, 0.0000, 120, 140, 80
L -1582.24, -2863.44, 0.0000, -1450.48, -2827.69, 0.0000, 120, 140, 80
L -1450.48, -2827.69, 0.0000, -1318.71, -2863.44, 0.0000, 120, 140, 80
L -1318.71, -2863.44, 0.0000, -1186.94, -2826.23, 0.0000, 120, 140, 80
L -1186.94, -2826.23, 0.0000, -1055.17, -2863.44, 0.0000, 120, 140, 80
L -1055.17, -2863.44, 0.0000, -923.40, -2832.99, 0.0000, 120, 140, 80
L -923.40, -2832.99, 0.0000, -791.63, -2863.44, 0.0000, 120, 140, 80
L -791.63, -2863.44, 0.0000, -659.87, -2846.74, 0.0000, 120, 140, 80
L -659.87, -2846.74, 0.0000, -528.10, -2863.44, 0.0000, 120, 140, 80
L -528.10, -2863.44, 0.0000, -396.33, -2844.24, 0.0000, 120, 140, 80
L -396.33, -2844.24, 0.0000, -264.56, -2863.44, 0.0000, 120, 140, 80
L -264.56, -2863.44, 0.0000, -132.79, -2831.31, 0.0000, 120, 140, 80
L -132.79, -2831.31, 0.0000, -1.02, -2863.44, 0.0000, 120, 140, 80
L -1.02, -2863.44, 0.0000, 130.74, -2825.22, 0.0000, 120, 140, 80
L 130.74, -2825.22, 0.0000, 262.51, -2863.44, 0.0000, 120, 140, 80
L 262.51, -2863.44, 0.0000, 394.28, -2833.27, 0.0000, 120, 140, 80
L 394.28, -2833.27, 0.0000, 526.05, -2863.44, 0.0000, 120, 140, 80
L 526.05, -2863.44, 0.0000, 657.82, -2833.71, 0.0000, 120, 140, 80
L 657.82, -2833.71, 0.0000, 789.59, -2863.44, 0.0000, 120, 140, 80
L 789.59, -2863.44, 0.0000, 921.35, -2825.67, 0.0000, 120, 140, 80
L 921.35, -2825.67, 0.0000, 1053.12, -2863.44, 0.0000, 120, 140, 80
L 1053.12, -2863.44, 0.0000, 1184.89, -2837.52, 0.0000, 120, 140, 80
L 1184.89, -2837.52, 0.0000, 1316.66, -2863.44, 0.0000, 120, 140, 80
L 1316.66, -2863.44, 0.0000, 1448.43, -2826.84, 0.0000, 120, 140, 80
L 1448.43, -2826.84, 0.0000, 1580.20, -2863.44, 0.0000, 120, 140, 80
L 1580.20, -2863.44, 0.0000, 1711.96, -2847.02, 0.0000, 120, 140, 80
L 1711.96, -2847.02, 0.0000, 1843.73, -2863.44, 0.0000, 120, 140, 80
L 1843.73, -2863.44, 0.0000, 1975.50, -2846.83, 0.0000, 120, 140, 80
L 1975.50, -2863.44, 0.0000, 1938.21, -2732.42, 0.0000, 120, 140, 80
L 1938.21, -2732.42, 0.0000, 1975.50, -2601.41, 0.0000, 120, 140, 80
L 1975.50, -2601.41, 0.0000, 1942.86, -2470.39, 0.0000, 120, 140, 80
L 1942.86, -2470.39, 0.0000, 1975.50, -2339.38, 0.0000, 120, 140, 80
L 1975.50, -2339.38, 0.0000, 1946.17, -2208.36, 0.0000, 120, 140, 80
L 1946.17, -2208.36, 0.0000, 1975.50, -2077.34, 0.0000, 120, 140, 80
L 1975.50, -2077.34, 0.0000, 1944.48, -1946.33, 0.0000, 120, 140, 80
L 1944.48, -1946.33, 0.0000, 1975.50, -1815.31, 0.0000, 120, 140, 80
L 1975.50, -1815.31, 0.0000, 1949.15, -1684.29, 0.0000, 120, 140, 80
L 1949.15, -1684.29, 0.0000, 1975.50, -1553.28, 0.0000, 120, 140, 80
L 1975.50, -1553.28, 0.0000, 1946.54, -1422.26, 0.0000, 120, 140, 80
L 1946.54, -1422.26, 0.0000, 1975.50, -1291.24, 0.0000, 120, 140, 80
L 1975.50, -1291.24, 0.0000, 1937.49, -1160.23, 0.0000, 120, 140, 80
L 1937.49, -1160.23, 0.0000, 1975.50, -1029.21, 0.0000, 120, 140, 80
L 1975.50, -1029.21, 0.0000, 1960.22, -898.20, 0.0000, 120, 140, 80
L 1960.22, -898.20, 0.0000, 1975.50, -767.18, 0.0000, 120, 140, 80
L 1975.50, -767.18, 0.0000, 1958.79, -636.16, 0.0000, 120, 140, 80
L 1958.79, -636.16, 0.0000, 1975.50, -505.15, 0.0000, 120, 140, 80
L 1975.50, -505.15, 0.0000, 1945.06, -374.13, 0.0000, 120, 140, 80
L 1945.06, -374.13, 0.0000, 1975.50, -243.11, 0.0000, 120, 140, 80
L 1975.50, -243.11, 0.0000, 1950.62, -112.10, 0.0000, 120, 140, 80
L 1950.62, -112.10, 0.0000, 1975.50, 18.92, 0.0000, 120, 140, 80
L 1975.50, 18.92, 0.0000, 1960.83, 149.94, 0.0000, 120, 140, 80
L 1960.83, 149.94, 0.0000, 1975.50, 280.95, 0.0000, 120, 140, 80
L 1975.50, 280.95, 0.0000, 1961.57, 411.97, 0.0000, 120, 140, 80
L 1961.57, 411.97, 0.0000, 1975.50, 542.98, 0.0000, 120, 140, 80
L 1975.50, 542.98, 0.0000, 1941.73, 674.00, 0.0000, 120, 140, 80
L 1941.73, 674.00, 0.0000, 1975.50, 805.02, 0.0000, 120, 140, 80
L 1975.50, 805.02, 0.0000, 1956.01, 936.03, 0.0000, 120, 140, 80
L 1956.01, 936.03, 0.0000, 1975.50, 1067.05, 0.0000, 120, 140, 80
L 1975.50, 1067.05, 0.0000, 1960.94, 1198.07, 0.0000, 120, 140, 80
L 1960.94, 1198.07, 0.0000, 1975.50, 1329.08, 0.0000, 120, 140, 80
L 1975.50, 1329.08, 0.0000, 1958.75, 1460.10, 0.0000, 120, 140, 80
L 1958.75, 1460.10, 0.0000, 1975.50, 1591.11, 0.0000, 120, 140, 80
L 1975.50, 1591.11, 0.0000, 1938.50, 1722.13, 0.0000, 120, 140, 80
L 1975.50, 1722.13, 0.0000, 1843.73, 1692.52, 0.0000, 120, 140, 80
L 1843.73, 1692.52, 0.0000, 1711.96, 1722.13, 0.0000, 120, 140, 80
L 1711.96, 1722.13, 0.0000, 1580.20, 1697.06, 0.0000, 120, 140, 80
L 1580.20, 1697.06, 0.0000, 1448.43, 1722.13, 0.0000, 120, 140, 80
L 1448.43, 1722.13, 0.0000, 1316.66, 1708.62, 0.0000, 120, 140, 80
L 1316.66, 1708.62, 0.0000, 1184.89, 1722.13, 0.0000, 120, 140, 80
L 1184.89, 1722.13, 0.0000, 1053.12, 1707.83, 0.0000, 120, 140, 80
L 1053.12, 1707.83, 0.0000, 921.35, 1722.13, 0.0000, 120, 140, 80
L 921.35, 1722.13, 0.0000, 789.59, 1703.83, 0.0000, 120, 140, 80
L 789.59, 1703.83, 0.0000, 657.82, 1722.13, 0.0000, 120, 140, 80
L 657.82, 1722.13, 0.0000, 526.05, 1688.17, 0.0000, 120, 140, 80
L 526.05, 1688.17, 0.0000, 394.28, 1722.13, 0.0000, 120, 140, 80
L 394.28, 1722.13, 0.0000, 262.51, 1704.29, 0.0000, 120, 140, 80
L 262.51, 1704.29, 0.0000, 130.74, 1722.13, 0.0000, 120, 140, 80
L 130.74, 1722.13, 0.0000, -1.02, 1688.39, 0.0000, 120, 140, 80
L -1.02, 1688.39, 0.0000, -132.79, 1722.13, 0.0000, 120, 140, 80
L -132.79, 1722.13, 0.0000, -264.56, 1684.51, 0.0000, 120, 140, 80
L -264.56, 1684.51, 0.0000, -396.33, 1722.13, 0.0000, 120, 140, 80
L -396.33, 1722.13, 0.0000, -528.10, 1700.91, 0.0000, 120, 140, 80
L -528.10, 1700.91, 0.0000, -659.87, 1722.13, 0.0000, 120, 140, 80
L -659.87, 1722.13, 0.0000, -791.63, 1696.18, 0.0000, 120, 140, 80
L -791.63, 1696.18, 0.0000, -923.40, 1722.13, 0.0000, 120, 140, 80
L -923.40, 1722.13, 0.0000, -1055.17, 1698.99, 0.0000, 120, 140, 80
L -1055.17, 1698.99, 0.0000, -1186.94, 1722.13, 0.0000, 120, 140, 80
L -1186.94, 1722.13, 0.0000, -1318.71, 1698.81, 0.0000, 120, 140, 80
L -1318.71, 1698.81, 0.0000, -1450.48, 1722.13, 0.0000, 120, 140, 80
L -1450.48, 1722.13, 0.0000, -1582.24, 1698.13, 0.0000, 120, 140, 80
L -1582.24, 1698.13, 0.0000, -1714.01, 1722.13, 0.0000, 120, 140, 80
L -1714.01, 1722.13, 0.0000, -1845.78, 1697.12, 0.0000, 120, 140, 80
L -1845.78, 1697.12, 0.0000, -1977.55, 1722.13, 0.0000, 120, 140, 80
L -1977.55, 1722.13, 0.0000, -2109.32, 1691.42, 0.0000, 120, 140, 80
L -2109.32, 1691.42, 0.0000, -2241.09, 1722.13, 0.0000, 120, 140, 80
L -2241.09, 1722.13, 0.0000, -2372.85, 1694.56, 0.0000, 120, 140, 80
L -2372.85, 1694.56, 0.0000, -2504.62, 1722.13, 0.0000, 120, 140, 80
L -2504.62, 1722.13, 0.0000, -2636.39, 1698.33, 0.0000, 120, 140, 80
L -2636.39, 1698.33, 0.0000, -2768.16, 1722.13, 0.0000, 120, 140, 80
L -2768.16, 1722.13, 0.0000, -2899.93, 1690.53, 0.0000, 120, 140, 80
L -2899.93, 1690.53, 0.0000, -3031.69, 1722.13, 0.0000, 120, 140, 80
L -3031.69, 1722.13, 0.0000, -3163.46, 1687.42, 0.0000, 120, 140, 80
L -3163.46, 1687.42, 0.0000, -3295.23, 1722.13, 0.0000, 120, 140, 80
L -3295.23, 1722.13, 0.0000, -3427.00, 1695.55, 0.0000, 120, 140, 80
L -3427.00, 1695.55, 0.0000, -3558.77, 1722.13, 0.0000, 120, 140, 80
L -3558.77, 1722.13, 0.0000, -3690.54, 1684.49, 0.0000, 120, 140, 80
L -3690.54, 1684.49, 0.0000, -3822.30, 1722.13, 0.0000, 120, 140, 80
L -3822.30, 1722.13, 0.0000, -3954.07, 1706.00, 0.0000, 120, 140, 80
L -3954.07, 1706.00, 0.0000, -4085.84, 1722.13, 0.0000, 120, 140, 80
L -4085.84, 1722.13, 0.0000, -4217.61, 1703.37, 0.0000, 120, 140, 80
L -4217.61, 1703.37, 0.0000, -4349.38, 1722.13, 0.0000, 120, 140, 80
L -4349.38, 1722.13, 0.0000, -4481.15, 1695.88, 0.0000, 120, 140, 80
L -4481.15, 1695.88, 0.0000, -4612.91, 1722.13, 0.0000, 120, 140, 80
L -4612.91, 1722.13, 0.0000, -4744.68, 1698.90, 0.0000, 120, 140, 80
L -4744.68, 1698.90, 0.0000, -4876.45, 1722.13, 0.0000, 120, 140, 80
L -4876.45, 1722.13, 0.0000, -5008.22, 1686.99, 0.0000, 120, 140, 80
L -5008.22, 1686.99, 0.0000, -5139.99, 1722.13, 0.0000, 120, 140, 80
L -5139.99, 1722.13, 0.0000, -5271.76, 1697.25, 0.0000, 120, 140, 80
L -5271.76, 1697.25, 0.0000, -5403.52, 1722.13, 0.0000, 120, 140, 80
L -5403.52, 1722.13, 0.0000, -5535.29, 1706.34, 0.0000, 120, 140, 80
L -5535.29, 1706.34, 0.0000, -5667.06, 1722.13, 0.0000, 120, 140, 80
L -5667.06, 1722.13, 0.0000, -5798.83, 1704.00, 0.0000, 120, 140, 80
L -5798.83, 1722.13, 0.0000, -5762.87, 1591.11, 0.0000, 120, 140, 80
L -5762.87, 1591.11, 0.0000, -5798.83, 1460.10, 0.0000, 120, 140, 80
L -5798.83, 1460.10, 0.0000, -5774.44, 1329.08, 0.0000, 120, 140, 80
L -5774.44, 1329.08, 0.0000, -5798.83, 1198.07, 0.0000, 120, 140, 80
L -5798.83, 1198.07, 0.0000, -5775.56, 1067.05, 0.0000, 120, 140, 80
L -5775.56, 1067.05, 0.0000, -5798.83, 936.03, 0.0000, 120, 140, 80
L -5798.83, 936.03, 0.0000, -5779.53, 805.02, 0.0000, 120, 140, 80
L -5779.53, 805.02, 0.0000, -5798.83, 674.00, 0.0000, 120, 140, 80
L -5798.83, 674.00, 0.0000, -5775.38, 542.98, 0.0000, 120, 140, 80
L -5775.38, 542.98, 0.0000, -5798.83, 411.97, 0.0000, 120, 140, 80
L -5798.83, 411.97, 0.0000, -5763.74, 280.95, 0.0000, 120, 140, 80
L -5763.74, 280.95, 0.0000, -5798.83, 149.94, 0.0000, 120, 140, 80
L -5798.83, 149.94, 0.0000, -5760.75, 18.92, 0.0000, 120, 140, 80
L -5760.75, 18.92, 0.0000, -5798.83, -112.10, 0.0000, 120, 140, 80
L -5798.83, -112.10, 0.0000, -5762.93, -243.11, 0.0000, 120, 140, 80
L -5762.93, -243.11, 0.0000, -5798.83, -374.13, 0.0000, 120, 140, 80
L -5798.83, -374.13, 0.0000, -5770.20, -505.15, 0.0000, 120, 140, 80
L -5770.20, -505.15, 0.0000, -5798.83, -636.16, 0.0000, 120, 140, 80
L -5798.83, -636.16, 0.0000, -5769.19, -767.18, 0.0000, 120, 140, 80
L -5769.19, -767.18, 0.0000, -5798.83, -898.20, 0.0000, 120, 140, 80
L -5798.83, -898.20, 0.0000, -5772.54, -1029.21, 0.0000, 120, 140, 80
L -5772.54, -1029.21, 0.0000, -5798.83, -1160.23, 0.0000, 120, 140, 80
L -5798.83, -1160.23, 0.0000, -5783.96, -1291.24, 0.0000, 120, 140, 80
L -5783.96, -1291.24, 0.0000, -5798.83, -1422.26, 0.0000, 120, 140, 80
L -5798.83, -1422.26, 0.0000, -5771.48, -1553.28, 0.0000, 120, 140, 80
L -5771.48, -1553.28, 0.0000, -5798.83, -1684.29, 0.0000, 120, 140, 80
L -5798.83, -1684.29, 0.0000, -5767.02, -1815.31, 0.0000, 120, 140, 80
L -5767.02, -1815.31, 0.0000, -5798.83, -1946.33, 0.0000, 120, 140, 80
L -5798.83, -1946.33, 0.0000, -5784.19, -2077.34, 0.0000, 120, 140, 80
L -5784.19, -2077.34, 0.0000, -5798.83, -2208.36, 0.0000, 120, 140, 80
L -5798.83, -2208.36, 0.0000, -5774.17, -2339.38, 0.0000, 120, 140, 80
L -5774.17, -2339.38, 0.0000, -5798.83, -2470.39, 0.0000, 120, 140, 80
L -5798.83, -2470.39, 0.0000, -5778.91, -2601.41, 0.0000, 120, 140, 80
L -5778.91, -2601.41, 0.0000, -5798.83, -2732.42, 0.0000, 120, 140, 80
L -5798.83, -2732.42, 0.0000, -5778.74, -2863.44, 0.0000, 120, 140, 80
L -5798.83, -2863.44, 0.0000, -5739.33, -2832.69, 0.0000, 90, 120, 70
L -5739.33, -2832.69, 0.0000, -5723.83, -2845.94, 0.0000, 90, 120, 70
L -5739.33, -2832.69, 0.0000, -5727.60, -2808.95, 0.0000, 70, 100, 55
L -5723.83, -2845.94, 0.0000, -5664.33, -2815.19, 0.0000, 90, 120, 70
L -5664.33, -2815.19, 0.0000, -5648.83, -2828.44, 0.0000, 90, 120, 70
L -5648.83, -2828.44, 0.0000, -5589.33, -2797.69, 0.0000, 90, 120, 70
L -5589.33, -2797.69, 0.0000, -5573.83, -2810.94, 0.0000, 90, 120, 70
L -5589.33, -2797.69, 0.0000, -5577.60, -2773.95, 0.0000, 70, 100, 55
L -5573.83, -2810.94, 0.0000, -5514.33, -2780.19, 0.0000, 90, 120, 70
L -5514.33, -2780.19, 0.0000, -5498.83, -2793.44, 0.0000, 90, 120, 70
L 1975.50, -2863.44, 0.0000, 1916.00, -2832.69, 0.0000, 90, 120, 70
L 1916.00, -2832.69, 0.0000, 1900.50, -2845.94, 0.0000, 90, 120, 70
L 1916.00, -2832.69, 0.0000, 1899.73, -2828.43, 0.0000, 70, 100, 55
L 1900.50, -2845.94, 0.0000, 1841.00, -2815.19, 0.0000, 90, 120, 70
L 1841.00, -2815.19, 0.0000, 1825.50, -2828.44, 0.0000, 90, 120, 70
L 1825.50, -2828.44, 0.0000, 1766.00, -2797.69, 0.0000, 90, 120, 70
L 1766.00, -2797.69, 0.0000, 1750.50, -2810.94, 0.0000, 90, 120, 70
L 1766.00, -2797.69, 0.0000, 1749.73, -2793.43, 0.0000, 70, 100, 55
L 1750.50, -2810.94, 0.0000, 1691.00, -2780.19, 0.0000, 90, 120, 70
L 1691.00, -2780.19, 0.0000, 1675.50, -2793.44, 0.0000, 90, 120, 70
L -5798.83, 1722.13, 0.0000, -5739.33, 1691.38, 0.0000, 90, 120, 70
L -5739.33, 1691.38, 0.0000, -5723.83, 1704.63, 0.0000, 90, 120, 70
L -5739.33, 1691.38, 0.0000, -5723.06, 1687.12, 0.0000, 70, 100, 55
L -5723.83, 1704.63, 0.0000, -5664.33, 1673.88, 0.0000, 90, 120, 70
L -5664.33, 1673.88, 0.0000, -5648.83, 1687.13, 0.0000, 90, 120, 70
L -5648.83, 1687.13, 0.0000, -5589.33, 1656.38, 0.0000, 90, 120, 70
L -5589.33, 1656.38, 0.0000, -5573.83, 1669.63, 0.0000, 90, 120, 70
L -5589.33, 1656.38, 0.0000, -5573.06, 1652.12, 0.0000, 70, 100, 55
L -5573.83, 1669.63, 0.0000, -5514.33, 1638.88, 0.0000, 90, 120, 70
L -5514.33, 1638.88, 0.0000, -5498.83, 1652.13, 0.0000, 90, 120, 70
L 1975.50, 1722.13, 0.0000, 1916.00, 1691.38, 0.0000, 90, 120, 70
L 1916.00, 1691.38, 0.0000, 1900.50, 1704.63, 0.0000, 90, 120, 70
L 1916.00, 1691.38, 0.0000, 1904.27, 1667.64, 0.0000, 70, 100, 55
L 1900.50, 1704.63, 0.0000, 1841.00, 1673.88, 0.0000, 90, 120, 70
L 1841.00, 1673.88, 0.0000, 1825.50, 1687.13, 0.0000, 90, 120, 70
L 1825.50, 1687.13, 0.0000, 1766.00, 1656.38, 0.0000, 90, 120, 70
L 1766.00, 1656.38, 0.0000, 1750.50, 1669.63, 0.0000, 90, 120, 70
L 1766.00, 1656.38, 0.0000, 1754.27, 1632.64, 0.0000, 70, 100, 55
L 1750.50, 1669.63, 0.0000, 1691.00, 1638.88, 0.0000, 90, 120, 70
L 1691.00, 1638.88, 0.0000, 1675.50, 1652.13, 0.0000, 90, 120, 70
L -3596.66, 1626.34, 0.0000, -3503.16, 1625.24, 0.0000, 96, 88, 82
L -3596.66, 1626.34, 0.0000, -3614.26, 1614.24, 0.0000, 96, 88, 82
L -3614.26, 1614.24, 0.0000, -3629.66, 1623.04, 0.0000, 96, 88, 82
L -3629.66, 1623.04, 0.0000, -3612.06, 1627.44, 0.0000, 96, 88, 82
L -3614.26, 1614.24, 0.0000, -3606.56, 1602.14, 0.0000, 96, 88, 82
L -3606.56, 1602.14, 0.0000, -3602.16, 1615.34, 0.0000, 96, 88, 82
L -3585.66, 1626.34, 0.0000, -3585.66, 1660.44, 0.0000, 96, 88, 82
L -3564.76, 1626.34, 0.0000, -3564.76, 1660.44, 0.0000, 96, 88, 82
L -3526.26, 1626.34, 0.0000, -3526.26, 1660.44, 0.0000, 96, 88, 82
L -3508.66, 1626.34, 0.0000, -3508.66, 1660.44, 0.0000, 96, 88, 82
L -3585.66, 1660.44, 0.0000, -3508.66, 1660.44, 0.0000, 96, 88, 82
L -3503.16, 1625.24, 0.0000, -3480.06, 1636.24, 0.0000, 96, 88, 82
L -3480.06, 1636.24, 0.0000, -3485.56, 1649.44, 0.0000, 96, 88, 82
L 1604.27, 302.47, 0.0000, 1604.27, 257.47, 0.0000, 105, 80, 50
L 1703.84, 239.47, 0.0000, 1677.72, 284.35, 0.0000, 90, 120, 70
L 1677.72, 284.35, 0.0000, 1636.41, 309.66, 0.0000, 90, 120, 70
L 1636.41, 309.66, 0.0000, 1591.77, 322.85, 0.0000, 90, 120, 70
L 1591.77, 322.85, 0.0000, 1548.12, 313.66, 0.0000, 90, 120, 70
L 1548.12, 313.66, 0.0000, 1518.61, 264.86, 0.0000, 90, 120, 70
L 1518.61, 264.86, 0.0000, 1525.36, 217.75, 0.0000, 90, 120, 70
L 1525.36, 217.75, 0.0000, 1549.00, 179.15, 0.0000, 90, 120, 70
L 1549.00, 179.15, 0.0000, 1591.62, 139.73, 0.0000, 90, 120, 70
L 1591.62, 139.73, 0.0000, 1642.86, 165.86, 0.0000, 90, 120, 70
L 1642.86, 165.86, 0.0000, 1686.89, 187.64, 0.0000, 90, 120, 70
L 1686.89, 187.64, 0.0000, 1703.84, 239.47, 0.0000, 90, 120, 70
L 1564.40, -1007.55, 0.0000, 1657.90, -1008.65, 0.0000, 96, 88, 82
L 1564.40, -1007.55, 0.0000, 1546.80, -1019.65, 0.0000, 96, 88, 82
L 1546.80, -1019.65, 0.0000, 1531.40, -1010.85, 0.0000, 96, 88, 82
L 1531.40, -1010.85, 0.0000, 1549.00, -1006.45, 0.0000, 96, 88, 82
L 1546.80, -1019.65, 0.0000, 1554.50, -1031.75, 0.0000, 96, 88, 82
L 1554.50, -1031.75, 0.0000, 1558.90, -1018.55, 0.0000, 96, 88, 82
L 1575.40, -1007.55, 0.0000, 1575.40, -973.45, 0.0000, 96, 88, 82
L 1596.30, -1007.55, 0.0000, 1596.30, -973.45, 0.0000, 96, 88, 82
L 1634.80, -1007.55, 0.0000, 1634.80, -973.45, 0.0000, 96, 88, 82
L 1652.40, -1007.55, 0.0000, 1652.40, -973.45, 0.0000, 96, 88, 82
L 1575.40, -973.45, 0.0000, 1652.40, -973.45, 0.0000, 96, 88, 82
L 1657.90, -1008.65, 0.0000, 1681.00, -997.65, 0.0000, 96, 88, 82
L 1681.00, -997.65, 0.0000, 1675.50, -984.45, 0.0000, 96, 88, 82
L 1535.91, -1289.75, 0.0000, 1675.91, -1289.75, 0.0000, 158, 128, 92
L 1535.91, -1289.75, 0.0000, 1535.91, -1355.75, 0.0000, 158, 128, 92
L 1675.91, -1289.75, 0.0000, 1675.91, -1355.75, 0.0000, 158, 128, 92
L 1535.91, -1355.75, 0.0000, 1675.91, -1355.75, 0.0000, 158, 128, 92
L 1518.41, -1355.75, 0.0000, 1605.91, -1409.75, 0.0000, 128, 82, 50
L 1605.91, -1409.75, 0.0000, 1693.41, -1355.75, 0.0000, 128, 82, 50
L 1518.41, -1355.75, 0.0000, 1693.41, -1355.75, 0.0000, 128, 82, 50
L 1563.91, -1382.75, 0.0000, 1595.41, -1355.75, 0.0000, 128, 82, 50
L 1647.91, -1382.75, 0.0000, 1616.41, -1355.75, 0.0000, 128, 82, 50
L 1598.91, -1310.75, 0.0000, 1596.10, -1321.25, 0.0000, 95, 60, 40
L 1596.10, -1321.25, 0.0000, 1588.41, -1328.94, 0.0000, 95, 60, 40
L 1588.41, -1328.94, 0.0000, 1577.91, -1331.75, 0.0000, 95, 60, 40
L 1577.91, -1331.75, 0.0000, 1567.41, -1328.94, 0.0000, 95, 60, 40
L 1567.41, -1328.94, 0.0000, 1559.73, -1321.25, 0.0000, 95, 60, 40
L 1559.73, -1321.25, 0.0000, 1556.91, -1310.75, 0.0000, 95, 60, 40
L 1556.91, -1289.75, 0.0000, 1556.91, -1310.75, 0.0000, 95, 60, 40
L 1598.91, -1289.75, 0.0000, 1598.91, -1310.75, 0.0000, 95, 60, 40
L 1556.91, -1289.75, 0.0000, 1598.91, -1289.75, 0.0000, 95, 60, 40
L 1621.31, -1336.75, 0.0000, 1649.31, -1336.75, 0.0000, 215, 165, 75
L 1649.31, -1336.75, 0.0000, 1649.31, -1308.75, 0.0000, 215, 165, 75
L 1649.31, -1308.75, 0.0000, 1621.31, -1308.75, 0.0000, 215, 165, 75
L 1621.31, -1308.75, 0.0000, 1621.31, -1336.75, 0.0000, 215, 165, 75
L 1635.31, -1336.75, 0.0000, 1635.31, -1308.75, 0.0000, 215, 165, 75
L 1621.31, -1322.75, 0.0000, 1649.31, -1322.75, 0.0000, 215, 165, 75
L -1922.62, 1585.28, 0.0000, -1922.62, 1540.28, 0.0000, 105, 80, 50
L -1830.04, 1522.28, 0.0000, -1842.98, 1572.26, 0.0000, 90, 120, 70
L -1842.98, 1572.26, 0.0000, -1893.53, 1607.93, 0.0000, 90, 120, 70
L -1893.53, 1607.93, 0.0000, -1949.69, 1610.27, 0.0000, 90, 120, 70
L -1949.69, 1610.27, 0.0000, -2003.00, 1578.89, 0.0000, 90, 120, 70
L -2003.00, 1578.89, 0.0000, -2019.41, 1522.28, 0.0000, 90, 120, 70
L -2019.41, 1522.28, 0.0000, -1996.63, 1466.28, 0.0000, 90, 120, 70
L -1996.63, 1466.28, 0.0000, -1949.86, 1442.52, 0.0000, 90, 120, 70
L -1949.86, 1442.52, 0.0000, -1892.98, 1430.32, 0.0000, 90, 120, 70
L -1892.98, 1430.32, 0.0000, -1849.68, 1470.07, 0.0000, 90, 120, 70
L -1849.68, 1470.07, 0.0000, -1830.04, 1522.28, 0.0000, 90, 120, 70
L -5363.32, -1030.50, 0.0000, -5365.00, -1038.15, 0.0000, 200, 195, 185
L -5365.00, -1038.15, 0.0000, -5369.76, -1044.64, 0.0000, 200, 195, 185
L -5369.76, -1044.64, 0.0000, -5376.90, -1048.98, 0.0000, 200, 195, 185
L -5376.90, -1048.98, 0.0000, -5385.32, -1050.50, 0.0000, 200, 195, 185
L -5385.32, -1050.50, 0.0000, -5393.74, -1048.98, 0.0000, 200, 195, 185
L -5393.74, -1048.98, 0.0000, -5400.88, -1044.64, 0.0000, 200, 195, 185
L -5400.88, -1044.64, 0.0000, -5405.65, -1038.15, 0.0000, 200, 195, 185
L -5405.65, -1038.15, 0.0000, -5407.32, -1030.50, 0.0000, 200, 195, 185
L -5407.32, -1030.50, 0.0000, -5398.52, -1008.50, 0.0000, 200, 195, 185
L -5363.32, -1030.50, 0.0000, -5372.12, -1008.50, 0.0000, 200, 195, 185
L -5398.52, -1008.50, 0.0000, -5372.12, -1008.50, 0.0000, 200, 195, 185
L -5400.12, -1028.10, 0.0000, -5389.72, -1028.10, 0.0000, 200, 195, 185
L -5389.72, -1028.10, 0.0000, -5389.72, -1020.90, 0.0000, 200, 195, 185
L -5389.72, -1020.90, 0.0000, -5400.12, -1020.90, 0.0000, 200, 195, 185
L -5400.12, -1020.90, 0.0000, -5400.12, -1028.10, 0.0000, 200, 195, 185
L -5380.92, -1028.10, 0.0000, -5370.52, -1028.10, 0.0000, 200, 195, 185
L -5370.52, -1028.10, 0.0000, -5370.52, -1020.90, 0.0000, 200, 195, 185
L -5370.52, -1020.90, 0.0000, -5380.92, -1020.90, 0.0000, 200, 195, 185
L -5380.92, -1020.90, 0.0000, -5380.92, -1028.10, 0.0000, 200, 195, 185
L -5385.32, -1020.10, 0.0000, -5388.12, -1014.50, 0.0000, 200, 195, 185
L -5385.32, -1020.10, 0.0000, -5382.52, -1014.50, 0.0000, 200, 195, 185
L -5392.52, -1008.50, 0.0000, -5392.52, -1002.50, 0.0000, 200, 195, 185
L -5385.32, -1008.50, 0.0000, -5385.32, -1002.50, 0.0000, 200, 195, 185
L -5378.12, -1008.50, 0.0000, -5378.12, -1002.50, 0.0000, 200, 195, 185
L -165.78, 1506.39, 0.0000, -88.55, 1548.58, 0.0000, 200, 195, 185
L -162.83, 1500.98, 0.0000, -168.73, 1511.79, 0.0000, 200, 195, 185
L -85.60, 1543.17, 0.0000, -91.50, 1553.98, 0.0000, 200, 195, 185
L -165.78, 1548.58, 0.0000, -88.55, 1506.39, 0.0000, 200, 195, 185
L -168.73, 1543.17, 0.0000, -162.83, 1553.98, 0.0000, 200, 195, 185
L -91.50, 1500.98, 0.0000, -85.60, 1511.79, 0.0000, 200, 195, 185
L -1560.18, 1641.26, 0.0000, -1420.18, 1641.26, 0.0000, 158, 128, 92
L -1560.18, 1641.26, 0.0000, -1560.18, 1575.26, 0.0000, 158, 128, 92
L -1420.18, 1641.26, 0.0000, -1420.18, 1575.26, 0.0000, 158, 128, 92
L -1560.18, 1575.26, 0.0000, -1420.18, 1575.26, 0.0000, 158, 128, 92
L -1577.68, 1575.26, 0.0000, -1490.18, 1521.26, 0.0000, 128, 82, 50
L -1490.18, 1521.26, 0.0000, -1402.68, 1575.26, 0.0000, 128, 82, 50
L -1577.68, 1575.26, 0.0000, -1402.68, 1575.26, 0.0000, 128, 82, 50
L -1532.18, 1548.26, 0.0000, -1500.68, 1575.26, 0.0000, 128, 82, 50
L -1448.18, 1548.26, 0.0000, -1479.68, 1575.26, 0.0000, 128, 82, 50
L -1497.18, 1620.26, 0.0000, -1499.99, 1609.76, 0.0000, 95, 60, 40
L -1499.99, 1609.76, 0.0000, -1507.68, 1602.08, 0.0000, 95, 60, 40
L -1507.68, 1602.08, 0.0000, -1518.18, 1599.26, 0.0000, 95, 60, 40
L -1518.18, 1599.26, 0.0000, -1528.68, 1602.08, 0.0000, 95, 60, 40
L -1528.68, 1602.08, 0.0000, -1536.36, 1609.76, 0.0000, 95, 60, 40
L -1536.36, 1609.76, 0.0000, -1539.18, 1620.26, 0.0000, 95, 60, 40
L -1539.18, 1641.26, 0.0000, -1539.18, 1620.26, 0.0000, 95, 60, 40
L -1497.18, 1641.26, 0.0000, -1497.18, 1620.26, 0.0000, 95, 60, 40
L -1539.18, 1641.26, 0.0000, -1497.18, 1641.26, 0.0000, 95, 60, 40
L -1474.78, 1594.26, 0.0000, -1446.78, 1594.26, 0.0000, 215, 165, 75
L -1446.78, 1594.26, 0.0000, -1446.78, 1622.26, 0.0000, 215, 165, 75
L -1446.78, 1622.26, 0.0000, -1474.78, 1622.26, 0.0000, 215, 165, 75
L -1474.78, 1622.26, 0.0000, -1474.78, 1594.26, 0.0000, 215, 165, 75
L -1460.78, 1594.26, 0.0000, -1460.78, 1622.26, 0.0000, 215, 165, 75
L -1474.78, 1608.26, 0.0000, -1446.78, 1608.26, 0.0000, 215, 165, 75
L -3556.16, -2466.41, 0.0000, -3556.16, -2736.41, 0.0000, 110, 85, 55
L -3548.16, -2456.41, 0.0000, -3548.16, -2726.41, 0.0000, 150, 120, 70
L -3556.16, -2587.91, 0.0000, -3404.69, -2736.41, 0.0000, 110, 85, 55
L -3548.16, -2577.91, 0.0000, -3396.69, -2726.41, 0.0000, 150, 120, 70
L -3511.61, -2614.91, 0.0000, -3395.78, -2466.41, 0.0000, 110, 85, 55
L -3503.61, -2604.91, 0.0000, -3387.78, -2456.41, 0.0000, 150, 120, 70
L -3244.86, -2466.41, 0.0000, -3244.86, -2736.41, 0.0000, 110, 85, 55
L -3236.86, -2456.41, 0.0000, -3236.86, -2726.41, 0.0000, 150, 120, 70
L -3298.32, -2736.41, 0.0000, -3191.40, -2736.41, 0.0000, 110, 85, 55
L -3290.32, -2726.41, 0.0000, -3183.40, -2726.41, 0.0000, 150, 120, 70
L -3298.32, -2466.41, 0.0000, -3191.40, -2466.41, 0.0000, 110, 85, 55
L -3290.32, -2456.41, 0.0000, -3183.40, -2456.41, 0.0000, 150, 120, 70
L -3111.76, -2736.41, 0.0000, -2933.56, -2736.41, 0.0000, 110, 85, 55
L -3103.76, -2726.41, 0.0000, -2925.56, -2726.41, 0.0000, 150, 120, 70
L -3022.66, -2736.41, 0.0000, -3022.66, -2466.41, 0.0000, 110, 85, 55
L -3014.66, -2726.41, 0.0000, -3014.66, -2456.41, 0.0000, 150, 120, 70
L -2889.56, -2466.41, 0.0000, -2889.56, -2736.41, 0.0000, 110, 85, 55
L -2881.56, -2456.41, 0.0000, -2881.56, -2726.41, 0.0000, 150, 120, 70
L -2711.36, -2466.41, 0.0000, -2711.36, -2736.41, 0.0000, 110, 85, 55
L -2703.36, -2456.41, 0.0000, -2703.36, -2726.41, 0.0000, 150, 120, 70
L -2889.56, -2601.41, 0.0000, -2711.36, -2601.41, 0.0000, 110, 85, 55
L -2881.56, -2591.41, 0.0000, -2703.36, -2591.41, 0.0000, 150, 120, 70
L -2578.26, -2466.41, 0.0000, -2578.26, -2736.41, 0.0000, 110, 85, 55
L -2570.26, -2456.41, 0.0000, -2570.26, -2726.41, 0.0000, 150, 120, 70
L -2631.72, -2736.41, 0.0000, -2524.80, -2736.41, 0.0000, 110, 85, 55
L -2623.72, -2726.41, 0.0000, -2516.80, -2726.41, 0.0000, 150, 120, 70
L -2631.72, -2466.41, 0.0000, -2524.80, -2466.41, 0.0000, 110, 85, 55
L -2623.72, -2456.41, 0.0000, -2516.80, -2456.41, 0.0000, 150, 120, 70
L -2275.87, -2682.41, 0.0000, -2320.42, -2736.41, 0.0000, 110, 85, 55
L -2267.87, -2672.41, 0.0000, -2312.42, -2726.41, 0.0000, 150, 120, 70
L -2320.42, -2736.41, 0.0000, -2400.61, -2736.41, 0.0000, 110, 85, 55
L -2312.42, -2726.41, 0.0000, -2392.61, -2726.41, 0.0000, 150, 120, 70
L -2400.61, -2736.41, 0.0000, -2445.16, -2655.41, 0.0000, 110, 85, 55
L -2392.61, -2726.41, 0.0000, -2437.16, -2645.41, 0.0000, 150, 120, 70
L -2445.16, -2655.41, 0.0000, -2445.16, -2547.41, 0.0000, 110, 85, 55
L -2437.16, -2645.41, 0.0000, -2437.16, -2537.41, 0.0000, 150, 120, 70
L -2445.16, -2547.41, 0.0000, -2400.61, -2466.41, 0.0000, 110, 85, 55
L -2437.16, -2537.41, 0.0000, -2392.61, -2456.41, 0.0000, 150, 120, 70
L -2400.61, -2466.41, 0.0000, -2320.42, -2466.41, 0.0000, 110, 85, 55
L -2392.61, -2456.41, 0.0000, -2312.42, -2456.41, 0.0000, 150, 120, 70
L -2320.42, -2466.41, 0.0000, -2275.87, -2520.41, 0.0000, 110, 85, 55
L -2312.42, -2456.41, 0.0000, -2267.87, -2510.41, 0.0000, 150, 120, 70
L -2178.41, -2466.41, 0.0000, -2089.31, -2466.41, 0.0000, 110, 85, 55
L -2170.41, -2456.41, 0.0000, -2081.31, -2456.41, 0.0000, 150, 120, 70
L -2089.31, -2466.41, 0.0000, -2044.76, -2547.41, 0.0000, 110, 85, 55
L -2081.31, -2456.41, 0.0000, -2036.76, -2537.41, 0.0000, 150, 120, 70
L -2044.76, -2547.41, 0.0000, -2044.76, -2655.41, 0.0000, 110, 85, 55
L -2036.76, -2537.41, 0.0000, -2036.76, -2645.41, 0.0000, 150, 120, 70
L -2044.76, -2655.41, 0.0000, -2089.31, -2736.41, 0.0000, 110, 85, 55
L -2036.76, -2645.41, 0.0000, -2081.31, -2726.41, 0.0000, 150, 120, 70
L -2089.31, -2736.41, 0.0000, -2178.41, -2736.41, 0.0000, 110, 85, 55
L -2081.31, -2726.41, 0.0000, -2170.41, -2726.41, 0.0000, 150, 120, 70
L -2178.41, -2736.41, 0.0000, -2222.96, -2655.41, 0.0000, 110, 85, 55
L -2170.41, -2726.41, 0.0000, -2214.96, -2645.41, 0.0000, 150, 120, 70
L -2222.96, -2655.41, 0.0000, -2222.96, -2547.41, 0.0000, 110, 85, 55
L -2214.96, -2645.41, 0.0000, -2214.96, -2537.41, 0.0000, 150, 120, 70
L -2222.96, -2547.41, 0.0000, -2178.41, -2466.41, 0.0000, 110, 85, 55
L -2214.96, -2537.41, 0.0000, -2170.41, -2456.41, 0.0000, 150, 120, 70
L -2000.76, -2466.41, 0.0000, -2000.76, -2736.41, 0.0000, 110, 85, 55
L -1992.76, -2456.41, 0.0000, -1992.76, -2726.41, 0.0000, 150, 120, 70
L -2000.76, -2736.41, 0.0000, -1876.02, -2736.41, 0.0000, 110, 85, 55
L -1992.76, -2726.41, 0.0000, -1868.02, -2726.41, 0.0000, 150, 120, 70
L -1876.02, -2736.41, 0.0000, -1831.47, -2682.41, 0.0000, 110, 85, 55
L -1868.02, -2726.41, 0.0000, -1823.47, -2672.41, 0.0000, 150, 120, 70
L -1831.47, -2682.41, 0.0000, -1876.02, -2614.91, 0.0000, 110, 85, 55
L -1823.47, -2672.41, 0.0000, -1868.02, -2604.91, 0.0000, 150, 120, 70
L -1876.02, -2614.91, 0.0000, -2000.76, -2614.91, 0.0000, 110, 85, 55
L -1868.02, -2604.91, 0.0000, -1992.76, -2604.91, 0.0000, 150, 120, 70
L -1938.39, -2614.91, 0.0000, -1822.56, -2466.41, 0.0000, 110, 85, 55
L -1930.39, -2604.91, 0.0000, -1814.56, -2456.41, 0.0000, 150, 120, 70
L -1556.36, -2466.41, 0.0000, -1556.36, -2736.41, 0.0000, 110, 85, 55
L -1548.36, -2456.41, 0.0000, -1548.36, -2726.41, 0.0000, 150, 120, 70
L -1556.36, -2736.41, 0.0000, -1378.16, -2736.41, 0.0000, 110, 85, 55
L -1548.36, -2726.41, 0.0000, -1370.16, -2726.41, 0.0000, 150, 120, 70
L -1556.36, -2614.91, 0.0000, -1431.62, -2614.91, 0.0000, 110, 85, 55
L -1548.36, -2604.91, 0.0000, -1423.62, -2604.91, 0.0000, 150, 120, 70
L -1289.61, -2466.41, 0.0000, -1200.51, -2466.41, 0.0000, 110, 85, 55
L -1281.61, -2456.41, 0.0000, -1192.51, -2456.41, 0.0000, 150, 120, 70
L -1200.51, -2466.41, 0.0000, -1155.96, -2547.41, 0.0000, 110, 85, 55
L -1192.51, -2456.41, 0.0000, -1147.96, -2537.41, 0.0000, 150, 120, 70
L -1155.96, -2547.41, 0.0000, -1155.96, -2655.41, 0.0000, 110, 85, 55
L -1147.96, -2537.41, 0.0000, -1147.96, -2645.41, 0.0000, 150, 120, 70
L -1155.96, -2655.41, 0.0000, -1200.51, -2736.41, 0.0000, 110, 85, 55
L -1147.96, -2645.41, 0.0000, -1192.51, -2726.41, 0.0000, 150, 120, 70
L -1200.51, -2736.41, 0.0000, -1289.61, -2736.41, 0.0000, 110, 85, 55
L -1192.51, -2726.41, 0.0000, -1281.61, -2726.41, 0.0000, 150, 120, 70
L -1289.61, -2736.41, 0.0000, -1334.16, -2655.41, 0.0000, 110, 85, 55
L -1281.61, -2726.41, 0.0000, -1326.16, -2645.41, 0.0000, 150, 120, 70
L -1334.16, -2655.41, 0.0000, -1334.16, -2547.41, 0.0000, 110, 85, 55
L -1326.16, -2645.41, 0.0000, -1326.16, -2537.41, 0.0000, 150, 120, 70
L -1334.16, -2547.41, 0.0000, -1289.61, -2466.41, 0.0000, 110, 85, 55
L -1326.16, -2537.41, 0.0000, -1281.61, -2456.41, 0.0000, 150, 120, 70
L -1111.96, -2466.41, 0.0000, -1111.96, -2736.41, 0.0000, 110, 85, 55
L -1103.96, -2456.41, 0.0000, -1103.96, -2726.41, 0.0000, 150, 120, 70
L -1111.96, -2736.41, 0.0000, -987.22, -2736.41, 0.0000, 110, 85, 55
L -1103.96, -2726.41, 0.0000, -979.22, -2726.41, 0.0000, 150, 120, 70
L -987.22, -2736.41, 0.0000, -942.67, -2682.41, 0.0000, 110, 85, 55
L -979.22, -2726.41, 0.0000, -934.67, -2672.41, 0.0000, 150, 120, 70
L -942.67, -2682.41, 0.0000, -987.22, -2614.91, 0.0000, 110, 85, 55
L -934.67, -2672.41, 0.0000, -979.22, -2604.91, 0.0000, 150, 120, 70
L -987.22, -2614.91, 0.0000, -1111.96, -2614.91, 0.0000, 110, 85, 55
L -979.22, -2604.91, 0.0000, -1103.96, -2604.91, 0.0000, 150, 120, 70
L -1049.59, -2614.91, 0.0000, -933.76, -2466.41, 0.0000, 110, 85, 55
L -1041.59, -2604.91, 0.0000, -925.76, -2456.41, 0.0000, 150, 120, 70
L -711.56, -2736.41, 0.0000, -889.76, -2736.41, 0.0000, 110, 85, 55
L -703.56, -2726.41, 0.0000, -881.76, -2726.41, 0.0000, 150, 120, 70
L -889.76, -2736.41, 0.0000, -889.76, -2466.41, 0.0000, 110, 85, 55
L -881.76, -2726.41, 0.0000, -881.76, -2456.41, 0.0000, 150, 120, 70
L -889.76, -2466.41, 0.0000, -711.56, -2466.41, 0.0000, 110, 85, 55
L -881.76, -2456.41, 0.0000, -703.56, -2456.41, 0.0000, 150, 120, 70
L -889.76, -2601.41, 0.0000, -765.02, -2601.41, 0.0000, 110, 85, 55
L -881.76, -2591.41, 0.0000, -757.02, -2591.41, 0.0000, 150, 120, 70
L -489.36, -2695.91, 0.0000, -525.00, -2736.41, 0.0000, 110, 85, 55
L -481.36, -2685.91, 0.0000, -517.00, -2726.41, 0.0000, 150, 120, 70
L -525.00, -2736.41, 0.0000, -631.92, -2736.41, 0.0000, 110, 85, 55
L -517.00, -2726.41, 0.0000, -623.92, -2726.41, 0.0000, 150, 120, 70
L -631.92, -2736.41, 0.0000, -667.56, -2687.81, 0.0000, 110, 85, 55
L -623.92, -2726.41, 0.0000, -659.56, -2677.81, 0.0000, 150, 120, 70
L -667.56, -2687.81, 0.0000, -667.56, -2628.41, 0.0000, 110, 85, 55
L -659.56, -2677.81, 0.0000, -659.56, -2618.41, 0.0000, 150, 120, 70
L -667.56, -2628.41, 0.0000, -631.92, -2601.41, 0.0000, 110, 85, 55
L -659.56, -2618.41, 0.0000, -623.92, -2591.41, 0.0000, 150, 120, 70
L -631.92, -2601.41, 0.0000, -525.00, -2601.41, 0.0000, 110, 85, 55
L -623.92, -2591.41, 0.0000, -517.00, -2591.41, 0.0000, 150, 120, 70
L -525.00, -2601.41, 0.0000, -489.36, -2569.01, 0.0000, 110, 85, 55
L -517.00, -2591.41, 0.0000, -481.36, -2559.01, 0.0000, 150, 120, 70
L -489.36, -2569.01, 0.0000, -489.36, -2509.61, 0.0000, 110, 85, 55
L -481.36, -2559.01, 0.0000, -481.36, -2499.61, 0.0000, 150, 120, 70
L -489.36, -2509.61, 0.0000, -525.00, -2466.41, 0.0000, 110, 85, 55
L -481.36, -2499.61, 0.0000, -517.00, -2456.41, 0.0000, 150, 120, 70
L -525.00, -2466.41, 0.0000, -631.92, -2466.41, 0.0000, 110, 85, 55
L -517.00, -2456.41, 0.0000, -623.92, -2456.41, 0.0000, 150, 120, 70
L -631.92, -2466.41, 0.0000, -667.56, -2509.61, 0.0000, 110, 85, 55
L -623.92, -2456.41, 0.0000, -659.56, -2499.61, 0.0000, 150, 120, 70
L -445.36, -2736.41, 0.0000, -267.16, -2736.41, 0.0000, 110, 85, 55
L -437.36, -2726.41, 0.0000, -259.16, -2726.41, 0.0000, 150, 120, 70
L -356.26, -2736.41, 0.0000, -356.26, -2466.41, 0.0000, 110, 85, 55
L -348.26, -2726.41, 0.0000, -348.26, -2456.41, 0.0000, 150, 120, 70
L -3586.16, -2420.41, 0.0000, -237.16, -2420.41, 0.0000, 150, 120, 70
L -3586.16, -2778.41, 0.0000, -237.16, -2778.41, 0.0000, 150, 120, 70
L 1730.42, -1698.28, 0.0000, 1728.29, -1673.97, 0.0000, 95, 70, 45
L 1728.29, -1673.97, 0.0000, 1721.98, -1650.40, 0.0000, 95, 70, 45
L 1721.98, -1650.40, 0.0000, 1711.66, -1628.28, 0.0000, 95, 70, 45
L 1711.66, -1628.28, 0.0000, 1697.67, -1608.29, 0.0000, 95, 70, 45
L 1697.67, -1608.29, 0.0000, 1680.41, -1591.03, 0.0000, 95, 70, 45
L 1680.41, -1591.03, 0.0000, 1660.42, -1577.04, 0.0000, 95, 70, 45
L 1660.42, -1577.04, 0.0000, 1638.30, -1566.72, 0.0000, 95, 70, 45
L 1638.30, -1566.72, 0.0000, 1614.73, -1560.41, 0.0000, 95, 70, 45
L 1614.73, -1560.41, 0.0000, 1590.42, -1558.28, 0.0000, 95, 70, 45
L 1590.42, -1558.28, 0.0000, 1566.11, -1560.41, 0.0000, 95, 70, 45
L 1566.11, -1560.41, 0.0000, 1542.54, -1566.72, 0.0000, 95, 70, 45
L 1542.54, -1566.72, 0.0000, 1520.42, -1577.04, 0.0000, 95, 70, 45
L 1520.42, -1577.04, 0.0000, 1500.43, -1591.03, 0.0000, 95, 70, 45
L 1500.43, -1591.03, 0.0000, 1483.17, -1608.29, 0.0000, 95, 70, 45
L 1483.17, -1608.29, 0.0000, 1469.18, -1628.28, 0.0000, 95, 70, 45
L 1469.18, -1628.28, 0.0000, 1458.86, -1650.40, 0.0000, 95, 70, 45
L 1458.86, -1650.40, 0.0000, 1452.55, -1673.97, 0.0000, 95, 70, 45
L 1452.55, -1673.97, 0.0000, 1450.42, -1698.28, 0.0000, 95, 70, 45
L 1450.42, -1698.28, 0.0000, 1452.55, -1722.59, 0.0000, 95, 70, 45
L 1452.55, -1722.59, 0.0000, 1458.86, -1746.16, 0.0000, 95, 70, 45
L 1458.86, -1746.16, 0.0000, 1469.18, -1768.28, 0.0000, 95, 70, 45
L 1469.18, -1768.28, 0.0000, 1483.17, -1788.27, 0.0000, 95, 70, 45
L 1483.17, -1788.27, 0.0000, 1500.43, -1805.53, 0.0000, 95, 70, 45
L 1500.43, -1805.53, 0.0000, 1520.42, -1819.52, 0.0000, 95, 70, 45
L 1520.42, -1819.52, 0.0000, 1542.54, -1829.84, 0.0000, 95, 70, 45
L 1542.54, -1829.84, 0.0000, 1566.11, -1836.15, 0.0000, 95, 70, 45
L 1566.11, -1836.15, 0.0000, 1590.42, -1838.28, 0.0000, 95, 70, 45
L 1590.42, -1838.28, 0.0000, 1614.73, -1836.15, 0.0000, 95, 70, 45
L 1614.73, -1836.15, 0.0000, 1638.30, -1829.84, 0.0000, 95, 70, 45
L 1638.30, -1829.84, 0.0000, 1660.42, -1819.52, 0.0000, 95, 70, 45
L 1660.42, -1819.52, 0.0000, 1680.41, -1805.53, 0.0000, 95, 70, 45
L 1680.41, -1805.53, 0.0000, 1697.67, -1788.27, 0.0000, 95, 70, 45
L 1697.67, -1788.27, 0.0000, 1711.66, -1768.28, 0.0000, 95, 70, 45
L 1711.66, -1768.28, 0.0000, 1721.98, -1746.16, 0.0000, 95, 70, 45
L 1721.98, -1746.16, 0.0000, 1728.29, -1722.59, 0.0000, 95, 70, 45
L 1728.29, -1722.59, 0.0000, 1730.42, -1698.28, 0.0000, 95, 70, 45
L 1748.62, -1698.28, 0.0000, 1746.22, -1670.81, 0.0000, 120, 140, 80
L 1746.22, -1670.81, 0.0000, 1739.08, -1644.17, 0.0000, 120, 140, 80
L 1739.08, -1644.17, 0.0000, 1727.43, -1619.18, 0.0000, 120, 140, 80
L 1727.43, -1619.18, 0.0000, 1711.61, -1596.59, 0.0000, 120, 140, 80
L 1711.61, -1596.59, 0.0000, 1692.11, -1577.09, 0.0000, 120, 140, 80
L 1692.11, -1577.09, 0.0000, 1669.52, -1561.27, 0.0000, 120, 140, 80
L 1669.52, -1561.27, 0.0000, 1644.53, -1549.62, 0.0000, 120, 140, 80
L 1644.53, -1549.62, 0.0000, 1617.89, -1542.48, 0.0000, 120, 140, 80
L 1617.89, -1542.48, 0.0000, 1590.42, -1540.08, 0.0000, 120, 140, 80
L 1590.42, -1540.08, 0.0000, 1562.95, -1542.48, 0.0000, 120, 140, 80
L 1562.95, -1542.48, 0.0000, 1536.31, -1549.62, 0.0000, 120, 140, 80
L 1536.31, -1549.62, 0.0000, 1511.32, -1561.27, 0.0000, 120, 140, 80
L 1511.32, -1561.27, 0.0000, 1488.73, -1577.09, 0.0000, 120, 140, 80
L 1488.73, -1577.09, 0.0000, 1469.23, -1596.59, 0.0000, 120, 140, 80
L 1469.23, -1596.59, 0.0000, 1453.42, -1619.18, 0.0000, 120, 140, 80
L 1453.42, -1619.18, 0.0000, 1441.76, -1644.17, 0.0000, 120, 140, 80
L 1441.76, -1644.17, 0.0000, 1434.62, -1670.81, 0.0000, 120, 140, 80
L 1434.62, -1670.81, 0.0000, 1432.22, -1698.28, 0.0000, 120, 140, 80
L 1432.22, -1698.28, 0.0000, 1434.62, -1725.75, 0.0000, 120, 140, 80
L 1434.62, -1725.75, 0.0000, 1441.76, -1752.39, 0.0000, 120, 140, 80
L 1441.76, -1752.39, 0.0000, 1453.42, -1777.38, 0.0000, 120, 140, 80
L 1453.42, -1777.38, 0.0000, 1469.23, -1799.97, 0.0000, 120, 140, 80
L 1469.23, -1799.97, 0.0000, 1488.73, -1819.47, 0.0000, 120, 140, 80
L 1488.73, -1819.47, 0.0000, 1511.32, -1835.29, 0.0000, 120, 140, 80
L 1511.32, -1835.29, 0.0000, 1536.31, -1846.94, 0.0000, 120, 140, 80
L 1536.31, -1846.94, 0.0000, 1562.95, -1854.08, 0.0000, 120, 140, 80
L 1562.95, -1854.08, 0.0000, 1590.42, -1856.48, 0.0000, 120, 140, 80
L 1590.42, -1856.48, 0.0000, 1617.89, -1854.08, 0.0000, 120, 140, 80
L 1617.89, -1854.08, 0.0000, 1644.53, -1846.94, 0.0000, 120, 140, 80
L 1644.53, -1846.94, 0.0000, 1669.52, -1835.29, 0.0000, 120, 140, 80
L 1669.52, -1835.29, 0.0000, 1692.11, -1819.47, 0.0000, 120, 140, 80
L 1692.11, -1819.47, 0.0000, 1711.61, -1799.97, 0.0000, 120, 140, 80
L 1711.61, -1799.97, 0.0000, 1727.43, -1777.38, 0.0000, 120, 140, 80
L 1727.43, -1777.38, 0.0000, 1739.08, -1752.39, 0.0000, 120, 140, 80
L 1739.08, -1752.39, 0.0000, 1746.22, -1725.75, 0.0000, 120, 140, 80
L 1746.22, -1725.75, 0.0000, 1748.62, -1698.28, 0.0000, 120, 140, 80
L 1590.42, -1698.28, 0.0000, 1590.42, -1838.28, 0.0000, 95, 70, 45
L 1590.42, -1698.28, 0.0000, 1649.82, -1757.68, 0.0000, 120, 140, 80
L 1590.42, -1698.28, 0.0000, 1730.42, -1698.28, 0.0000, 95, 70, 45
L 1590.42, -1698.28, 0.0000, 1649.82, -1638.88, 0.0000, 120, 140, 80
L 1590.42, -1698.28, 0.0000, 1590.42, -1558.28, 0.0000, 95, 70, 45
L 1590.42, -1698.28, 0.0000, 1531.02, -1638.88, 0.0000, 120, 140, 80
L 1590.42, -1698.28, 0.0000, 1450.42, -1698.28, 0.0000, 95, 70, 45
L 1590.42, -1698.28, 0.0000, 1531.02, -1757.68, 0.0000, 120, 140, 80
L 1610.58, -1698.28, 0.0000, 1607.88, -1688.20, 0.0000, 215, 165, 75
L 1607.88, -1688.20, 0.0000, 1600.50, -1680.82, 0.0000, 215, 165, 75
L 1600.50, -1680.82, 0.0000, 1590.42, -1678.12, 0.0000, 215, 165, 75
L 1590.42, -1678.12, 0.0000, 1580.34, -1680.82, 0.0000, 215, 165, 75
L 1580.34, -1680.82, 0.0000, 1572.96, -1688.20, 0.0000, 215, 165, 75
L 1572.96, -1688.20, 0.0000, 1570.26, -1698.28, 0.0000, 215, 165, 75
L 1570.26, -1698.28, 0.0000, 1572.96, -1708.36, 0.0000, 215, 165, 75
L 1572.96, -1708.36, 0.0000, 1580.34, -1715.74, 0.0000, 215, 165, 75
L 1580.34, -1715.74, 0.0000, 1590.42, -1718.44, 0.0000, 215, 165, 75
L 1590.42, -1718.44, 0.0000, 1600.50, -1715.74, 0.0000, 215, 165, 75
L 1600.50, -1715.74, 0.0000, 1607.88, -1708.36, 0.0000, 215, 165, 75
L 1607.88, -1708.36, 0.0000, 1610.58, -1698.28, 0.0000, 215, 165, 75
L 1612.82, -1698.28, 0.0000, 1635.22, -1698.28, 0.0000, 215, 165, 75
L 1609.82, -1687.08, 0.0000, 1629.22, -1675.88, 0.0000, 90, 120, 70
L 1601.62, -1678.88, 0.0000, 1612.82, -1659.48, 0.0000, 90, 120, 70
L 1590.42, -1675.88, 0.0000, 1590.42, -1653.48, 0.0000, 215, 165, 75
L 1579.22, -1678.88, 0.0000, 1568.02, -1659.48, 0.0000, 90, 120, 70
L 1571.02, -1687.08, 0.0000, 1551.62, -1675.88, 0.0000, 90, 120, 70
L 1568.02, -1698.28, 0.0000, 1545.62, -1698.28, 0.0000, 215, 165, 75
L 1571.02, -1709.48, 0.0000, 1551.62, -1720.68, 0.0000, 90, 120, 70
L 1579.22, -1717.68, 0.0000, 1568.02, -1737.08, 0.0000, 90, 120, 70
L 1590.42, -1720.68, 0.0000, 1590.42, -1743.08, 0.0000, 215, 165, 75
L 1601.62, -1717.68, 0.0000, 1612.82, -1737.08, 0.0000, 90, 120, 70
L 1609.82, -1709.48, 0.0000, 1629.22, -1720.68, 0.0000, 90, 120, 70
L 1590.42, -1768.28, 0.0000, 1590.42, -1824.28, 0.0000, 95, 70, 45
L 1582.42, -1810.28, 0.0000, 1590.42, -1829.88, 0.0000, 95, 70, 45
L 1598.42, -1810.28, 0.0000, 1590.42, -1829.88, 0.0000, 95, 70, 45
P 1590.42, -1877.48, 0.0000, 95, 70, 45, 3, N
P 1590.42, -1519.08, 0.0000, 95, 70, 45, 1, S
P 1769.62, -1698.28, 0.0000, 95, 70, 45, 1, E
P 1411.22, -1698.28, 0.0000, 95, 70, 45, 1, W
