L -1000.00, -908.62, 0.0000, -1000.00, 521.78, 0.0000, 186, 172, 140
L -800.00, -908.62, 0.0000, -800.00, 521.78, 0.0000, 186, 172, 140
L -600.00, -908.62, 0.0000, -600.00, 521.78, 0.0000, 186, 172, 140
L -400.00, -908.62, 0.0000, -400.00, 521.78, 0.0000, 186, 172, 140
L -200.00, -908.62, 0.0000, -200.00, 521.78, 0.0000, 186, 172, 140
L 0.00, -908.62, 0.0000, 0.00, 521.78, 0.0000, 186, 172, 140
L 200.00, -908.62, 0.0000, 200.00, 521.78, 0.0000, 186, 172, 140
L 400.00, -908.62, 0.0000, 400.00, 521.78, 0.0000, 186, 172, 140
L -1178.53, -600.00, 0.0000, 412.84, -600.00, 0.0000, 186, 172, 140
L -1178.53, -400.00, 0.0000, 412.84, -400.00, 0.0000, 186, 172, 140
L -1178.53, -200.00, 0.0000, 412.84, -200.00, 0.0000, 186, 172, 140
L -1178.53, 0.00, 0.0000, 412.84, 0.00, 0.0000, 186, 172, 140
L -1178.53, 200.00, 0.0000, 412.84, 200.00, 0.0000, 186, 172, 140
L -1178.53, 400.00, 0.0000, 412.84, 400.00, 0.0000, 186, 172, 140
L -1178.53, 521.78, 0.0000, 412.84, 521.78, 0.0000, 186, 172, 140
L -1178.53, -908.62, 0.0000, -1178.53, 521.78, 0.0000, 186, 172, 140
L 412.84, -908.62, 0.0000, 412.84, 521.78, 0.0000, 186, 172, 140
L -1432.53, -1162.62, 0.0000, -1309.04, -1133.12, 0.0000, 120, 96, 54
L -1309.04, -1133.12, 0.0000, -1185.55, -1162.62, 0.0000, 120, 96, 54
L -1185.55, -1162.62, 0.0000, -1062.05, -1134.19, 0.0000, 120, 96, 54
L -1062.05, -1134.19, 0.0000, -938.56, -1162.62, 0.0000, 120, 96, 54
L -938.56, -1162.62, 0.0000, -815.07, -1138.51, 0.0000, 120, 96, 54
L -815.07, -1138.51, 0.0000, -691.58, -1162.62, 0.0000, 120, 96, 54
L -74.11, -1145.84, 0.0000, 49.38, -1162.62, 0.0000, 120, 96, 54
L 49.38, -1162.62, 0.0000, 172.87, -1141.74, 0.0000, 120, 96, 54
L 172.87, -1141.74, 0.0000, 296.36, -1162.62, 0.0000, 120, 96, 54
L 296.36, -1162.62, 0.0000, 419.86, -1143.51, 0.0000, 120, 96, 54
L 419.86, -1143.51, 0.0000, 543.35, -1162.62, 0.0000, 120, 96, 54
L 543.35, -1162.62, 0.0000, 666.84, -1138.94, 0.0000, 120, 96, 54
L 666.84, -1162.62, 0.0000, 648.54, -1041.47, 0.0000, 120, 96, 54
L 648.54, -1041.47, 0.0000, 666.84, -920.32, 0.0000, 120, 96, 54
L 666.84, -920.32, 0.0000, 649.04, -799.17, 0.0000, 120, 96, 54
L 649.04, -799.17, 0.0000, 666.84, -678.02, 0.0000, 120, 96, 54
L 666.84, -678.02, 0.0000, 644.88, -556.87, 0.0000, 120, 96, 54
L 644.88, -556.87, 0.0000, 666.84, -435.72, 0.0000, 120, 96, 54
L 666.84, -435.72, 0.0000, 649.97, -314.57, 0.0000, 120, 96, 54
L 649.97, -314.57, 0.0000, 666.84, -193.42, 0.0000, 120, 96, 54
L 666.84, -193.42, 0.0000, 644.46, -72.27, 0.0000, 120, 96, 54
L 644.46, -72.27, 0.0000, 666.84, 48.88, 0.0000, 120, 96, 54
L 666.84, 48.88, 0.0000, 641.91, 170.03, 0.0000, 120, 96, 54
L 641.91, 170.03, 0.0000, 666.84, 291.18, 0.0000, 120, 96, 54
L 666.84, 291.18, 0.0000, 641.41, 412.33, 0.0000, 120, 96, 54
L 641.41, 412.33, 0.0000, 666.84, 533.48, 0.0000, 120, 96, 54
L 666.84, 533.48, 0.0000, 652.45, 654.63, 0.0000, 120, 96, 54
L 652.45, 654.63, 0.0000, 666.84, 775.78, 0.0000, 120, 96, 54
L 666.84, 775.78, 0.0000, 543.35, 747.27, 0.0000, 120, 96, 54
L 543.35, 747.27, 0.0000, 419.86, 775.78, 0.0000, 120, 96, 54
L 419.86, 775.78, 0.0000, 296.36, 750.96, 0.0000, 120, 96, 54
L 296.36, 750.96, 0.0000, 172.87, 775.78, 0.0000, 120, 96, 54
L 172.87, 775.78, 0.0000, 49.38, 745.93, 0.0000, 120, 96, 54
L 49.38, 745.93, 0.0000, -74.11, 775.78, 0.0000, 120, 96, 54
L -74.11, 775.78, 0.0000, -197.61, 764.45, 0.0000, 120, 96, 54
L -197.61, 764.45, 0.0000, -321.10, 775.78, 0.0000, 120, 96, 54
L -321.10, 775.78, 0.0000, -444.59, 747.29, 0.0000, 120, 96, 54
L -444.59, 747.29, 0.0000, -568.08, 775.78, 0.0000, 120, 96, 54
L -568.08, 775.78, 0.0000, -691.58, 749.25, 0.0000, 120, 96, 54
L -691.58, 749.25, 0.0000, -815.07, 775.78, 0.0000, 120, 96, 54
L -815.07, 775.78, 0.0000, -938.56, 751.42, 0.0000, 120, 96, 54
L -938.56, 751.42, 0.0000, -1062.05, 775.78, 0.0000, 120, 96, 54
L -1062.05, 775.78, 0.0000, -1185.55, 760.42, 0.0000, 120, 96, 54
L -1185.55, 760.42, 0.0000, -1309.04, 775.78, 0.0000, 120, 96, 54
L -1309.04, 775.78, 0.0000, -1432.53, 757.39, 0.0000, 120, 96, 54
L -1432.53, 775.78, 0.0000, -1403.25, 654.63, 0.0000, 120, 96, 54
L -1403.25, 654.63, 0.0000, -1432.53, 533.48, 0.0000, 120, 96, 54
L -1432.53, 533.48, 0.0000, -1403.21, 412.33, 0.0000, 120, 96, 54
L -1403.21, 412.33, 0.0000, -1432.53, 291.18, 0.0000, 120, 96, 54
L -1432.53, 291.18, 0.0000, -1413.65, 170.03, 0.0000, 120, 96, 54
L -1413.65, 170.03, 0.0000, -1432.53, 48.88, 0.0000, 120, 96, 54
L -1432.53, 48.88, 0.0000, -1406.68, -72.27, 0.0000, 120, 96, 54
L -1406.68, -72.27, 0.0000, -1432.53, -193.42, 0.0000, 120, 96, 54
L -1432.53, -193.42, 0.0000, -1402.54, -314.57, 0.0000, 120, 96, 54
L -1402.54, -314.57, 0.0000, -1432.53, -435.72, 0.0000, 120, 96, 54
L -1432.53, -435.72, 0.0000, -1409.38, -556.87, 0.0000, 120, 96, 54
L -1409.38, -556.87, 0.0000, -1432.53, -678.02, 0.0000, 120, 96, 54
L -1432.53, -678.02, 0.0000, -1420.44, -799.17, 0.0000, 120, 96, 54
L -1420.44, -799.17, 0.0000, -1432.53, -920.32, 0.0000, 120, 96, 54
L -1432.53, -920.32, 0.0000, -1417.26, -1041.47, 0.0000, 120, 96, 54
L -1417.26, -1041.47, 0.0000, -1432.53, -1162.62, 0.0000, 120, 96, 54
L -1353.53, -1083.62, 0.0000, -1191.75, -1072.11, 0.0000, 176, 146, 74
L -1191.75, -1072.11, 0.0000, -1029.97, -1083.62, 0.0000, 176, 146, 74
L -1029.97, -1083.62, 0.0000, -868.19, -1066.68, 0.0000, 176, 146, 74
L -868.19, -1066.68, 0.0000, -706.41, -1083.62, 0.0000, 176, 146, 74
L -59.28, -1083.62, 0.0000, 102.50, -1073.21, 0.0000, 176, 146, 74
L 102.50, -1073.21, 0.0000, 264.28, -1083.62, 0.0000, 176, 146, 74
L 264.28, -1083.62, 0.0000, 426.06, -1076.34, 0.0000, 176, 146, 74
L 426.06, -1076.34, 0.0000, 587.84, -1083.62, 0.0000, 176, 146, 74
L 587.84, -1083.62, 0.0000, 579.07, -921.77, 0.0000, 176, 146, 74
L 579.07, -921.77, 0.0000, 587.84, -759.91, 0.0000, 176, 146, 74
L 587.84, -759.91, 0.0000, 578.22, -598.06, 0.0000, 176, 146, 74
L 578.22, -598.06, 0.0000, 587.84, -436.20, 0.0000, 176, 146, 74
L 587.84, -436.20, 0.0000, 574.78, -274.35, 0.0000, 176, 146, 74
L 574.78, -274.35, 0.0000, 587.84, -112.49, 0.0000, 176, 146, 74
L 587.84, -112.49, 0.0000, 577.59, 49.36, 0.0000, 176, 146, 74
L 577.59, 49.36, 0.0000, 587.84, 211.22, 0.0000, 176, 146, 74
L 587.84, 211.22, 0.0000, 578.98, 373.07, 0.0000, 176, 146, 74
L 578.98, 373.07, 0.0000, 587.84, 534.93, 0.0000, 176, 146, 74
L 587.84, 534.93, 0.0000, 578.88, 696.78, 0.0000, 176, 146, 74
L 587.84, 696.78, 0.0000, 426.06, 688.73, 0.0000, 176, 146, 74
L 426.06, 688.73, 0.0000, 264.28, 696.78, 0.0000, 176, 146, 74
L 264.28, 696.78, 0.0000, 102.50, 682.37, 0.0000, 176, 146, 74
L 102.50, 682.37, 0.0000, -59.28, 696.78, 0.0000, 176, 146, 74
L -59.28, 696.78, 0.0000, -221.06, 688.40, 0.0000, 176, 146, 74
L -221.06, 688.40, 0.0000, -382.85, 696.78, 0.0000, 176, 146, 74
L -382.85, 696.78, 0.0000, -544.63, 685.10, 0.0000, 176, 146, 74
L -544.63, 685.10, 0.0000, -706.41, 696.78, 0.0000, 176, 146, 74
L -706.41, 696.78, 0.0000, -868.19, 685.53, 0.0000, 176, 146, 74
L -868.19, 685.53, 0.0000, -1029.97, 696.78, 0.0000, 176, 146, 74
L -1029.97, 696.78, 0.0000, -1191.75, 688.73, 0.0000, 176, 146, 74
L -1191.75, 688.73, 0.0000, -1353.53, 696.78, 0.0000, 176, 146, 74
L -1353.53, 696.78, 0.0000, -1340.47, 534.93, 0.0000, 176, 146, 74
L -1340.47, 534.93, 0.0000, -1353.53, 373.07, 0.0000, 176, 146, 74
L -1353.53, 373.07, 0.0000, -1339.41, 211.22, 0.0000, 176, 146, 74
L -1339.41, 211.22, 0.0000, -1353.53, 49.36, 0.0000, 176, 146, 74
L -1353.53, 49.36, 0.0000, -1345.14, -112.49, 0.0000, 176, 146, 74
L -1345.14, -112.49, 0.0000, -1353.53, -274.35, 0.0000, 176, 146, 74
L -1353.53, -274.35, 0.0000, -1345.16, -436.20, 0.0000, 176, 146, 74
L -1345.16, -436.20, 0.0000, -1353.53, -598.06, 0.0000, 176, 146, 74
L -1353.53, -598.06, 0.0000, -1346.95, -759.91, 0.0000, 176, 146, 74
L -1346.95, -759.91, 0.0000, -1353.53, -921.77, 0.0000, 176, 146, 74
L -1353.53, -921.77, 0.0000, -1347.14, -1083.62, 0.0000, 176, 146, 74
L -649.05, -922.62, 0.0000, -609.45, -922.62, 0.0000, 150, 110, 50
L -641.05, -912.62, 0.0000, -601.45, -912.62, 0.0000, 176, 146, 74
L -609.45, -922.62, 0.0000, -589.64, -958.62, 0.0000, 150, 110, 50
L -601.45, -912.62, 0.0000, -581.64, -948.62, 0.0000, 176, 146, 74
L -589.64, -958.62, 0.0000, -589.64, -1006.62, 0.0000, 150, 110, 50
L -581.64, -948.62, 0.0000, -581.64, -996.62, 0.0000, 176, 146, 74
L -589.64, -1006.62, 0.0000, -609.45, -1042.62, 0.0000, 150, 110, 50
L -581.64, -996.62, 0.0000, -601.45, -1032.62, 0.0000, 176, 146, 74
L -609.45, -1042.62, 0.0000, -649.05, -1042.62, 0.0000, 150, 110, 50
L -601.45, -1032.62, 0.0000, -641.05, -1032.62, 0.0000, 176, 146, 74
L -649.05, -1042.62, 0.0000, -668.85, -1006.62, 0.0000, 150, 110, 50
L -641.05, -1032.62, 0.0000, -660.85, -996.62, 0.0000, 176, 146, 74
L -668.85, -1006.62, 0.0000, -668.85, -958.62, 0.0000, 150, 110, 50
L -660.85, -996.62, 0.0000, -660.85, -948.62, 0.0000, 176, 146, 74
L -668.85, -958.62, 0.0000, -649.05, -922.62, 0.0000, 150, 110, 50
L -660.85, -948.62, 0.0000, -641.05, -912.62, 0.0000, 176, 146, 74
L -470.40, -1018.62, 0.0000, -490.20, -1042.62, 0.0000, 150, 110, 50
L -462.40, -1008.62, 0.0000, -482.20, -1032.62, 0.0000, 176, 146, 74
L -490.20, -1042.62, 0.0000, -525.85, -1042.62, 0.0000, 150, 110, 50
L -482.20, -1032.62, 0.0000, -517.85, -1032.62, 0.0000, 176, 146, 74
L -525.85, -1042.62, 0.0000, -545.64, -1006.62, 0.0000, 150, 110, 50
L -517.85, -1032.62, 0.0000, -537.64, -996.62, 0.0000, 176, 146, 74
L -545.64, -1006.62, 0.0000, -545.64, -958.62, 0.0000, 150, 110, 50
L -537.64, -996.62, 0.0000, -537.64, -948.62, 0.0000, 176, 146, 74
L -545.64, -958.62, 0.0000, -525.85, -922.62, 0.0000, 150, 110, 50
L -537.64, -948.62, 0.0000, -517.85, -912.62, 0.0000, 176, 146, 74
L -525.85, -922.62, 0.0000, -490.20, -922.62, 0.0000, 150, 110, 50
L -517.85, -912.62, 0.0000, -482.20, -912.62, 0.0000, 176, 146, 74
L -490.20, -922.62, 0.0000, -470.40, -952.62, 0.0000, 150, 110, 50
L -482.20, -912.62, 0.0000, -462.40, -942.62, 0.0000, 176, 146, 74
L -470.40, -952.62, 0.0000, -470.40, -976.62, 0.0000, 150, 110, 50
L -462.40, -942.62, 0.0000, -462.40, -966.62, 0.0000, 176, 146, 74
L -470.40, -976.62, 0.0000, -498.12, -976.62, 0.0000, 150, 110, 50
L -462.40, -966.62, 0.0000, -490.12, -966.62, 0.0000, 176, 146, 74
L -347.20, -1018.62, 0.0000, -367.00, -1042.62, 0.0000, 150, 110, 50
L -339.20, -1008.62, 0.0000, -359.00, -1032.62, 0.0000, 176, 146, 74
L -367.00, -1042.62, 0.0000, -402.64, -1042.62, 0.0000, 150, 110, 50
L -359.00, -1032.62, 0.0000, -394.64, -1032.62, 0.0000, 176, 146, 74
L -402.64, -1042.62, 0.0000, -422.44, -1006.62, 0.0000, 150, 110, 50
L -394.64, -1032.62, 0.0000, -414.44, -996.62, 0.0000, 176, 146, 74
L -422.44, -1006.62, 0.0000, -422.44, -958.62, 0.0000, 150, 110, 50
L -414.44, -996.62, 0.0000, -414.44, -948.62, 0.0000, 176, 146, 74
L -422.44, -958.62, 0.0000, -402.64, -922.62, 0.0000, 150, 110, 50
L -414.44, -948.62, 0.0000, -394.64, -912.62, 0.0000, 176, 146, 74
L -402.64, -922.62, 0.0000, -367.00, -922.62, 0.0000, 150, 110, 50
L -394.64, -912.62, 0.0000, -359.00, -912.62, 0.0000, 176, 146, 74
L -367.00, -922.62, 0.0000, -347.20, -952.62, 0.0000, 150, 110, 50
L -359.00, -912.62, 0.0000, -339.20, -942.62, 0.0000, 176, 146, 74
L -347.20, -952.62, 0.0000, -347.20, -976.62, 0.0000, 150, 110, 50
L -339.20, -942.62, 0.0000, -339.20, -966.62, 0.0000, 176, 146, 74
L -347.20, -976.62, 0.0000, -374.93, -976.62, 0.0000, 150, 110, 50
L -339.20, -966.62, 0.0000, -366.93, -966.62, 0.0000, 176, 146, 74
L -279.44, -922.62, 0.0000, -239.84, -922.62, 0.0000, 150, 110, 50
L -271.44, -912.62, 0.0000, -231.84, -912.62, 0.0000, 176, 146, 74
L -239.84, -922.62, 0.0000, -220.05, -958.62, 0.0000, 150, 110, 50
L -231.84, -912.62, 0.0000, -212.05, -948.62, 0.0000, 176, 146, 74
L -220.05, -958.62, 0.0000, -220.05, -1006.62, 0.0000, 150, 110, 50
L -212.05, -948.62, 0.0000, -212.05, -996.62, 0.0000, 176, 146, 74
L -220.05, -1006.62, 0.0000, -239.84, -1042.62, 0.0000, 150, 110, 50
L -212.05, -996.62, 0.0000, -231.84, -1032.62, 0.0000, 176, 146, 74
L -239.84, -1042.62, 0.0000, -279.44, -1042.62, 0.0000, 150, 110, 50
L -231.84, -1032.62, 0.0000, -271.44, -1032.62, 0.0000, 176, 146, 74
L -279.44, -1042.62, 0.0000, -299.25, -1006.62, 0.0000, 150, 110, 50
L -271.44, -1032.62, 0.0000, -291.25, -996.62, 0.0000, 176, 146, 74
L -299.25, -1006.62, 0.0000, -299.25, -958.62, 0.0000, 150, 110, 50
L -291.25, -996.62, 0.0000, -291.25, -948.62, 0.0000, 176, 146, 74
L -299.25, -958.62, 0.0000, -279.44, -922.62, 0.0000, 150, 110, 50
L -291.25, -948.62, 0.0000, -271.44, -912.62, 0.0000, 176, 146, 74
L -176.05, -922.62, 0.0000, -176.05, -1042.62, 0.0000, 150, 110, 50
L -168.05, -912.62, 0.0000, -168.05, -1032.62, 0.0000, 176, 146, 74
L -176.05, -976.62, 0.0000, -108.73, -1042.62, 0.0000, 150, 110, 50
L -168.05, -966.62, 0.0000, -100.73, -1032.62, 0.0000, 176, 146, 74
L -156.25, -988.62, 0.0000, -104.77, -922.62, 0.0000, 150, 110, 50
L -148.25, -978.62, 0.0000, -96.77, -912.62, 0.0000, 176, 146, 74
L -698.85, -876.62, 0.0000, -66.85, -876.62, 0.0000, 176, 146, 74
L -698.85, -1084.62, 0.0000, -66.85, -1084.62, 0.0000, 176, 146, 74
L  362.2700, -969.9800, 0.0000, 361.2100, -957.8200, 0.0000, 120, 96, 54
L  361.2100, -957.8200, 0.0000, 358.0500, -946.0400, 0.0000, 120, 96, 54
L  358.0500, -946.0400, 0.0000, 352.8900, -934.9800, 0.0000, 120, 96, 54
L  352.8900, -934.9800, 0.0000, 345.8900, -924.9800, 0.0000, 120, 96, 54
L  345.8900, -924.9800, 0.0000, 337.2700, -916.3600, 0.0000, 120, 96, 54
L  337.2700, -916.3600, 0.0000, 327.2700, -909.3600, 0.0000, 120, 96, 54
L  327.2700, -909.3600, 0.0000, 316.2100, -904.2000, 0.0000, 120, 96, 54
L  316.2100, -904.2000, 0.0000, 304.4300, -901.0400, 0.0000, 120, 96, 54
L  304.4300, -901.0400, 0.0000, 292.2700, -899.9800, 0.0000, 120, 96, 54
L  292.2700, -899.9800, 0.0000, 280.1100, -901.0400, 0.0000, 120, 96, 54
L  280.1100, -901.0400, 0.0000, 268.3300, -904.2000, 0.0000, 120, 96, 54
L  268.3300, -904.2000, 0.0000, 257.2700, -909.3600, 0.0000, 120, 96, 54
L  257.2700, -909.3600, 0.0000, 247.2700, -916.3600, 0.0000, 120, 96, 54
L  247.2700, -916.3600, 0.0000, 238.6500, -924.9800, 0.0000, 120, 96, 54
L  238.6500, -924.9800, 0.0000, 231.6500, -934.9800, 0.0000, 120, 96, 54
L  231.6500, -934.9800, 0.0000, 226.4900, -946.0400, 0.0000, 120, 96, 54
L  226.4900, -946.0400, 0.0000, 223.3300, -957.8200, 0.0000, 120, 96, 54
L  223.3300, -957.8200, 0.0000, 222.2700, -969.9800, 0.0000, 120, 96, 54
L  222.2700, -969.9800, 0.0000, 223.3300, -982.1400, 0.0000, 120, 96, 54
L  223.3300, -982.1400, 0.0000, 226.4900, -993.9200, 0.0000, 120, 96, 54
L  226.4900, -993.9200, 0.0000, 231.6500, -1004.9800, 0.0000, 120, 96, 54
L  231.6500, -1004.9800, 0.0000, 238.6500, -1014.9800, 0.0000, 120, 96, 54
L  238.6500, -1014.9800, 0.0000, 247.2700, -1023.6000, 0.0000, 120, 96, 54
L  247.2700, -1023.6000, 0.0000, 257.2700, -1030.6000, 0.0000, 120, 96, 54
L  257.2700, -1030.6000, 0.0000, 268.3300, -1035.7600, 0.0000, 120, 96, 54
L  268.3300, -1035.7600, 0.0000, 280.1100, -1038.9200, 0.0000, 120, 96, 54
L  280.1100, -1038.9200, 0.0000, 292.2700, -1039.9800, 0.0000, 120, 96, 54
L  292.2700, -1039.9800, 0.0000, 304.4300, -1038.9200, 0.0000, 120, 96, 54
L  304.4300, -1038.9200, 0.0000, 316.2100, -1035.7600, 0.0000, 120, 96, 54
L  316.2100, -1035.7600, 0.0000, 327.2700, -1030.6000, 0.0000, 120, 96, 54
L  327.2700, -1030.6000, 0.0000, 337.2700, -1023.6000, 0.0000, 120, 96, 54
L  337.2700, -1023.6000, 0.0000, 345.8900, -1014.9800, 0.0000, 120, 96, 54
L  345.8900, -1014.9800, 0.0000, 352.8900, -1004.9800, 0.0000, 120, 96, 54
L  352.8900, -1004.9800, 0.0000, 358.0500, -993.9200, 0.0000, 120, 96, 54
L  358.0500, -993.9200, 0.0000, 361.2100, -982.1400, 0.0000, 120, 96, 54
L  361.2100, -982.1400, 0.0000, 362.2700, -969.9800, 0.0000, 120, 96, 54
L  371.3700, -969.9800, 0.0000, 370.1700, -956.2400, 0.0000, 176, 146, 74
L  370.1700, -956.2400, 0.0000, 366.6000, -942.9300, 0.0000, 176, 146, 74
L  366.6000, -942.9300, 0.0000, 360.7700, -930.4300, 0.0000, 176, 146, 74
L  360.7700, -930.4300, 0.0000, 352.8600, -919.1400, 0.0000, 176, 146, 74
L  352.8600, -919.1400, 0.0000, 343.1100, -909.3900, 0.0000, 176, 146, 74
L  343.1100, -909.3900, 0.0000, 331.8200, -901.4800, 0.0000, 176, 146, 74
L  331.8200, -901.4800, 0.0000, 319.3200, -895.6500, 0.0000, 176, 146, 74
L  319.3200, -895.6500, 0.0000, 306.0100, -892.0800, 0.0000, 176, 146, 74
L  306.0100, -892.0800, 0.0000, 292.2700, -890.8800, 0.0000, 176, 146, 74
L  292.2700, -890.8800, 0.0000, 278.5300, -892.0800, 0.0000, 176, 146, 74
L  278.5300, -892.0800, 0.0000, 265.2200, -895.6500, 0.0000, 176, 146, 74
L  265.2200, -895.6500, 0.0000, 252.7200, -901.4800, 0.0000, 176, 146, 74
L  252.7200, -901.4800, 0.0000, 241.4300, -909.3900, 0.0000, 176, 146, 74
L  241.4300, -909.3900, 0.0000, 231.6800, -919.1400, 0.0000, 176, 146, 74
L  231.6800, -919.1400, 0.0000, 223.7700, -930.4300, 0.0000, 176, 146, 74
L  223.7700, -930.4300, 0.0000, 217.9400, -942.9300, 0.0000, 176, 146, 74
L  217.9400, -942.9300, 0.0000, 214.3700, -956.2400, 0.0000, 176, 146, 74
L  214.3700, -956.2400, 0.0000, 213.1700, -969.9800, 0.0000, 176, 146, 74
L  213.1700, -969.9800, 0.0000, 214.3700, -983.7200, 0.0000, 176, 146, 74
L  214.3700, -983.7200, 0.0000, 217.9400, -997.0300, 0.0000, 176, 146, 74
L  217.9400, -997.0300, 0.0000, 223.7700, -1009.5300, 0.0000, 176, 146, 74
L  223.7700, -1009.5300, 0.0000, 231.6800, -1020.8200, 0.0000, 176, 146, 74
L  231.6800, -1020.8200, 0.0000, 241.4300, -1030.5700, 0.0000, 176, 146, 74
L  241.4300, -1030.5700, 0.0000, 252.7200, -1038.4800, 0.0000, 176, 146, 74
L  252.7200, -1038.4800, 0.0000, 265.2200, -1044.3100, 0.0000, 176, 146, 74
L  265.2200, -1044.3100, 0.0000, 278.5300, -1047.8800, 0.0000, 176, 146, 74
L  278.5300, -1047.8800, 0.0000, 292.2700, -1049.0800, 0.0000, 176, 146, 74
L  292.2700, -1049.0800, 0.0000, 306.0100, -1047.8800, 0.0000, 176, 146, 74
L  306.0100, -1047.8800, 0.0000, 319.3200, -1044.3100, 0.0000, 176, 146, 74
L  319.3200, -1044.3100, 0.0000, 331.8200, -1038.4800, 0.0000, 176, 146, 74
L  331.8200, -1038.4800, 0.0000, 343.1100, -1030.5700, 0.0000, 176, 146, 74
L  343.1100, -1030.5700, 0.0000, 352.8600, -1020.8200, 0.0000, 176, 146, 74
L  352.8600, -1020.8200, 0.0000, 360.7700, -1009.5300, 0.0000, 176, 146, 74
L  360.7700, -1009.5300, 0.0000, 366.6000, -997.0300, 0.0000, 176, 146, 74
L  366.6000, -997.0300, 0.0000, 370.1700, -983.7200, 0.0000, 176, 146, 74
L  370.1700, -983.7200, 0.0000, 371.3700, -969.9800, 0.0000, 176, 146, 74
L  292.2700, -969.9800, 0.0000, 292.2700, -1039.9800, 0.0000, 176, 146, 74
L  292.2700, -969.9800, 0.0000, 321.9700, -999.6800, 0.0000, 186, 172, 140
L  292.2700, -969.9800, 0.0000, 362.2700, -969.9800, 0.0000, 176, 146, 74
L  292.2700, -969.9800, 0.0000, 321.9700, -940.2800, 0.0000, 186, 172, 140
L  292.2700, -969.9800, 0.0000, 292.2700, -899.9800, 0.0000, 176, 146, 74
L  292.2700, -969.9800, 0.0000, 262.5700, -940.2800, 0.0000, 186, 172, 140
L  292.2700, -969.9800, 0.0000, 222.2700, -969.9800, 0.0000, 176, 146, 74
L  292.2700, -969.9800, 0.0000, 262.5700, -999.6800, 0.0000, 186, 172, 140
L  292.2700, -1004.9800, 0.0000, 292.2700, -1032.9800, 0.0000, 150, 110, 50
L  284.2700, -1025.9800, 0.0000, 292.2700, -1035.7800, 0.0000, 150, 110, 50
L  300.2700, -1025.9800, 0.0000, 292.2700, -1035.7800, 0.0000, 150, 110, 50
P 292.2700, -1059.5800, 0.0000, 150, 110, 50, 3, N
P 292.2700, -880.3800, 0.0000, 120, 96, 54, 1, S
P 381.8700, -969.9800, 0.0000, 120, 96, 54, 1, E
P 202.6700, -969.9800, 0.0000, 120, 96, 54, 1, W
