L 225.3053, -2320.7311, 0.0000, 277.2158, -2226.3484, 0.0000, 150, 90, 150
L 277.2158, -2226.3484, 0.0000, 225.3053, -2131.9656, 0.0000, 150, 90, 150
L 225.3053, -2131.9656, 0.0000, 173.3948, -2226.3484, 0.0000, 150, 90, 150
L 173.3948, -2226.3484, 0.0000, 225.3053, -2320.7311, 0.0000, 150, 90, 150
P 385.7559, -2226.3484, 0.0000, 150, 90, 150, 2, Geomancer's_Pass
L -1511.5250, -6262.1069, 0.0000, -1511.5250, -7160.9900, 0.0000, 150, 90, 150
L -1511.5250, -7160.9900, 0.0000, -1403.6590, -6981.2134, 0.0000, 150, 90, 150
L -1511.5250, -7160.9900, 0.0000, -1619.3910, -6981.2134, 0.0000, 150, 90, 150
P -1511.5250, -6078.7814, 0.0000, 150, 90, 150, 4, To_Cyclops's_Fortress
L 1962.1450, -6459.8612, 0.0000, 1962.1450, -7160.9900, 0.0000, 150, 90, 150
L 1962.1450, -7160.9900, 0.0000, 2048.4378, -7017.1687, 0.0000, 150, 90, 150
L 1962.1450, -7160.9900, 0.0000, 1875.8522, -7017.1687, 0.0000, 150, 90, 150
P 1962.1450, -6276.5357, 0.0000, 150, 90, 150, 3, To_Aviak_Village
L 3203.2071, -5686.9998, 0.0000, 3698.9800, -6182.7727, 0.0000, 150, 90, 150
L 3698.9800, -6182.7727, 0.0000, 3658.3012, -6020.0575, 0.0000, 150, 90, 150
L 3698.9800, -6182.7727, 0.0000, 3536.2648, -6142.0939, 0.0000, 150, 90, 150
P 3203.2071, -5503.6743, 0.0000, 150, 90, 150, 3, To_Urglunt's_Wall
L 2800.0969, -3482.6788, 0.0000, 3698.9800, -3482.6788, 0.0000, 150, 90, 150
L 3698.9800, -3482.6788, 0.0000, 3519.2034, -3374.8128, 0.0000, 150, 90, 150
L 3698.9800, -3482.6788, 0.0000, 3519.2034, -3590.5447, 0.0000, 150, 90, 150
P 2800.0969, -3299.3532, 0.0000, 150, 90, 150, 4, To_Sphinx_Pyramid
L 2800.0969, -1030.4712, 0.0000, 3698.9800, -1030.4712, 0.0000, 150, 90, 150
L 3698.9800, -1030.4712, 0.0000, 3519.2034, -922.6053, 0.0000, 150, 90, 150
L 3698.9800, -1030.4712, 0.0000, 3519.2034, -1138.3372, 0.0000, 150, 90, 150
P 2800.0969, -847.1457, 0.0000, 150, 90, 150, 4, To_Urglunt's_Gate
L 2997.8512, 1421.7362, 0.0000, 3698.9800, 1421.7362, 0.0000, 150, 90, 150
L 3698.9800, 1421.7362, 0.0000, 3555.1587, 1508.0290, 0.0000, 150, 90, 150
L 3698.9800, 1421.7362, 0.0000, 3555.1587, 1335.4435, 0.0000, 150, 90, 150
P 2997.8512, 1605.0618, 0.0000, 150, 90, 150, 3, To_Kelinar
L -2752.5871, -5278.2985, 0.0000, -3248.3600, -5774.0715, 0.0000, 150, 90, 150
L -3248.3600, -5774.0715, 0.0000, -3085.6448, -5733.3927, 0.0000, 150, 90, 150
L -3248.3600, -5774.0715, 0.0000, -3207.6812, -5611.3562, 0.0000, 150, 90, 150
P -2752.5871, -5094.9730, 0.0000, 150, 90, 150, 3, To_Stoneclaw
L -2349.4769, -2256.5750, 0.0000, -3248.3600, -2256.5750, 0.0000, 150, 90, 150
L -3248.3600, -2256.5750, 0.0000, -3068.5834, -2364.4410, 0.0000, 150, 90, 150
L -3248.3600, -2256.5750, 0.0000, -3068.5834, -2148.7090, 0.0000, 150, 90, 150
P -2349.4769, -2073.2495, 0.0000, 150, 90, 150, 4, To_Geomancer's_Citadel
L -2612.7537, 695.2318, 0.0000, -3248.3600, 1330.8382, 0.0000, 150, 90, 150
L -3248.3600, 1330.8382, 0.0000, -3197.5115, 1127.4441, 0.0000, 150, 90, 150
L -3248.3600, 1330.8382, 0.0000, -3044.9660, 1279.9897, 0.0000, 150, 90, 150
P -2612.7537, 878.5573, 0.0000, 150, 90, 150, 4, To_Fort_Alliance
L 225.3100, 1946.7112, 0.0000, 225.3100, 2647.8400, 0.0000, 150, 90, 150
L 225.3100, 2647.8400, 0.0000, 139.0172, 2504.0187, 0.0000, 150, 90, 150
L 225.3100, 2647.8400, 0.0000, 311.6028, 2504.0187, 0.0000, 150, 90, 150
P 225.3100, 2130.0367, 0.0000, 150, 90, 150, 3, To_Ogre_Ruins
