L -120.00, -379.84, 0.0000, -120.00, 283.88, 0.0000, 140, 160, 120
L 0.00, -379.84, 0.0000, 0.00, 283.88, 0.0000, 140, 160, 120
L 120.00, -379.84, 0.0000, 120.00, 283.88, 0.0000, 140, 160, 120
L 240.00, -379.84, 0.0000, 240.00, 283.88, 0.0000, 140, 160, 120
L -219.91, -240.00, 0.0000, 294.88, -240.00, 0.0000, 140, 160, 120
L -219.91, -120.00, 0.0000, 294.88, -120.00, 0.0000, 140, 160, 120
L -219.91, 0.00, 0.0000, 294.88, 0.00, 0.0000, 140, 160, 120
L -219.91, 120.00, 0.0000, 294.88, 120.00, 0.0000, 140, 160, 120
L -219.91, 240.00, 0.0000, 294.88, 240.00, 0.0000, 140, 160, 120
L -219.91, 283.88, 0.0000, 294.88, 283.88, 0.0000, 140, 160, 120
L -219.91, -379.84, 0.0000, -219.91, 283.88, 0.0000, 140, 160, 120
L 294.88, -379.84, 0.0000, 294.88, 283.88, 0.0000, 140, 160, 120
L -369.91, -529.84, 0.0000, -234.11, -502.08, 0.0000, 60, 90, 50
L -234.11, -502.08, 0.0000, -98.31, -529.84, 0.0000, 60, 90, 50
L -98.31, -529.84, 0.0000, 37.48, -518.65, 0.0000, 60, 90, 50
L 37.48, -518.65, 0.0000, 173.28, -529.84, 0.0000, 60, 90, 50
L 173.28, -529.84, 0.0000, 309.08, -511.63, 0.0000, 60, 90, 50
L 309.08, -511.63, 0.0000, 444.88, -529.84, 0.0000, 60, 90, 50
L 444.88, -529.84, 0.0000, 430.60, -409.38, 0.0000, 60, 90, 50
L 430.60, -409.38, 0.0000, 444.88, -288.91, 0.0000, 60, 90, 50
L 444.88, -288.91, 0.0000, 432.96, -168.45, 0.0000, 60, 90, 50
L 432.96, -168.45, 0.0000, 444.88, -47.98, 0.0000, 60, 90, 50
L 444.88, -47.98, 0.0000, 432.42, 72.48, 0.0000, 60, 90, 50
L 432.42, 72.48, 0.0000, 444.88, 192.95, 0.0000, 60, 90, 50
L 444.88, 192.95, 0.0000, 427.16, 313.41, 0.0000, 60, 90, 50
L 427.16, 313.41, 0.0000, 444.88, 433.88, 0.0000, 60, 90, 50
L 444.88, 433.88, 0.0000, 309.08, 422.55, 0.0000, 60, 90, 50
L 309.08, 422.55, 0.0000, 173.28, 433.88, 0.0000, 60, 90, 50
L 173.28, 433.88, 0.0000, 37.48, 408.68, 0.0000, 60, 90, 50
L 37.48, 408.68, 0.0000, -98.31, 433.88, 0.0000, 60, 90, 50
L -98.31, 433.88, 0.0000, -234.11, 413.50, 0.0000, 60, 90, 50
L -234.11, 413.50, 0.0000, -369.91, 433.88, 0.0000, 60, 90, 50
L -369.91, 433.88, 0.0000, -350.16, 313.41, 0.0000, 60, 90, 50
L -350.16, 313.41, 0.0000, -369.91, 192.95, 0.0000, 60, 90, 50
L -369.91, 192.95, 0.0000, -343.10, 72.48, 0.0000, 60, 90, 50
L -343.10, 72.48, 0.0000, -369.91, -47.98, 0.0000, 60, 90, 50
L -369.91, -47.98, 0.0000, -352.25, -168.45, 0.0000, 60, 90, 50
L -352.25, -168.45, 0.0000, -369.91, -288.91, 0.0000, 60, 90, 50
L -369.91, -288.91, 0.0000, -350.82, -409.38, 0.0000, 60, 90, 50
L -350.82, -409.38, 0.0000, -369.91, -529.84, 0.0000, 60, 90, 50
L -336.91, -496.84, 0.0000, -149.71, -484.91, 0.0000, 120, 170, 90
L -149.71, -484.91, 0.0000, 37.48, -496.84, 0.0000, 120, 170, 90
L 37.48, -496.84, 0.0000, 224.68, -489.66, 0.0000, 120, 170, 90
L 224.68, -489.66, 0.0000, 411.88, -496.84, 0.0000, 120, 170, 90
L 411.88, -496.84, 0.0000, 399.48, -317.30, 0.0000, 120, 170, 90
L 399.48, -317.30, 0.0000, 411.88, -137.76, 0.0000, 120, 170, 90
L 411.88, -137.76, 0.0000, 401.69, 41.79, 0.0000, 120, 170, 90
L 401.69, 41.79, 0.0000, 411.88, 221.33, 0.0000, 120, 170, 90
L 411.88, 221.33, 0.0000, 404.04, 400.88, 0.0000, 120, 170, 90
L 411.88, 400.88, 0.0000, 224.68, 384.94, 0.0000, 120, 170, 90
L 224.68, 384.94, 0.0000, 37.48, 400.88, 0.0000, 120, 170, 90
L 37.48, 400.88, 0.0000, -149.71, 393.37, 0.0000, 120, 170, 90
L -149.71, 393.37, 0.0000, -336.91, 400.88, 0.0000, 120, 170, 90
L -336.91, 400.88, 0.0000, -321.99, 221.33, 0.0000, 120, 170, 90
L -321.99, 221.33, 0.0000, -336.91, 41.79, 0.0000, 120, 170, 90
L -336.91, 41.79, 0.0000, -331.03, -137.76, 0.0000, 120, 170, 90
L -331.03, -137.76, 0.0000, -336.91, -317.30, 0.0000, 120, 170, 90
L -336.91, -317.30, 0.0000, -324.46, -496.84, 0.0000, 120, 170, 90
L -189.91, -351.89, 0.0000, -189.91, -409.84, 0.0000, 60, 100, 50
L -181.91, -341.89, 0.0000, -181.91, -399.84, 0.0000, 120, 170, 90
L -189.91, -409.84, 0.0000, -163.13, -409.84, 0.0000, 60, 100, 50
L -181.91, -399.84, 0.0000, -155.13, -399.84, 0.0000, 120, 170, 90
L -163.13, -409.84, 0.0000, -153.57, -398.25, 0.0000, 60, 100, 50
L -155.13, -399.84, 0.0000, -145.57, -388.25, 0.0000, 120, 170, 90
L -153.57, -398.25, 0.0000, -163.13, -383.76, 0.0000, 60, 100, 50
L -145.57, -388.25, 0.0000, -155.13, -373.76, 0.0000, 120, 170, 90
L -163.13, -383.76, 0.0000, -189.91, -383.76, 0.0000, 60, 100, 50
L -155.13, -373.76, 0.0000, -181.91, -373.76, 0.0000, 120, 170, 90
L -176.52, -383.76, 0.0000, -151.65, -351.89, 0.0000, 60, 100, 50
L -168.52, -373.76, 0.0000, -143.65, -341.89, 0.0000, 120, 170, 90
L -130.40, -409.84, 0.0000, -130.40, -363.48, 0.0000, 60, 100, 50
L -122.40, -399.84, 0.0000, -122.40, -353.48, 0.0000, 120, 170, 90
L -130.40, -363.48, 0.0000, -122.75, -351.89, 0.0000, 60, 100, 50
L -122.40, -353.48, 0.0000, -114.75, -341.89, 0.0000, 120, 170, 90
L -122.75, -351.89, 0.0000, -99.80, -351.89, 0.0000, 60, 100, 50
L -114.75, -341.89, 0.0000, -91.80, -341.89, 0.0000, 120, 170, 90
L -99.80, -351.89, 0.0000, -92.15, -363.48, 0.0000, 60, 100, 50
L -91.80, -341.89, 0.0000, -84.15, -353.48, 0.0000, 120, 170, 90
L -92.15, -363.48, 0.0000, -92.15, -409.84, 0.0000, 60, 100, 50
L -84.15, -353.48, 0.0000, -84.15, -399.84, 0.0000, 120, 170, 90
L -70.90, -351.89, 0.0000, -70.90, -409.84, 0.0000, 60, 100, 50
L -62.90, -341.89, 0.0000, -62.90, -399.84, 0.0000, 120, 170, 90
L -70.90, -409.84, 0.0000, -32.65, -351.89, 0.0000, 60, 100, 50
L -62.90, -399.84, 0.0000, -24.65, -341.89, 0.0000, 120, 170, 90
L -32.65, -351.89, 0.0000, -32.65, -409.84, 0.0000, 60, 100, 50
L -24.65, -341.89, 0.0000, -24.65, -399.84, 0.0000, 120, 170, 90
L -11.39, -351.89, 0.0000, -11.39, -409.84, 0.0000, 60, 100, 50
L -3.39, -341.89, 0.0000, -3.39, -399.84, 0.0000, 120, 170, 90
L -11.39, -409.84, 0.0000, 26.86, -351.89, 0.0000, 60, 100, 50
L -3.39, -399.84, 0.0000, 34.86, -341.89, 0.0000, 120, 170, 90
L 26.86, -351.89, 0.0000, 26.86, -409.84, 0.0000, 60, 100, 50
L 34.86, -341.89, 0.0000, 34.86, -399.84, 0.0000, 120, 170, 90
L 48.11, -409.84, 0.0000, 67.24, -380.86, 0.0000, 60, 100, 50
L 56.11, -399.84, 0.0000, 75.24, -370.86, 0.0000, 120, 170, 90
L 67.24, -380.86, 0.0000, 86.36, -409.84, 0.0000, 60, 100, 50
L 75.24, -370.86, 0.0000, 94.36, -399.84, 0.0000, 120, 170, 90
L 67.24, -380.86, 0.0000, 67.24, -351.89, 0.0000, 60, 100, 50
L 75.24, -370.86, 0.0000, 75.24, -341.89, 0.0000, 120, 170, 90
L 145.87, -409.84, 0.0000, 107.61, -409.84, 0.0000, 60, 100, 50
L 153.87, -399.84, 0.0000, 115.61, -399.84, 0.0000, 120, 170, 90
L 107.61, -409.84, 0.0000, 107.61, -351.89, 0.0000, 60, 100, 50
L 115.61, -399.84, 0.0000, 115.61, -341.89, 0.0000, 120, 170, 90
L 107.61, -351.89, 0.0000, 145.87, -351.89, 0.0000, 60, 100, 50
L 115.61, -341.89, 0.0000, 153.87, -341.89, 0.0000, 120, 170, 90
L 107.61, -380.86, 0.0000, 134.39, -380.86, 0.0000, 60, 100, 50
L 115.61, -370.86, 0.0000, 142.39, -370.86, 0.0000, 120, 170, 90
L 167.12, -409.84, 0.0000, 186.24, -380.86, 0.0000, 60, 100, 50
L 175.12, -399.84, 0.0000, 194.24, -370.86, 0.0000, 120, 170, 90
L 186.24, -380.86, 0.0000, 205.37, -409.84, 0.0000, 60, 100, 50
L 194.24, -370.86, 0.0000, 213.37, -399.84, 0.0000, 120, 170, 90
L 186.24, -380.86, 0.0000, 186.24, -351.89, 0.0000, 60, 100, 50
L 194.24, -370.86, 0.0000, 194.24, -341.89, 0.0000, 120, 170, 90
L 264.88, -409.84, 0.0000, 226.62, -409.84, 0.0000, 60, 100, 50
L 272.88, -399.84, 0.0000, 234.62, -399.84, 0.0000, 120, 170, 90
L 226.62, -409.84, 0.0000, 226.62, -351.89, 0.0000, 60, 100, 50
L 234.62, -399.84, 0.0000, 234.62, -341.89, 0.0000, 120, 170, 90
L 226.62, -351.89, 0.0000, 264.88, -351.89, 0.0000, 60, 100, 50
L 234.62, -341.89, 0.0000, 272.88, -341.89, 0.0000, 120, 170, 90
L 226.62, -380.86, 0.0000, 253.40, -380.86, 0.0000, 60, 100, 50
L 234.62, -370.86, 0.0000, 261.40, -370.86, 0.0000, 120, 170, 90
L -219.91, -305.89, 0.0000, 294.88, -305.89, 0.0000, 120, 170, 90
L -219.91, -451.84, 0.0000, 294.88, -451.84, 0.0000, 120, 170, 90
L  -224.1356, 325.9131, 0.0000, -224.7826, 333.3291, 0.0000, 60, 90, 50
L  -224.7826, 333.3291, 0.0000, -226.7113, 340.5254, 0.0000, 60, 90, 50
L  -226.7113, 340.5254, 0.0000, -229.8547, 347.2760, 0.0000, 60, 90, 50
L  -229.8547, 347.2760, 0.0000, -234.1273, 353.3736, 0.0000, 60, 90, 50
L  -234.1273, 353.3736, 0.0000, -239.3948, 358.6411, 0.0000, 60, 90, 50
L  -239.3948, 358.6411, 0.0000, -245.4985, 362.9137, 0.0000, 60, 90, 50
L  -245.4985, 362.9137, 0.0000, -252.2431, 366.0571, 0.0000, 60, 90, 50
L  -252.2431, 366.0571, 0.0000, -259.4393, 367.9859, 0.0000, 60, 90, 50
L  -259.4393, 367.9859, 0.0000, -266.8614, 368.6390, 0.0000, 60, 90, 50
L  -266.8614, 368.6390, 0.0000, -274.2774, 367.9859, 0.0000, 60, 90, 50
L  -274.2774, 367.9859, 0.0000, -281.4736, 366.0571, 0.0000, 60, 90, 50
L  -281.4736, 366.0571, 0.0000, -288.2243, 362.9137, 0.0000, 60, 90, 50
L  -288.2243, 362.9137, 0.0000, -294.3219, 358.6411, 0.0000, 60, 90, 50
L  -294.3219, 358.6411, 0.0000, -299.5894, 353.3736, 0.0000, 60, 90, 50
L  -299.5894, 353.3736, 0.0000, -303.8620, 347.2760, 0.0000, 60, 90, 50
L  -303.8620, 347.2760, 0.0000, -307.0054, 340.5254, 0.0000, 60, 90, 50
L  -307.0054, 340.5254, 0.0000, -308.9341, 333.3291, 0.0000, 60, 90, 50
L  -308.9341, 333.3291, 0.0000, -309.5872, 325.9131, 0.0000, 60, 90, 50
L  -309.5872, 325.9131, 0.0000, -308.9341, 318.4910, 0.0000, 60, 90, 50
L  -308.9341, 318.4910, 0.0000, -307.0054, 311.2948, 0.0000, 60, 90, 50
L  -307.0054, 311.2948, 0.0000, -303.8620, 304.5502, 0.0000, 60, 90, 50
L  -303.8620, 304.5502, 0.0000, -299.5894, 298.4465, 0.0000, 60, 90, 50
L  -299.5894, 298.4465, 0.0000, -294.3219, 293.1790, 0.0000, 60, 90, 50
L  -294.3219, 293.1790, 0.0000, -288.2243, 288.9065, 0.0000, 60, 90, 50
L  -288.2243, 288.9065, 0.0000, -281.4736, 285.7631, 0.0000, 60, 90, 50
L  -281.4736, 285.7631, 0.0000, -274.2774, 283.8343, 0.0000, 60, 90, 50
L  -274.2774, 283.8343, 0.0000, -266.8614, 283.1873, 0.0000, 60, 90, 50
L  -266.8614, 283.1873, 0.0000, -259.4393, 283.8343, 0.0000, 60, 90, 50
L  -259.4393, 283.8343, 0.0000, -252.2431, 285.7631, 0.0000, 60, 90, 50
L  -252.2431, 285.7631, 0.0000, -245.4985, 288.9065, 0.0000, 60, 90, 50
L  -245.4985, 288.9065, 0.0000, -239.3948, 293.1790, 0.0000, 60, 90, 50
L  -239.3948, 293.1790, 0.0000, -234.1273, 298.4465, 0.0000, 60, 90, 50
L  -234.1273, 298.4465, 0.0000, -229.8547, 304.5502, 0.0000, 60, 90, 50
L  -229.8547, 304.5502, 0.0000, -226.7113, 311.2948, 0.0000, 60, 90, 50
L  -226.7113, 311.2948, 0.0000, -224.7826, 318.4910, 0.0000, 60, 90, 50
L  -224.7826, 318.4910, 0.0000, -224.1356, 325.9131, 0.0000, 60, 90, 50
L  -218.5812, 325.9131, 0.0000, -219.3137, 334.2935, 0.0000, 120, 170, 90
L  -219.3137, 334.2935, 0.0000, -221.4927, 342.4236, 0.0000, 120, 170, 90
L  -221.4927, 342.4236, 0.0000, -225.0450, 350.0532, 0.0000, 120, 170, 90
L  -225.0450, 350.0532, 0.0000, -229.8730, 356.9443, 0.0000, 120, 170, 90
L  -229.8730, 356.9443, 0.0000, -235.8241, 362.8954, 0.0000, 120, 170, 90
L  -235.8241, 362.8954, 0.0000, -242.7213, 367.7234, 0.0000, 120, 170, 90
L  -242.7213, 367.7234, 0.0000, -250.3448, 371.2757, 0.0000, 120, 170, 90
L  -250.3448, 371.2757, 0.0000, -258.4749, 373.4548, 0.0000, 120, 170, 90
L  -258.4749, 373.4548, 0.0000, -266.8614, 374.1933, 0.0000, 120, 170, 90
L  -266.8614, 374.1933, 0.0000, -275.2418, 373.4548, 0.0000, 120, 170, 90
L  -275.2418, 373.4548, 0.0000, -283.3719, 371.2757, 0.0000, 120, 170, 90
L  -283.3719, 371.2757, 0.0000, -291.0015, 367.7234, 0.0000, 120, 170, 90
L  -291.0015, 367.7234, 0.0000, -297.8926, 362.8954, 0.0000, 120, 170, 90
L  -297.8926, 362.8954, 0.0000, -303.8437, 356.9443, 0.0000, 120, 170, 90
L  -303.8437, 356.9443, 0.0000, -308.6717, 350.0532, 0.0000, 120, 170, 90
L  -308.6717, 350.0532, 0.0000, -312.2301, 342.4236, 0.0000, 120, 170, 90
L  -312.2301, 342.4236, 0.0000, -314.4030, 334.2935, 0.0000, 120, 170, 90
L  -314.4030, 334.2935, 0.0000, -315.1416, 325.9131, 0.0000, 120, 170, 90
L  -315.1416, 325.9131, 0.0000, -314.4030, 317.5267, 0.0000, 120, 170, 90
L  -314.4030, 317.5267, 0.0000, -312.2301, 309.3965, 0.0000, 120, 170, 90
L  -312.2301, 309.3965, 0.0000, -308.6717, 301.7730, 0.0000, 120, 170, 90
L  -308.6717, 301.7730, 0.0000, -303.8437, 294.8759, 0.0000, 120, 170, 90
L  -303.8437, 294.8759, 0.0000, -297.8926, 288.9248, 0.0000, 120, 170, 90
L  -297.8926, 288.9248, 0.0000, -291.0015, 284.0968, 0.0000, 120, 170, 90
L  -291.0015, 284.0968, 0.0000, -283.3719, 280.5444, 0.0000, 120, 170, 90
L  -283.3719, 280.5444, 0.0000, -275.2418, 278.3654, 0.0000, 120, 170, 90
L  -275.2418, 278.3654, 0.0000, -266.8614, 277.6268, 0.0000, 120, 170, 90
L  -266.8614, 277.6268, 0.0000, -258.4749, 278.3654, 0.0000, 120, 170, 90
L  -258.4749, 278.3654, 0.0000, -250.3448, 280.5444, 0.0000, 120, 170, 90
L  -250.3448, 280.5444, 0.0000, -242.7213, 284.0968, 0.0000, 120, 170, 90
L  -242.7213, 284.0968, 0.0000, -235.8241, 288.9248, 0.0000, 120, 170, 90
L  -235.8241, 288.9248, 0.0000, -229.8730, 294.8759, 0.0000, 120, 170, 90
L  -229.8730, 294.8759, 0.0000, -225.0450, 301.7669, 0.0000, 120, 170, 90
L  -225.0450, 301.7669, 0.0000, -221.4927, 309.3965, 0.0000, 120, 170, 90
L  -221.4927, 309.3965, 0.0000, -219.3137, 317.5267, 0.0000, 120, 170, 90
L  -219.3137, 317.5267, 0.0000, -218.5812, 325.9131, 0.0000, 120, 170, 90
L  -266.8614, 325.9131, 0.0000, -266.8614, 283.1873, 0.0000, 120, 170, 90
L  -266.8614, 325.9131, 0.0000, -248.7334, 307.7852, 0.0000, 140, 160, 120
L  -266.8614, 325.9131, 0.0000, -224.1356, 325.9131, 0.0000, 120, 170, 90
L  -266.8614, 325.9131, 0.0000, -248.7334, 344.0350, 0.0000, 140, 160, 120
L  -266.8614, 325.9131, 0.0000, -266.8614, 368.6390, 0.0000, 120, 170, 90
L  -266.8614, 325.9131, 0.0000, -284.9833, 344.0350, 0.0000, 140, 160, 120
L  -266.8614, 325.9131, 0.0000, -309.5872, 325.9131, 0.0000, 120, 170, 90
L  -266.8614, 325.9131, 0.0000, -284.9833, 307.7852, 0.0000, 140, 160, 120
L  -266.8614, 304.5502, 0.0000, -266.8614, 287.4599, 0.0000, 60, 100, 50
L  -271.7444, 291.7325, 0.0000, -266.8614, 285.7447, 0.0000, 60, 100, 50
L  -261.9784, 291.7325, 0.0000, -266.8614, 285.7447, 0.0000, 60, 100, 50
P -266.8614, 271.2180, 0.0000, 60, 100, 50, 3, N
P -266.8614, 380.6022, 0.0000, 60, 90, 50, 1, S
P -212.1723, 325.9132, 0.0000, 60, 90, 50, 1, E
P -321.5504, 325.9132, 0.0000, 60, 90, 50, 1, W
