L 0.00, -89.00, 0.0000, 0.00, 1090.00, 0.0000, 168, 120, 90
L 160.00, -89.00, 0.0000, 160.00, 1090.00, 0.0000, 168, 120, 90
L 320.00, -89.00, 0.0000, 320.00, 1090.00, 0.0000, 168, 120, 90
L 480.00, -89.00, 0.0000, 480.00, 1090.00, 0.0000, 168, 120, 90
L 640.00, -89.00, 0.0000, 640.00, 1090.00, 0.0000, 168, 120, 90
L 800.00, -89.00, 0.0000, 800.00, 1090.00, 0.0000, 168, 120, 90
L 960.00, -89.00, 0.0000, 960.00, 1090.00, 0.0000, 168, 120, 90
L 1120.00, -89.00, 0.0000, 1120.00, 1090.00, 0.0000, 168, 120, 90
L -28.00, 160.00, 0.0000, 1214.00, 160.00, 0.0000, 168, 120, 90
L -28.00, 320.00, 0.0000, 1214.00, 320.00, 0.0000, 168, 120, 90
L -28.00, 480.00, 0.0000, 1214.00, 480.00, 0.0000, 168, 120, 90
L -28.00, 640.00, 0.0000, 1214.00, 640.00, 0.0000, 168, 120, 90
L -28.00, 800.00, 0.0000, 1214.00, 800.00, 0.0000, 168, 120, 90
L -28.00, 960.00, 0.0000, 1214.00, 960.00, 0.0000, 168, 120, 90
L -28.00, 1090.00, 0.0000, 1214.00, 1090.00, 0.0000, 168, 120, 90
L -28.00, -89.00, 0.0000, -28.00, 1090.00, 0.0000, 168, 120, 90
L 1214.00, -89.00, 0.0000, 1214.00, 1090.00, 0.0000, 168, 120, 90
L -226.00, -287.00, 0.0000, -100.00, -257.73, 0.0000, 96, 50, 28
L -100.00, -257.73, 0.0000, 26.00, -287.00, 0.0000, 96, 50, 28
L 26.00, -287.00, 0.0000, 152.00, -258.21, 0.0000, 96, 50, 28
L 152.00, -258.21, 0.0000, 278.00, -287.00, 0.0000, 96, 50, 28
L 278.00, -287.00, 0.0000, 404.00, -271.57, 0.0000, 96, 50, 28
L 404.00, -271.57, 0.0000, 530.00, -287.00, 0.0000, 96, 50, 28
L 530.00, -287.00, 0.0000, 656.00, -266.59, 0.0000, 96, 50, 28
L 656.00, -266.59, 0.0000, 782.00, -287.00, 0.0000, 96, 50, 28
L 782.00, -287.00, 0.0000, 908.00, -257.35, 0.0000, 96, 50, 28
L 908.00, -257.35, 0.0000, 1034.00, -287.00, 0.0000, 96, 50, 28
L 1034.00, -287.00, 0.0000, 1160.00, -261.27, 0.0000, 96, 50, 28
L 1160.00, -261.27, 0.0000, 1286.00, -287.00, 0.0000, 96, 50, 28
L 1286.00, -287.00, 0.0000, 1412.00, -271.99, 0.0000, 96, 50, 28
L 1412.00, -287.00, 0.0000, 1390.10, -165.85, 0.0000, 96, 50, 28
L 1390.10, -165.85, 0.0000, 1412.00, -44.69, 0.0000, 96, 50, 28
L 1412.00, -44.69, 0.0000, 1385.88, 76.46, 0.0000, 96, 50, 28
L 1385.88, 76.46, 0.0000, 1412.00, 197.62, 0.0000, 96, 50, 28
L 1412.00, 197.62, 0.0000, 1400.66, 318.77, 0.0000, 96, 50, 28
L 1400.66, 318.77, 0.0000, 1412.00, 439.92, 0.0000, 96, 50, 28
L 1412.00, 439.92, 0.0000, 1398.93, 561.08, 0.0000, 96, 50, 28
L 1398.93, 561.08, 0.0000, 1412.00, 682.23, 0.0000, 96, 50, 28
L 1412.00, 682.23, 0.0000, 1383.19, 803.38, 0.0000, 96, 50, 28
L 1383.19, 803.38, 0.0000, 1412.00, 924.54, 0.0000, 96, 50, 28
L 1412.00, 924.54, 0.0000, 1388.91, 1045.69, 0.0000, 96, 50, 28
L 1388.91, 1045.69, 0.0000, 1412.00, 1166.85, 0.0000, 96, 50, 28
L 1412.00, 1166.85, 0.0000, 1384.47, 1288.00, 0.0000, 96, 50, 28
L 1412.00, 1288.00, 0.0000, 1286.00, 1272.28, 0.0000, 96, 50, 28
L 1286.00, 1272.28, 0.0000, 1160.00, 1288.00, 0.0000, 96, 50, 28
L 1160.00, 1288.00, 0.0000, 1034.00, 1266.54, 0.0000, 96, 50, 28
L 1034.00, 1266.54, 0.0000, 908.00, 1288.00, 0.0000, 96, 50, 28
L 908.00, 1288.00, 0.0000, 782.00, 1269.68, 0.0000, 96, 50, 28
L 782.00, 1269.68, 0.0000, 656.00, 1288.00, 0.0000, 96, 50, 28
L 656.00, 1288.00, 0.0000, 530.00, 1275.40, 0.0000, 96, 50, 28
L 530.00, 1275.40, 0.0000, 404.00, 1288.00, 0.0000, 96, 50, 28
L 404.00, 1288.00, 0.0000, 278.00, 1273.94, 0.0000, 96, 50, 28
L 278.00, 1273.94, 0.0000, 152.00, 1288.00, 0.0000, 96, 50, 28
L 152.00, 1288.00, 0.0000, 26.00, 1275.66, 0.0000, 96, 50, 28
L 26.00, 1275.66, 0.0000, -100.00, 1288.00, 0.0000, 96, 50, 28
L -100.00, 1288.00, 0.0000, -226.00, 1262.34, 0.0000, 96, 50, 28
L -226.00, 1288.00, 0.0000, -213.30, 1166.85, 0.0000, 96, 50, 28
L -213.30, 1166.85, 0.0000, -226.00, 1045.69, 0.0000, 96, 50, 28
L -226.00, 1045.69, 0.0000, -215.16, 924.54, 0.0000, 96, 50, 28
L -215.16, 924.54, 0.0000, -226.00, 803.38, 0.0000, 96, 50, 28
L -226.00, 803.38, 0.0000, -202.45, 682.23, 0.0000, 96, 50, 28
L -202.45, 682.23, 0.0000, -226.00, 561.08, 0.0000, 96, 50, 28
L -226.00, 561.08, 0.0000, -210.10, 439.92, 0.0000, 96, 50, 28
L -210.10, 439.92, 0.0000, -226.00, 318.77, 0.0000, 96, 50, 28
L -226.00, 318.77, 0.0000, -200.15, 197.62, 0.0000, 96, 50, 28
L -200.15, 197.62, 0.0000, -226.00, 76.46, 0.0000, 96, 50, 28
L -226.00, 76.46, 0.0000, -199.34, -44.69, 0.0000, 96, 50, 28
L -199.34, -44.69, 0.0000, -226.00, -165.85, 0.0000, 96, 50, 28
L -226.00, -165.85, 0.0000, -202.07, -287.00, 0.0000, 96, 50, 28
L 1350.00, -225.00, 0.0000, 1343.65, -63.78, 0.0000, 216, 92, 30
L 1343.65, -63.78, 0.0000, 1350.00, 97.44, 0.0000, 216, 92, 30
L 1350.00, 97.44, 0.0000, 1337.53, 258.67, 0.0000, 216, 92, 30
L 1337.53, 258.67, 0.0000, 1350.00, 419.89, 0.0000, 216, 92, 30
L 1350.00, 419.89, 0.0000, 1337.79, 581.11, 0.0000, 216, 92, 30
L 1337.79, 581.11, 0.0000, 1350.00, 742.33, 0.0000, 216, 92, 30
L 1350.00, 742.33, 0.0000, 1336.12, 903.56, 0.0000, 216, 92, 30
L 1336.12, 903.56, 0.0000, 1350.00, 1064.78, 0.0000, 216, 92, 30
L 1350.00, 1064.78, 0.0000, 1340.84, 1226.00, 0.0000, 216, 92, 30
L 1350.00, 1226.00, 0.0000, 1181.78, 1214.43, 0.0000, 216, 92, 30
L 1181.78, 1214.43, 0.0000, 1013.56, 1226.00, 0.0000, 216, 92, 30
L 1013.56, 1226.00, 0.0000, 845.33, 1214.27, 0.0000, 216, 92, 30
L 845.33, 1214.27, 0.0000, 677.11, 1226.00, 0.0000, 216, 92, 30
L 677.11, 1226.00, 0.0000, 508.89, 1211.03, 0.0000, 216, 92, 30
L 508.89, 1211.03, 0.0000, 340.67, 1226.00, 0.0000, 216, 92, 30
L 340.67, 1226.00, 0.0000, 172.44, 1209.92, 0.0000, 216, 92, 30
L 172.44, 1209.92, 0.0000, 4.22, 1226.00, 0.0000, 216, 92, 30
L 4.22, 1226.00, 0.0000, -164.00, 1220.09, 0.0000, 216, 92, 30
L -164.00, 1226.00, 0.0000, -148.73, 1064.78, 0.0000, 216, 92, 30
L -148.73, 1064.78, 0.0000, -164.00, 903.56, 0.0000, 216, 92, 30
L -164.00, 903.56, 0.0000, -157.09, 742.33, 0.0000, 216, 92, 30
L -157.09, 742.33, 0.0000, -164.00, 581.11, 0.0000, 216, 92, 30
L -164.00, 581.11, 0.0000, -150.74, 419.89, 0.0000, 216, 92, 30
L -150.74, 419.89, 0.0000, -164.00, 258.67, 0.0000, 216, 92, 30
L -164.00, 258.67, 0.0000, -152.53, 97.44, 0.0000, 216, 92, 30
L -152.53, 97.44, 0.0000, -164.00, -63.78, 0.0000, 216, 92, 30
L -164.00, -63.78, 0.0000, -151.68, -225.00, 0.0000, 216, 92, 30
L 24.56, -150.96, 0.0000, 10.45, -167.00, 0.0000, 184, 70, 22
L 32.56, -140.96, 0.0000, 18.45, -157.00, 0.0000, 216, 92, 30
L 10.45, -167.00, 0.0000, -31.89, -167.00, 0.0000, 184, 70, 22
L 18.45, -157.00, 0.0000, -23.89, -157.00, 0.0000, 216, 92, 30
L -31.89, -167.00, 0.0000, -46.00, -147.76, 0.0000, 184, 70, 22
L -23.89, -157.00, 0.0000, -38.00, -137.76, 0.0000, 216, 92, 30
L -46.00, -147.76, 0.0000, -46.00, -124.23, 0.0000, 184, 70, 22
L -38.00, -137.76, 0.0000, -38.00, -114.23, 0.0000, 216, 92, 30
L -46.00, -124.23, 0.0000, -31.89, -113.54, 0.0000, 184, 70, 22
L -38.00, -114.23, 0.0000, -23.89, -103.54, 0.0000, 216, 92, 30
L -31.89, -113.54, 0.0000, 10.45, -113.54, 0.0000, 184, 70, 22
L -23.89, -103.54, 0.0000, 18.45, -103.54, 0.0000, 216, 92, 30
L 10.45, -113.54, 0.0000, 24.56, -100.71, 0.0000, 184, 70, 22
L 18.45, -103.54, 0.0000, 32.56, -90.71, 0.0000, 216, 92, 30
L 24.56, -100.71, 0.0000, 24.56, -77.19, 0.0000, 184, 70, 22
L 32.56, -90.71, 0.0000, 32.56, -67.19, 0.0000, 216, 92, 30
L 24.56, -77.19, 0.0000, 10.45, -60.08, 0.0000, 184, 70, 22
L 32.56, -67.19, 0.0000, 18.45, -50.08, 0.0000, 216, 92, 30
L 10.45, -60.08, 0.0000, -31.89, -60.08, 0.0000, 184, 70, 22
L 18.45, -50.08, 0.0000, -23.89, -50.08, 0.0000, 216, 92, 30
L -31.89, -60.08, 0.0000, -46.00, -77.19, 0.0000, 184, 70, 22
L -23.89, -50.08, 0.0000, -38.00, -67.19, 0.0000, 216, 92, 30
L 81.41, -60.08, 0.0000, 116.69, -60.08, 0.0000, 184, 70, 22
L 89.41, -50.08, 0.0000, 124.69, -50.08, 0.0000, 216, 92, 30
L 116.69, -60.08, 0.0000, 134.33, -92.16, 0.0000, 184, 70, 22
L 124.69, -50.08, 0.0000, 142.33, -82.16, 0.0000, 216, 92, 30
L 134.33, -92.16, 0.0000, 134.33, -134.93, 0.0000, 184, 70, 22
L 142.33, -82.16, 0.0000, 142.33, -124.93, 0.0000, 216, 92, 30
L 134.33, -134.93, 0.0000, 116.69, -167.00, 0.0000, 184, 70, 22
L 142.33, -124.93, 0.0000, 124.69, -157.00, 0.0000, 216, 92, 30
L 116.69, -167.00, 0.0000, 81.41, -167.00, 0.0000, 184, 70, 22
L 124.69, -157.00, 0.0000, 89.41, -157.00, 0.0000, 216, 92, 30
L 81.41, -167.00, 0.0000, 63.77, -134.93, 0.0000, 184, 70, 22
L 89.41, -157.00, 0.0000, 71.77, -124.93, 0.0000, 216, 92, 30
L 63.77, -134.93, 0.0000, 63.77, -92.16, 0.0000, 184, 70, 22
L 71.77, -124.93, 0.0000, 71.77, -82.16, 0.0000, 216, 92, 30
L 63.77, -92.16, 0.0000, 81.41, -60.08, 0.0000, 184, 70, 22
L 71.77, -82.16, 0.0000, 89.41, -50.08, 0.0000, 216, 92, 30
L 173.53, -167.00, 0.0000, 173.53, -60.08, 0.0000, 184, 70, 22
L 181.53, -157.00, 0.0000, 181.53, -50.08, 0.0000, 216, 92, 30
L 173.53, -60.08, 0.0000, 229.99, -60.08, 0.0000, 184, 70, 22
L 181.53, -50.08, 0.0000, 237.99, -50.08, 0.0000, 216, 92, 30
L 283.30, -167.00, 0.0000, 283.30, -81.47, 0.0000, 184, 70, 22
L 291.30, -157.00, 0.0000, 291.30, -71.47, 0.0000, 216, 92, 30
L 283.30, -81.47, 0.0000, 297.41, -60.08, 0.0000, 184, 70, 22
L 291.30, -71.47, 0.0000, 305.41, -50.08, 0.0000, 216, 92, 30
L 297.41, -60.08, 0.0000, 339.75, -60.08, 0.0000, 184, 70, 22
L 305.41, -50.08, 0.0000, 347.75, -50.08, 0.0000, 216, 92, 30
L 339.75, -60.08, 0.0000, 353.87, -81.47, 0.0000, 184, 70, 22
L 347.75, -50.08, 0.0000, 361.87, -71.47, 0.0000, 216, 92, 30
L 353.87, -81.47, 0.0000, 353.87, -167.00, 0.0000, 184, 70, 22
L 361.87, -71.47, 0.0000, 361.87, -157.00, 0.0000, 216, 92, 30
L 463.63, -150.96, 0.0000, 449.52, -167.00, 0.0000, 184, 70, 22
L 471.63, -140.96, 0.0000, 457.52, -157.00, 0.0000, 216, 92, 30
L 449.52, -167.00, 0.0000, 407.18, -167.00, 0.0000, 184, 70, 22
L 457.52, -157.00, 0.0000, 415.18, -157.00, 0.0000, 216, 92, 30
L 407.18, -167.00, 0.0000, 393.07, -147.76, 0.0000, 184, 70, 22
L 415.18, -157.00, 0.0000, 401.07, -137.76, 0.0000, 216, 92, 30
L 393.07, -147.76, 0.0000, 393.07, -124.23, 0.0000, 184, 70, 22
L 401.07, -137.76, 0.0000, 401.07, -114.23, 0.0000, 216, 92, 30
L 393.07, -124.23, 0.0000, 407.18, -113.54, 0.0000, 184, 70, 22
L 401.07, -114.23, 0.0000, 415.18, -103.54, 0.0000, 216, 92, 30
L 407.18, -113.54, 0.0000, 449.52, -113.54, 0.0000, 184, 70, 22
L 415.18, -103.54, 0.0000, 457.52, -103.54, 0.0000, 216, 92, 30
L 449.52, -113.54, 0.0000, 463.63, -100.71, 0.0000, 184, 70, 22
L 457.52, -103.54, 0.0000, 471.63, -90.71, 0.0000, 216, 92, 30
L 463.63, -100.71, 0.0000, 463.63, -77.19, 0.0000, 184, 70, 22
L 471.63, -90.71, 0.0000, 471.63, -67.19, 0.0000, 216, 92, 30
L 463.63, -77.19, 0.0000, 449.52, -60.08, 0.0000, 184, 70, 22
L 471.63, -67.19, 0.0000, 457.52, -50.08, 0.0000, 216, 92, 30
L 449.52, -60.08, 0.0000, 407.18, -60.08, 0.0000, 184, 70, 22
L 457.52, -50.08, 0.0000, 415.18, -50.08, 0.0000, 216, 92, 30
L 407.18, -60.08, 0.0000, 393.07, -77.19, 0.0000, 184, 70, 22
L 415.18, -50.08, 0.0000, 401.07, -67.19, 0.0000, 216, 92, 30
L 573.40, -167.00, 0.0000, 502.83, -167.00, 0.0000, 184, 70, 22
L 581.40, -157.00, 0.0000, 510.83, -157.00, 0.0000, 216, 92, 30
L 502.83, -167.00, 0.0000, 502.83, -60.08, 0.0000, 184, 70, 22
L 510.83, -157.00, 0.0000, 510.83, -50.08, 0.0000, 216, 92, 30
L 502.83, -60.08, 0.0000, 573.40, -60.08, 0.0000, 184, 70, 22
L 510.83, -50.08, 0.0000, 581.40, -50.08, 0.0000, 216, 92, 30
L 502.83, -113.54, 0.0000, 552.23, -113.54, 0.0000, 184, 70, 22
L 510.83, -103.54, 0.0000, 560.23, -103.54, 0.0000, 216, 92, 30
L 612.60, -60.08, 0.0000, 612.60, -167.00, 0.0000, 184, 70, 22
L 620.60, -50.08, 0.0000, 620.60, -157.00, 0.0000, 216, 92, 30
L 612.60, -108.20, 0.0000, 672.58, -167.00, 0.0000, 184, 70, 22
L 620.60, -98.20, 0.0000, 680.58, -157.00, 0.0000, 216, 92, 30
L 630.24, -118.89, 0.0000, 676.11, -60.08, 0.0000, 184, 70, 22
L 638.24, -108.89, 0.0000, 684.11, -50.08, 0.0000, 216, 92, 30
L 792.93, -150.96, 0.0000, 778.82, -167.00, 0.0000, 184, 70, 22
L 800.93, -140.96, 0.0000, 786.82, -157.00, 0.0000, 216, 92, 30
L 778.82, -167.00, 0.0000, 736.48, -167.00, 0.0000, 184, 70, 22
L 786.82, -157.00, 0.0000, 744.48, -157.00, 0.0000, 216, 92, 30
L 736.48, -167.00, 0.0000, 722.37, -147.76, 0.0000, 184, 70, 22
L 744.48, -157.00, 0.0000, 730.37, -137.76, 0.0000, 216, 92, 30
L 722.37, -147.76, 0.0000, 722.37, -124.23, 0.0000, 184, 70, 22
L 730.37, -137.76, 0.0000, 730.37, -114.23, 0.0000, 216, 92, 30
L 722.37, -124.23, 0.0000, 736.48, -113.54, 0.0000, 184, 70, 22
L 730.37, -114.23, 0.0000, 744.48, -103.54, 0.0000, 216, 92, 30
L 736.48, -113.54, 0.0000, 778.82, -113.54, 0.0000, 184, 70, 22
L 744.48, -103.54, 0.0000, 786.82, -103.54, 0.0000, 216, 92, 30
L 778.82, -113.54, 0.0000, 792.93, -100.71, 0.0000, 184, 70, 22
L 786.82, -103.54, 0.0000, 800.93, -90.71, 0.0000, 216, 92, 30
L 792.93, -100.71, 0.0000, 792.93, -77.19, 0.0000, 184, 70, 22
L 800.93, -90.71, 0.0000, 800.93, -67.19, 0.0000, 216, 92, 30
L 792.93, -77.19, 0.0000, 778.82, -60.08, 0.0000, 184, 70, 22
L 800.93, -67.19, 0.0000, 786.82, -50.08, 0.0000, 216, 92, 30
L 778.82, -60.08, 0.0000, 736.48, -60.08, 0.0000, 184, 70, 22
L 786.82, -50.08, 0.0000, 744.48, -50.08, 0.0000, 216, 92, 30
L 736.48, -60.08, 0.0000, 722.37, -77.19, 0.0000, 184, 70, 22
L 744.48, -50.08, 0.0000, 730.37, -67.19, 0.0000, 216, 92, 30
L 1012.47, -167.00, 0.0000, 941.90, -167.00, 0.0000, 184, 70, 22
L 1020.47, -157.00, 0.0000, 949.90, -157.00, 0.0000, 216, 92, 30
L 941.90, -167.00, 0.0000, 941.90, -60.08, 0.0000, 184, 70, 22
L 949.90, -157.00, 0.0000, 949.90, -50.08, 0.0000, 216, 92, 30
L 941.90, -60.08, 0.0000, 1012.47, -60.08, 0.0000, 184, 70, 22
L 949.90, -50.08, 0.0000, 1020.47, -50.08, 0.0000, 216, 92, 30
L 941.90, -113.54, 0.0000, 991.30, -113.54, 0.0000, 184, 70, 22
L 949.90, -103.54, 0.0000, 999.30, -103.54, 0.0000, 216, 92, 30
L 1051.67, -167.00, 0.0000, 1086.95, -113.54, 0.0000, 184, 70, 22
L 1059.67, -157.00, 0.0000, 1094.95, -103.54, 0.0000, 216, 92, 30
L 1086.95, -113.54, 0.0000, 1122.23, -167.00, 0.0000, 184, 70, 22
L 1094.95, -103.54, 0.0000, 1130.23, -157.00, 0.0000, 216, 92, 30
L 1086.95, -113.54, 0.0000, 1086.95, -60.08, 0.0000, 184, 70, 22
L 1094.95, -103.54, 0.0000, 1094.95, -50.08, 0.0000, 216, 92, 30
L 1232.00, -167.00, 0.0000, 1161.44, -167.00, 0.0000, 184, 70, 22
L 1240.00, -157.00, 0.0000, 1169.44, -157.00, 0.0000, 216, 92, 30
L 1161.44, -167.00, 0.0000, 1161.44, -60.08, 0.0000, 184, 70, 22
L 1169.44, -157.00, 0.0000, 1169.44, -50.08, 0.0000, 216, 92, 30
L 1161.44, -60.08, 0.0000, 1232.00, -60.08, 0.0000, 184, 70, 22
L 1169.44, -50.08, 0.0000, 1240.00, -50.08, 0.0000, 216, 92, 30
L 1161.44, -113.54, 0.0000, 1210.83, -113.54, 0.0000, 184, 70, 22
L 1169.44, -103.54, 0.0000, 1218.83, -103.54, 0.0000, 216, 92, 30
L -76.00, -14.08, 0.0000, 1262.00, -14.08, 0.0000, 216, 92, 30
L -76.00, -209.00, 0.0000, 1262.00, -209.00, 0.0000, 216, 92, 30
L -26.00, 1158.00, 0.0000, -27.06, 1170.16, 0.0000, 96, 50, 28
L -27.06, 1170.16, 0.0000, -30.22, 1181.94, 0.0000, 96, 50, 28
L -30.22, 1181.94, 0.0000, -35.38, 1193.00, 0.0000, 96, 50, 28
L -35.38, 1193.00, 0.0000, -42.38, 1203.00, 0.0000, 96, 50, 28
L -42.38, 1203.00, 0.0000, -51.00, 1211.62, 0.0000, 96, 50, 28
L -51.00, 1211.62, 0.0000, -61.00, 1218.62, 0.0000, 96, 50, 28
L -61.00, 1218.62, 0.0000, -72.06, 1223.78, 0.0000, 96, 50, 28
L -72.06, 1223.78, 0.0000, -83.84, 1226.94, 0.0000, 96, 50, 28
L -83.84, 1226.94, 0.0000, -96.00, 1228.00, 0.0000, 96, 50, 28
L -96.00, 1228.00, 0.0000, -108.16, 1226.94, 0.0000, 96, 50, 28
L -108.16, 1226.94, 0.0000, -119.94, 1223.78, 0.0000, 96, 50, 28
L -119.94, 1223.78, 0.0000, -131.00, 1218.62, 0.0000, 96, 50, 28
L -131.00, 1218.62, 0.0000, -141.00, 1211.62, 0.0000, 96, 50, 28
L -141.00, 1211.62, 0.0000, -149.62, 1203.00, 0.0000, 96, 50, 28
L -149.62, 1203.00, 0.0000, -156.62, 1193.00, 0.0000, 96, 50, 28
L -156.62, 1193.00, 0.0000, -161.78, 1181.94, 0.0000, 96, 50, 28
L -161.78, 1181.94, 0.0000, -164.94, 1170.16, 0.0000, 96, 50, 28
L -164.94, 1170.16, 0.0000, -166.00, 1158.00, 0.0000, 96, 50, 28
L -166.00, 1158.00, 0.0000, -164.94, 1145.84, 0.0000, 96, 50, 28
L -164.94, 1145.84, 0.0000, -161.78, 1134.06, 0.0000, 96, 50, 28
L -161.78, 1134.06, 0.0000, -156.62, 1123.00, 0.0000, 96, 50, 28
L -156.62, 1123.00, 0.0000, -149.62, 1113.00, 0.0000, 96, 50, 28
L -149.62, 1113.00, 0.0000, -141.00, 1104.38, 0.0000, 96, 50, 28
L -141.00, 1104.38, 0.0000, -131.00, 1097.38, 0.0000, 96, 50, 28
L -131.00, 1097.38, 0.0000, -119.94, 1092.22, 0.0000, 96, 50, 28
L -119.94, 1092.22, 0.0000, -108.16, 1089.06, 0.0000, 96, 50, 28
L -108.16, 1089.06, 0.0000, -96.00, 1088.00, 0.0000, 96, 50, 28
L -96.00, 1088.00, 0.0000, -83.84, 1089.06, 0.0000, 96, 50, 28
L -83.84, 1089.06, 0.0000, -72.06, 1092.22, 0.0000, 96, 50, 28
L -72.06, 1092.22, 0.0000, -61.00, 1097.38, 0.0000, 96, 50, 28
L -61.00, 1097.38, 0.0000, -51.00, 1104.38, 0.0000, 96, 50, 28
L -51.00, 1104.38, 0.0000, -42.38, 1113.00, 0.0000, 96, 50, 28
L -42.38, 1113.00, 0.0000, -35.38, 1123.00, 0.0000, 96, 50, 28
L -35.38, 1123.00, 0.0000, -30.22, 1134.06, 0.0000, 96, 50, 28
L -30.22, 1134.06, 0.0000, -27.06, 1145.84, 0.0000, 96, 50, 28
L -27.06, 1145.84, 0.0000, -26.00, 1158.00, 0.0000, 96, 50, 28
L -16.90, 1158.00, 0.0000, -18.10, 1171.74, 0.0000, 216, 92, 30
L -18.10, 1171.74, 0.0000, -21.67, 1185.05, 0.0000, 216, 92, 30
L -21.67, 1185.05, 0.0000, -27.50, 1197.55, 0.0000, 216, 92, 30
L -27.50, 1197.55, 0.0000, -35.41, 1208.84, 0.0000, 216, 92, 30
L -35.41, 1208.84, 0.0000, -45.16, 1218.59, 0.0000, 216, 92, 30
L -45.16, 1218.59, 0.0000, -56.45, 1226.50, 0.0000, 216, 92, 30
L -56.45, 1226.50, 0.0000, -68.95, 1232.33, 0.0000, 216, 92, 30
L -68.95, 1232.33, 0.0000, -82.26, 1235.90, 0.0000, 216, 92, 30
L -82.26, 1235.90, 0.0000, -96.00, 1237.10, 0.0000, 216, 92, 30
L -96.00, 1237.10, 0.0000, -109.74, 1235.90, 0.0000, 216, 92, 30
L -109.74, 1235.90, 0.0000, -123.05, 1232.33, 0.0000, 216, 92, 30
L -123.05, 1232.33, 0.0000, -135.55, 1226.50, 0.0000, 216, 92, 30
L -135.55, 1226.50, 0.0000, -146.84, 1218.59, 0.0000, 216, 92, 30
L -146.84, 1218.59, 0.0000, -156.59, 1208.84, 0.0000, 216, 92, 30
L -156.59, 1208.84, 0.0000, -164.50, 1197.55, 0.0000, 216, 92, 30
L -164.50, 1197.55, 0.0000, -170.33, 1185.05, 0.0000, 216, 92, 30
L -170.33, 1185.05, 0.0000, -173.90, 1171.74, 0.0000, 216, 92, 30
L -173.90, 1171.74, 0.0000, -175.10, 1158.00, 0.0000, 216, 92, 30
L -175.10, 1158.00, 0.0000, -173.90, 1144.26, 0.0000, 216, 92, 30
L -173.90, 1144.26, 0.0000, -170.33, 1130.95, 0.0000, 216, 92, 30
L -170.33, 1130.95, 0.0000, -164.50, 1118.45, 0.0000, 216, 92, 30
L -164.50, 1118.45, 0.0000, -156.59, 1107.16, 0.0000, 216, 92, 30
L -156.59, 1107.16, 0.0000, -146.84, 1097.41, 0.0000, 216, 92, 30
L -146.84, 1097.41, 0.0000, -135.55, 1089.50, 0.0000, 216, 92, 30
L -135.55, 1089.50, 0.0000, -123.05, 1083.67, 0.0000, 216, 92, 30
L -123.05, 1083.67, 0.0000, -109.74, 1080.10, 0.0000, 216, 92, 30
L -109.74, 1080.10, 0.0000, -96.00, 1078.90, 0.0000, 216, 92, 30
L -96.00, 1078.90, 0.0000, -82.26, 1080.10, 0.0000, 216, 92, 30
L -82.26, 1080.10, 0.0000, -68.95, 1083.67, 0.0000, 216, 92, 30
L -68.95, 1083.67, 0.0000, -56.45, 1089.50, 0.0000, 216, 92, 30
L -56.45, 1089.50, 0.0000, -45.16, 1097.41, 0.0000, 216, 92, 30
L -45.16, 1097.41, 0.0000, -35.41, 1107.16, 0.0000, 216, 92, 30
L -35.41, 1107.16, 0.0000, -27.50, 1118.45, 0.0000, 216, 92, 30
L -27.50, 1118.45, 0.0000, -21.67, 1130.95, 0.0000, 216, 92, 30
L -21.67, 1130.95, 0.0000, -18.10, 1144.26, 0.0000, 216, 92, 30
L -18.10, 1144.26, 0.0000, -16.90, 1158.00, 0.0000, 216, 92, 30
L -96.00, 1158.00, 0.0000, -96.00, 1088.00, 0.0000, 216, 92, 30
L -96.00, 1158.00, 0.0000, -66.30, 1128.30, 0.0000, 168, 120, 90
L -96.00, 1158.00, 0.0000, -26.00, 1158.00, 0.0000, 216, 92, 30
L -96.00, 1158.00, 0.0000, -66.30, 1187.70, 0.0000, 168, 120, 90
L -96.00, 1158.00, 0.0000, -96.00, 1228.00, 0.0000, 216, 92, 30
L -96.00, 1158.00, 0.0000, -125.70, 1187.70, 0.0000, 168, 120, 90
L -96.00, 1158.00, 0.0000, -166.00, 1158.00, 0.0000, 216, 92, 30
L -96.00, 1158.00, 0.0000, -125.70, 1128.30, 0.0000, 168, 120, 90
L -96.00, 1173.68, 0.0000, -104.96, 1158.00, 0.0000, 216, 92, 30
L -104.96, 1158.00, 0.0000, -96.00, 1140.08, 0.0000, 216, 92, 30
L -96.00, 1140.08, 0.0000, -87.04, 1158.00, 0.0000, 216, 92, 30
L -87.04, 1158.00, 0.0000, -96.00, 1173.68, 0.0000, 216, 92, 30
L -96.00, 1169.20, 0.0000, -100.48, 1158.00, 0.0000, 168, 120, 90
L -100.48, 1158.00, 0.0000, -96.00, 1150.16, 0.0000, 168, 120, 90
L -96.00, 1150.16, 0.0000, -91.52, 1158.00, 0.0000, 168, 120, 90
L -91.52, 1158.00, 0.0000, -96.00, 1169.20, 0.0000, 168, 120, 90
L -96.00, 1123.00, 0.0000, -96.00, 1095.00, 0.0000, 184, 70, 22
L -104.00, 1102.00, 0.0000, -96.00, 1092.20, 0.0000, 184, 70, 22
L -88.00, 1102.00, 0.0000, -96.00, 1092.20, 0.0000, 184, 70, 22
P -96.00, 1068.40, 0.0000, 184, 70, 22, 3, N
P -96.00, 1247.60, 0.0000, 96, 50, 28, 1, S
P -6.40, 1158.00, 0.0000, 96, 50, 28, 1, E
P -185.60, 1158.00, 0.0000, 96, 50, 28, 1, W
